163 0 0 0 0 4
178 0 0 0 0 4
193 0 0 0 0 4
208 0 3 0 0 4
223 0 3 0 0 4
240 0 3 0 0 4
243 0 3 0 0 4
258 0 0 0 0 4
273 0 3 3 0 4
288 0 3 3 0 4
303 0 3 3 0 4
318 0 3 3 0 4
333 0 0 3 0 4
348 0 3 0 3 4
363 3 0 0 3 4
378 3 0 0 0 4
397 3 0 3 0 4
400 3 0 3 0 4
415 3 0 3 0 4
430 3 0 3 0 4
445 3 0 0 0 4
460 0 0 3 0 4
475 3 0 3 0 4
490 3 0 3 0 4
501 3 0 0 3 4
504 3 0 0 0 4
519 3 0 0 3 4
534 0 0 0 3 4
549 3 0 0 3 4
564 3 0 3 0 4
569 3 0 3 0 4
572 3 0 3 0 4
587 3 0 3 0 4
602 3 0 3 0 4
617 3 0 3 0 4
632 3 0 3 0 4
647 3 0 3 0 4
662 3 0 3 0 4
677 3 0 3 0 4
692 3 0 3 0 4
707 3 0 3 0 4
722 0 0 3 0 4
737 0 3 0 3 4
749 0 3 0 0 4
752 0 0 0 0 4
767 0 0 0 0 4
782 0 0 0 0 4
797 0 0 0 3 4
812 0 0 0 0 4
827 0 0 0 0 4
842 0 0 0 0 4
857 0 0 0 0 4
872 0 0 0 0 4
881 0 0 3 0 4
884 0 0 3 0 4
899 0 3 3 0 4
914 0 3 0 0 4
929 0 3 3 0 4
944 3 0 0 3 4
959 3 0 0 0 4
973 3 0 0 0 4
976 3 0 0 0 4
991 3 0 3 0 4
1006 3 0 3 0 4
1021 3 0 3 0 4
1036 3 0 0 3 4
1052 3 0 0 0 4
1055 3 0 0 3 4
1070 3 0 0 3 4
1085 3 0 0 3 4
1099 0 0 0 0 4
1102 3 0 0 0 4
1117 3 0 3 0 4
1132 3 0 0 0 4
1147 3 0 3 0 4
1162 0 0 3 0 4
1177 0 0 3 0 4
1192 0 0 3 0 4
1207 0 0 3 0 4
1222 0 0 3 0 4
1237 0 0 3 0 4
1247 0 0 0 3 4
1250 0 0 0 3 4
1265 0 0 0 0 4
1280 0 0 0 0 4
1295 0 0 0 0 4
1310 0 0 0 0 4
1325 0 0 0 0 4
1340 0 0 0 0 4
1358 0 0 0 0 4
