43 0 0 0 0 4
58 0 0 0 0 4
73 0 0 0 0 4
88 0 0 0 0 4
103 0 0 0 3 4
118 0 0 0 0 4
129 0 0 0 0 4
132 0 0 3 0 4
147 0 3 0 0 4
162 0 3 0 0 4
177 0 3 0 0 4
192 0 3 0 0 4
207 3 0 0 0 4
222 3 0 0 3 4
237 3 0 0 0 4
252 3 0 0 0 4
267 3 0 0 0 4
286 3 0 0 0 4
289 3 0 0 0 4
304 3 0 3 0 4
319 3 0 3 0 4
334 3 0 3 0 4
349 3 0 0 0 4
355 3 0 0 0 4
358 3 0 0 0 4
373 0 0 0 0 4
388 0 3 0 3 4
403 0 3 0 3 4
418 0 3 0 3 4
433 0 3 0 3 4
439 0 3 3 0 4
442 0 3 3 0 4
457 3 0 3 0 4
472 3 0 3 0 4
487 3 0 3 0 4
502 3 0 3 0 4
517 0 0 3 0 4
532 0 0 3 0 4
547 0 0 3 0 4
562 0 0 3 0 4
577 0 0 3 0 4
592 0 0 0 0 4
600 0 0 0 0 4
603 0 0 0 0 4
618 0 0 0 0 4
633 0 0 0 0 4
648 0 0 0 3 4
663 0 0 0 0 4
671 0 0 0 0 4
674 0 0 0 0 4
689 0 0 3 0 4
704 0 0 3 0 4
719 0 3 0 0 4
734 3 0 0 0 4
749 3 0 0 3 4
764 3 0 0 0 4
777 3 0 0 0 4
780 3 0 0 0 4
795 0 3 0 0 4
810 0 3 0 3 4
825 0 0 0 0 4
836 0 0 0 0 4
839 0 3 0 0 4
854 0 3 0 3 4
869 0 3 0 3 4
884 0 3 0 3 4
894 0 3 3 0 4
897 0 3 0 0 4
912 0 3 3 0 4
927 0 3 3 0 4
942 3 0 3 0 4
957 3 0 3 0 4
972 0 0 3 0 4
987 0 0 3 0 4
1002 0 0 3 0 4
1017 0 0 3 0 4
1032 0 0 3 0 4
1047 0 0 3 0 4
1062 0 0 0 3 4
1077 0 0 0 3 4
1083 0 3 0 0 4
1086 0 3 0 0 4
1101 0 0 0 0 4
1116 0 0 0 0 4
1131 0 0 0 0 4
1146 0 0 0 0 4
1161 0 0 0 0 4
1168 0 0 0 0 4
