1 0 0 0 0 0
16 0 0 0 0 0
31 0 0 0 0 0
38 0 0 0 0 0
41 0 0 0 0 0
56 0 0 3 0 0
71 0 3 3 0 0
86 0 3 3 0 0
101 0 3 3 0 0
116 0 3 3 0 0
131 0 3 3 0 0
146 0 3 3 0 0
161 0 3 3 0 0
176 0 3 3 0 0
191 0 3 3 0 0
306 0 3 3 0 0
331 3 0 0 3 0
336 3 0 0 3 0
351 3 0 0 0 0
359 3 0 3 0 0
363 3 0 0 0 0
377 3 0 3 0 0
393 3 0 3 0 0
307 3 0 3 0 0
333 3 0 3 0 0
337 3 0 3 0 0
353 3 0 3 0 0
370 3 0 0 3 0
373 3 0 0 3 0
388 3 0 0 3 0
403 3 0 0 0 0
418 3 0 0 3 0
433 3 0 0 3 0
448 3 0 0 0 0
456 3 0 3 0 0
459 3 0 0 0 0
474 3 0 0 0 0
489 3 0 0 0 0
504 3 0 3 0 0
519 3 0 3 0 0
534 3 0 3 0 0
549 3 0 3 0 0
564 3 0 3 0 0
579 3 0 3 0 0
594 0 3 0 3 0
613 0 3 0 3 0
616 0 3 0 3 0
631 0 0 0 0 0
646 0 0 0 3 0
661 0 0 0 3 0
676 0 0 0 3 0
691 0 0 0 3 0
706 0 0 3 0 0
731 0 3 3 0 0
736 0 3 3 0 0
751 0 0 3 0 0
766 0 0 3 0 0
781 0 0 3 0 0
796 0 3 3 0 0
811 0 3 3 0 0
836 0 3 3 0 0
841 0 3 3 0 0
856 3 0 0 3 0
871 3 0 0 0 0
888 3 0 0 0 0
891 3 0 0 0 0
906 3 0 3 0 0
931 3 0 3 0 0
936 3 0 3 0 0
951 3 0 3 0 0
969 3 0 0 3 0
973 3 0 0 3 0
987 3 0 0 3 0
1003 3 0 0 3 0
1017 3 0 0 3 0
1033 3 0 0 3 0
1047 3 0 0 3 0
1058 3 0 0 3 0
1061 3 0 3 0 0
1076 3 0 3 0 0
1091 3 0 0 0 0
1106 3 0 0 0 0
1131 3 0 0 0 0
1136 0 0 3 0 0
1151 0 0 3 0 0
1166 0 0 3 0 0
1181 0 0 3 0 0
1196 0 0 3 0 0
1311 0 0 0 3 0
1317 0 0 0 0 0
1330 0 0 0 0 0
1335 0 0 0 0 0
1350 0 0 0 0 0
1365 0 0 0 0 0
1380 0 0 0 0 0
1398 0 0 0 0 0
