1 0 3 0 0 0
16 0 3 0 0 0
31 0 3 0 0 0
46 0 3 0 0 0
61 0 0 0 0 0
76 0 3 0 0 0
91 0 3 0 3 0
106 0 3 0 0 0
131 0 3 0 3 0
136 0 3 3 0 0
151 0 0 3 0 0
166 0 3 3 0 0
181 0 0 0 3 0
196 0 0 0 3 0
311 0 0 0 3 0
336 0 0 0 3 0
341 3 0 0 3 0
357 0 0 0 0 0
360 0 0 0 0 0
375 0 0 0 3 0
390 0 0 0 3 0
305 0 0 0 0 0
330 0 0 0 3 0
335 0 0 0 3 0
338 0 3 0 3 0
343 0 3 0 3 0
358 0 3 0 0 0
373 0 3 3 0 0
388 0 3 3 0 0
403 0 3 0 0 0
418 0 3 0 0 0
433 0 3 0 0 0
448 0 3 3 0 0
463 0 3 3 0 0
478 0 3 3 0 0
493 3 0 3 0 0
508 0 3 3 0 0
533 0 0 3 0 0
538 0 3 3 0 0
553 0 0 3 0 0
568 0 0 3 0 0
583 0 0 3 0 0
598 0 0 3 0 0
613 0 0 0 3 0
638 0 3 0 3 0
643 0 0 0 0 0
660 0 0 0 0 0
663 0 0 0 0 0
678 0 0 0 0 0
693 0 3 0 0 0
708 0 0 0 0 0
733 0 3 0 0 0
738 0 3 0 0 0
753 0 3 0 0 0
768 0 3 0 0 0
783 0 3 0 0 0
798 0 3 0 3 0
813 0 3 0 3 0
838 0 0 3 0 0
843 0 0 3 0 0
858 0 3 0 0 0
873 0 3 3 0 0
888 3 0 0 0 0
903 0 0 0 0 0
918 0 3 0 3 0
933 0 3 0 0 0
948 0 0 0 3 0
963 0 3 0 0 0
978 0 3 0 0 0
993 3 0 0 3 0
1008 3 0 0 3 0
1033 3 0 0 0 0
1039 3 0 0 0 0
1043 3 0 0 0 0
1057 3 0 0 3 0
1073 3 0 0 0 0
1087 0 0 0 0 0
1103 0 0 0 0 0
1107 0 0 0 0 0
1110 0 0 0 0 0
1135 0 0 0 0 0
1140 0 0 0 0 0
1155 0 0 0 0 0
1170 0 0 0 3 0
1185 0 0 0 3 0
1300 0 0 0 3 0
1317 0 0 0 0 0
1330 0 0 0 0 0
1335 0 0 3 0 0
1350 0 3 0 0 0
1365 0 0 0 0 0
1380 0 0 0 0 0
1395 0 0 3 0 0
1310 0 3 0 3 0
1335 0 3 0 3 0
1340 0 3 3 0 0
1355 0 3 0 3 0
1370 0 3 0 0 0
1385 0 3 0 0 0
1400 0 3 0 3 0
1415 0 3 0 0 0
1430 0 3 0 0 0
1445 0 3 0 0 0
1460 0 3 0 0 0
1475 0 3 0 0 0
1490 0 3 0 0 0
1505 0 3 0 0 0
1530 0 3 0 0 0
1535 0 3 0 0 0
1550 0 3 0 0 0
1565 0 3 0 0 0
1580 0 3 0 0 0
1595 0 3 0 0 0
1610 0 3 0 0 0
1635 0 3 0 0 0
1640 0 3 0 0 0
1655 0 3 3 0 0
1670 0 3 0 0 0
1685 0 3 0 3 0
1700 0 3 0 0 0
1715 0 3 3 0 0
1730 0 3 0 0 0
1745 0 3 0 0 0
1760 0 3 0 0 0
1775 0 3 0 0 0
1790 0 3 0 3 0
1805 0 3 0 0 0
1830 0 3 0 0 0
1835 0 3 0 0 0
1850 0 3 0 0 0
1865 0 3 3 0 0
1880 0 3 0 0 0
1895 0 3 3 0 0
1910 0 3 3 0 0
1935 0 3 3 0 0
1940 0 0 3 0 0
1955 0 0 3 0 0
1970 0 0 3 0 0
1985 0 0 3 0 0
3000 0 0 3 0 0
3015 0 3 3 0 0
3030 0 0 3 0 0
3045 0 0 3 0 0
3060 0 0 3 0 0
3075 0 0 3 0 0
3090 0 0 0 3 0
3101 0 3 0 3 0
3104 0 3 0 3 0
3119 0 0 0 0 0
3134 0 0 0 0 0
3149 0 0 0 0 0
3164 0 0 0 0 0
3179 0 0 0 0 0
3195 0 0 0 0 0
