38 0 0 0 0 0
43 0 0 0 0 0
58 0 0 0 0 0
73 0 0 0 0 0
88 0 0 0 0 0
107 0 0 3 0 0
110 0 0 3 0 0
135 0 0 0 0 0
140 0 0 0 0 0
155 0 3 0 0 0
170 3 0 0 3 0
185 3 0 0 3 0
300 3 0 0 3 0
314 3 0 0 0 0
317 3 0 3 0 0
333 3 0 3 0 0
347 0 0 0 0 0
360 3 0 0 0 0
363 3 0 0 3 0
378 3 0 0 3 0
393 3 0 0 3 0
311 3 0 3 0 0
314 3 0 3 0 0
339 3 0 3 0 0
344 0 0 3 0 0
359 3 0 3 0 0
374 0 0 3 0 0
389 0 0 3 0 0
404 0 0 0 3 0
409 0 3 0 0 0
413 0 0 0 0 0
437 0 0 0 0 0
443 0 0 0 0 0
457 0 0 0 0 0
473 0 0 0 0 0
486 0 0 3 0 0
489 0 0 3 0 0
504 0 0 0 0 0
519 0 0 3 0 0
534 0 3 0 0 0
549 0 3 0 0 0
564 3 0 0 0 0
579 3 0 0 3 0
594 3 0 3 0 0
608 3 0 0 0 0
611 0 0 0 0 0
636 3 0 0 0 0
641 3 0 3 0 0
656 3 0 3 0 0
671 0 0 0 0 0
684 3 0 0 0 0
687 3 0 0 0 0
703 0 0 0 3 0
717 0 0 0 3 0
733 3 0 0 3 0
747 3 0 0 3 0
763 3 0 0 0 0
766 3 0 0 0 0
781 3 0 0 0 0
796 3 0 3 0 0
811 0 0 3 0 0
836 0 0 3 0 0
841 0 0 3 0 0
857 0 3 0 3 0
860 0 0 0 3 0
875 0 0 0 0 0
890 0 0 3 0 0
905 0 0 0 0 0
930 0 0 0 0 0
934 0 0 0 0 0
