55 0 0 0 0 4
70 0 0 0 0 4
85 0 3 0 0 4
100 0 0 0 0 4
115 0 0 0 0 4
130 3 0 0 0 4
145 0 0 0 0 4
160 0 0 0 0 4
175 0 0 0 0 4
190 0 0 0 0 4
205 0 0 0 0 4
220 0 0 0 0 4
235 3 0 0 0 4
250 3 0 0 0 4
265 3 0 0 0 4
280 3 0 0 0 4
295 3 0 0 0 4
310 3 0 0 0 4
316 3 0 0 0 4
319 3 0 0 0 4
334 3 0 3 0 4
349 3 0 3 0 4
364 3 0 3 0 4
379 3 0 3 0 4
394 3 0 3 0 4
409 3 0 3 0 4
424 3 0 0 0 4
439 3 0 0 0 4
454 3 0 0 0 4
469 3 0 0 0 4
484 3 0 3 0 4
499 3 0 3 0 4
514 0 0 3 0 4
529 0 0 3 0 4
544 0 0 3 0 4
559 3 0 0 3 4
574 3 0 0 3 4
583 3 0 0 3 4
586 0 0 0 3 4
601 3 0 0 3 4
616 0 0 0 0 4
631 3 0 0 3 4
643 0 0 3 0 4
646 0 0 3 0 4
661 3 0 3 0 4
676 0 0 3 0 4
691 3 0 0 0 4
706 3 0 0 0 4
721 3 0 0 0 4
736 3 0 3 0 4
751 3 0 3 0 4
766 3 0 3 0 4
781 0 3 0 0 4
796 0 3 0 0 4
806 0 0 0 0 4
809 0 0 0 0 4
824 0 3 0 0 4
839 0 0 0 0 4
854 0 3 0 0 4
869 0 3 0 0 4
884 0 3 0 0 4
899 3 0 0 0 4
914 0 3 0 0 4
929 3 0 0 0 4
944 0 3 0 0 4
959 0 3 0 0 4
974 3 0 0 0 4
989 3 0 0 0 4
1004 3 0 0 0 4
1019 0 0 0 0 4
1034 0 0 0 3 4
1049 3 0 0 3 4
1064 3 0 0 3 4
1079 3 0 0 3 4
1094 3 0 0 0 4
1109 3 0 0 3 4
1124 3 0 0 3 4
1139 3 0 0 3 4
1154 3 0 0 0 4
1169 0 0 0 0 4
1184 0 0 0 3 4
1199 3 0 0 0 4
1214 3 0 0 0 4
1229 3 0 0 0 4
1244 3 0 0 0 4
1259 3 0 0 0 4
1266 3 0 0 0 4
1269 0 0 0 0 4
1284 0 0 3 0 4
1299 0 0 3 0 4
1314 3 0 0 0 4
1329 3 0 0 0 4
1344 3 0 3 0 4
1359 3 0 0 0 4
1374 3 0 0 0 4
1389 3 0 0 0 4
1404 3 0 3 0 4
1419 3 0 3 0 4
1434 3 0 0 3 4
1449 3 0 0 3 4
1452 3 0 0 3 4
1467 3 0 0 3 4
1482 3 0 0 3 4
1497 3 0 0 3 4
1512 0 0 0 3 4
1527 3 0 3 0 4
1537 3 0 3 0 4
1540 3 0 3 0 4
1555 3 0 0 0 4
1570 3 0 0 0 4
1585 3 0 0 0 4
1600 0 0 0 0 4
1615 0 0 0 0 4
1630 0 0 0 0 4
1635 0 0 0 0 4
1790 0 3 0 0 4
1802 0 0 3 0 4
1818 0 0 0 3 4
