40 0 0 0 0 4
55 0 0 0 0 4
70 0 3 0 0 4
85 0 3 0 0 4
100 0 3 0 0 4
115 0 3 0 0 4
133 0 3 0 0 4
136 0 3 0 0 4
151 0 3 3 0 4
166 0 0 3 0 4
181 0 0 0 3 4
196 0 3 0 3 4
211 0 3 0 3 4
226 0 3 0 3 4
241 3 0 0 0 4
256 3 0 0 0 4
268 3 0 0 0 4
271 3 0 0 0 4
286 0 0 3 0 4
301 3 0 0 0 4
316 3 0 3 0 4
331 3 0 3 0 4
346 3 0 0 0 4
361 0 3 0 3 4
366 0 3 0 3 4
369 0 3 0 3 4
384 0 3 0 0 4
399 0 3 0 3 4
414 0 3 0 3 4
432 0 3 3 0 4
435 0 0 3 0 4
450 0 3 0 0 4
465 0 3 3 0 4
480 0 3 3 0 4
495 3 0 3 0 4
510 3 0 3 0 4
525 0 0 3 0 4
540 0 0 3 0 4
555 0 0 3 0 4
570 0 0 3 0 4
585 0 0 3 0 4
600 0 3 0 3 4
612 0 0 0 0 4
615 0 3 0 0 4
630 0 0 0 0 4
645 0 0 0 0 4
660 0 0 0 0 4
675 0 0 0 0 4
690 0 0 0 0 4
705 0 0 0 0 4
715 0 0 0 0 4
718 0 0 3 0 4
733 0 0 3 0 4
748 0 0 3 0 4
763 0 3 3 0 4
778 0 0 3 0 4
793 0 3 3 0 4
808 3 0 0 3 4
823 3 0 0 0 4
842 3 0 0 0 4
845 3 0 0 0 4
860 3 0 3 0 4
875 3 0 0 0 4
890 3 0 0 0 4
905 3 0 3 0 4
920 3 0 3 0 4
935 3 0 0 0 4
954 3 0 0 3 4
957 3 0 0 3 4
972 3 0 0 3 4
987 3 0 0 3 4
1002 3 0 3 0 4
1008 3 0 3 0 4
1011 3 0 3 0 4
1026 3 0 3 0 4
1041 3 0 0 0 4
1056 3 0 3 0 4
1071 0 0 3 0 4
1086 0 0 3 0 4
1101 0 0 3 0 4
1116 0 0 3 0 4
1131 0 0 3 0 4
1146 0 0 0 3 4
1155 0 0 0 3 4
1158 0 0 0 3 4
1173 0 0 0 0 4
1188 0 0 0 0 4
1203 0 0 0 0 4
1218 0 0 0 0 4
1233 0 0 0 0 4
1248 0 0 0 0 4
1255 0 0 0 0 4
