8 0 0 0 0 4
23 0 3 0 3 4
38 0 0 0 0 4
53 0 3 0 0 4
68 0 0 0 0 4
83 0 0 0 0 4
98 3 0 0 0 4
113 3 0 0 0 4
130 3 0 0 0 4
133 0 0 0 0 4
148 3 0 3 0 4
163 3 0 0 0 4
178 0 0 3 0 4
193 0 0 3 0 4
208 3 0 0 0 4
223 3 0 3 0 4
228 3 0 3 0 4
231 3 0 3 0 4
246 3 0 3 0 4
261 3 0 0 3 4
276 0 3 0 3 4
291 0 3 0 3 4
306 0 0 0 0 4
311 0 0 3 0 4
314 0 0 3 0 4
329 0 3 3 0 4
344 0 3 3 0 4
359 0 3 0 0 4
374 0 3 3 0 4
389 0 3 3 0 4
404 0 3 0 0 4
419 0 3 0 0 4
434 0 3 3 0 4
449 0 0 3 0 4
464 0 0 3 0 4
479 0 0 3 0 4
494 0 3 3 0 4
509 3 0 3 0 4
524 0 0 3 0 4
539 0 0 0 3 4
554 0 0 0 0 4
569 0 0 0 3 4
584 0 0 0 0 4
599 0 0 0 0 4
614 0 0 0 3 4
629 0 0 0 0 4
644 0 0 0 0 4
659 0 0 0 0 4
674 0 0 0 0 4
689 0 3 0 0 4
704 3 0 0 0 4
719 3 0 0 0 4
734 0 3 0 0 4
741 0 3 0 0 4
744 0 0 0 0 4
759 0 0 0 0 4
774 0 0 0 0 4
789 0 3 0 0 4
804 0 3 0 0 4
819 0 0 0 0 4
834 0 0 0 0 4
841 0 0 0 0 4
844 0 0 0 0 4
859 3 0 0 0 4
874 3 0 0 0 4
889 3 0 0 0 4
904 0 0 3 0 4
919 3 0 0 0 4
934 0 0 0 0 4
952 3 0 3 0 4
955 3 0 3 0 4
970 3 0 3 0 4
985 3 0 3 0 4
1000 3 0 3 0 4
1015 3 0 0 3 4
1030 3 0 0 0 4
1045 3 0 0 0 4
1060 3 0 0 0 4
1075 3 0 0 0 4
1090 3 0 0 0 4
1105 3 0 0 0 4
1108 3 0 0 0 4
1123 3 0 3 0 4
1138 3 0 3 0 4
1153 3 0 3 0 4
1168 0 0 3 0 4
1183 3 0 3 0 4
1198 0 0 0 0 4
1213 3 0 0 0 4
1228 3 0 3 0 4
1243 3 0 0 0 4
1258 3 0 0 0 4
1273 0 0 0 3 4
1284 0 0 0 0 4
1287 0 0 0 0 4
1302 0 0 0 3 4
1317 0 0 3 0 4
1332 0 0 3 0 4
1347 0 0 0 0 4
1353 0 0 0 0 4
