1 0 3 3 0 0
13 3 0 0 3 0
35 0 3 0 0 0
33 3 0 0 0 0
35 3 0 0 0 0
50 3 0 3 0 0
65 0 0 0 3 0
84 3 0 0 3 0
87 3 0 0 3 0
103 3 0 0 3 0
117 3 0 0 3 0
131 3 0 3 0 0
134 3 0 3 0 0
149 3 0 3 0 0
164 3 0 0 0 0
179 0 0 0 3 0
194 0 0 0 0 0
309 0 0 3 0 0
334 3 0 0 0 0
339 0 0 0 0 0
354 0 0 0 0 0
369 0 0 0 0 0
384 0 0 0 0 0
399 0 0 0 0 0
314 3 0 0 0 0
339 0 0 0 0 0
344 0 0 0 0 0
353 0 0 0 0 0
355 0 0 0 0 0
370 0 0 0 0 0
385 0 0 0 3 0
400 0 0 0 3 0
413 0 0 3 0 0
416 0 0 3 0 0
431 0 0 3 0 0
446 0 3 3 0 0
461 3 0 0 3 0
475 3 0 0 0 0
478 3 0 0 0 0
493 3 0 3 0 0
508 3 0 3 0 0
533 0 3 3 0 0
538 3 0 3 0 0
553 3 0 0 3 0
568 3 0 0 3 0
583 3 0 0 0 0
589 0 0 0 0 0
593 3 0 0 3 0
607 0 3 0 3 0
633 0 3 0 3 0
637 0 3 0 3 0
653 0 3 0 0 0
667 0 3 0 0 0
683 0 0 0 0 0
697 0 0 0 0 0
707 0 0 0 0 0
710 0 3 0 0 0
735 0 3 3 0 0
740 3 0 0 0 0
755 3 0 3 0 0
770 3 0 3 0 0
785 3 0 0 0 0
800 3 0 3 0 0
815 3 0 3 0 0
830 0 3 0 0 0
839 0 3 0 3 0
843 0 3 0 0 0
857 0 0 0 0 0
873 0 0 0 0 0
887 0 0 0 0 0
894 0 0 0 0 0
