33 0 0 0 0 0
38 0 3 0 0 0
53 0 0 0 0 0
68 0 0 0 0 0
83 0 3 0 0 0
98 0 3 0 0 0
113 0 3 0 0 0
138 0 3 0 3 0
143 0 3 3 0 0
158 0 0 3 0 0
173 0 0 3 0 0
188 0 0 0 0 0
303 0 0 3 0 0
318 0 0 0 3 0
333 0 0 0 0 0
348 0 0 0 3 0
355 3 0 0 0 0
358 3 0 0 0 0
373 3 0 3 0 0
388 3 0 0 3 0
303 0 0 0 3 0
318 0 0 0 3 0
333 0 0 0 3 0
336 0 0 0 3 0
341 0 0 0 0 0
356 0 0 0 3 0
370 0 0 3 0 0
373 0 0 3 0 0
388 0 0 3 0 0
403 0 0 3 0 0
418 0 0 3 0 0
433 0 0 0 0 0
448 0 0 3 0 0
463 3 0 3 0 0
478 0 0 3 0 0
493 0 0 3 0 0
508 0 0 3 0 0
533 0 0 3 0 0
538 0 0 0 3 0
553 0 0 0 0 0
565 0 0 0 0 0
568 0 0 0 3 0
583 0 0 0 0 0
598 0 3 0 0 0
613 0 0 0 0 0
638 0 0 0 0 0
643 0 0 0 0 0
658 0 0 0 0 0
673 0 3 0 0 0
688 0 0 0 0 0
703 3 0 0 0 0
718 0 0 0 0 0
733 0 0 0 0 0
748 0 3 0 3 0
763 0 3 0 3 0
778 0 3 0 3 0
793 0 3 0 3 0
808 0 3 0 3 0
833 0 3 0 3 0
838 0 3 3 0 0
853 0 3 0 3 0
868 0 3 0 3 0
883 0 3 3 0 0
898 0 3 0 0 0
913 0 0 0 3 0
938 0 3 0 0 0
943 0 3 0 0 0
958 0 0 0 0 0
973 0 3 0 0 0
988 0 3 0 0 0
1003 0 3 0 0 0
1016 3 0 0 0 0
1019 0 0 0 0 0
1034 0 0 0 3 0
1049 0 0 0 0 0
1064 0 0 0 0 0
1079 0 0 0 0 0
1083 0 0 0 0 0
1097 0 0 0 3 0
1113 0 0 0 3 0
1137 0 0 0 3 0
1143 0 0 0 3 0
1157 0 0 0 3 0
1173 0 0 0 3 0
1176 0 0 0 0 0
1191 0 0 0 0 0
1306 0 0 3 0 0
1331 0 0 0 0 0
1336 0 0 0 0 0
1351 0 0 0 0 0
1366 0 0 0 0 0
1381 0 0 3 0 0
1396 0 0 3 0 0
1311 0 0 0 3 0
1336 0 0 0 3 0
1341 0 0 3 0 0
1356 0 0 3 0 0
1371 0 0 3 0 0
1386 0 0 3 0 0
1401 0 0 3 0 0
1416 0 0 3 0 0
1431 0 3 3 0 0
1446 0 3 3 0 0
1461 0 3 3 0 0
1476 3 0 3 0 0
1491 3 0 3 0 0
1506 3 0 3 0 0
1531 3 0 3 0 0
1536 0 3 0 3 0
1551 0 3 0 3 0
1557 0 3 0 0 0
1560 0 0 0 0 0
1575 0 0 0 0 0
1590 0 0 0 0 0
1605 0 0 0 0 0
1630 0 0 0 0 0
1634 0 0 0 0 0
