183 0 0 3 0 0
197 0 0 3 0 0
313 0 0 3 0 0
337 0 0 0 3 0
343 0 0 0 3 0
346 0 0 0 0 0
361 0 0 0 0 0
376 0 3 0 0 0
391 0 3 0 0 0
306 0 0 0 0 0
331 0 3 0 0 0
336 0 3 0 0 0
351 0 3 0 0 0
366 0 3 0 3 0
381 0 3 0 3 0
396 0 3 0 3 0
411 0 3 3 0 0
436 0 0 3 0 0
441 0 0 0 3 0
456 0 0 0 3 0
471 0 3 0 3 0
486 0 0 0 3 0
501 0 0 0 3 0
516 0 3 0 3 0
531 0 3 0 3 0
534 0 0 0 0 0
539 0 0 0 3 0
554 0 0 0 3 0
569 0 0 0 3 0
584 0 3 0 0 0
599 0 0 0 0 0
606 0 0 0 0 0
609 0 0 0 0 0
634 0 0 0 0 0
639 0 0 0 3 0
653 0 0 0 3 0
655 0 0 3 0 0
670 0 0 3 0 0
685 0 0 0 0 0
700 0 0 0 3 0
715 0 0 0 3 0
730 0 0 0 0 0
745 0 0 0 3 0
760 0 0 0 3 0
775 0 0 0 0 0
790 0 0 0 3 0
805 0 0 0 3 0
830 0 0 0 0 0
835 0 0 0 3 0
850 0 0 0 3 0
865 0 0 3 0 0
880 0 0 0 3 0
895 0 0 0 3 0
910 0 0 0 3 0
935 0 3 0 3 0
940 0 3 0 3 0
955 0 3 0 0 0
970 0 3 0 3 0
985 0 3 0 0 0
1000 0 3 0 0 0
1015 0 0 0 0 0
1030 0 0 0 3 0
1045 0 0 0 3 0
1060 0 0 0 3 0
1075 0 0 0 3 0
1090 0 0 0 3 0
1105 0 0 0 3 0
1130 0 0 0 3 0
1135 0 0 0 0 0
1150 0 0 0 3 0
1165 0 0 0 3 0
1180 0 0 0 3 0
1195 0 0 0 3 0
1310 0 0 0 3 0
1335 0 0 0 3 0
1340 0 0 0 3 0
1355 0 0 0 3 0
1370 0 0 0 3 0
1385 0 0 0 3 0
1300 0 0 0 3 0
1303 0 0 3 0 0
1318 0 0 3 0 0
1333 0 0 3 0 0
1348 0 0 3 0 0
1363 0 3 3 0 0
1378 3 0 0 3 0
1393 3 0 0 3 0
1408 3 0 0 0 0
1417 3 0 0 0 0
1430 3 0 0 3 0
1435 3 0 0 0 0
1450 0 3 0 0 0
1465 0 3 0 3 0
1480 0 3 0 3 0
1495 0 3 0 0 0
1510 0 3 0 3 0
1518 0 3 0 3 0
1531 0 3 0 0 0
1536 0 3 0 3 0
1551 0 3 0 0 0
1565 0 3 0 3 0
1568 0 3 0 3 0
1583 0 3 0 0 0
1598 0 3 0 0 0
1613 0 3 0 0 0
1638 0 3 0 0 0
1643 0 3 0 0 0
1658 0 3 0 0 0
1673 0 0 0 0 0
1688 0 3 0 0 0
1703 0 3 0 3 0
1718 0 3 0 0 0
1733 0 0 0 0 0
1748 0 3 0 0 0
1763 0 3 0 0 0
1778 0 3 0 0 0
1793 0 3 0 0 0
1808 0 3 0 0 0
1833 0 3 0 0 0
1838 0 0 0 0 0
1853 0 3 0 0 0
1868 0 3 0 0 0
1883 0 3 0 3 0
1898 0 3 0 3 0
1913 0 0 0 3 0
1938 0 0 0 3 0
1943 0 0 0 3 0
1958 0 3 0 3 0
1973 0 3 0 3 0
1988 0 3 0 0 0
3003 0 3 0 0 0
3018 0 3 0 0 0
3033 0 0 0 0 0
3048 0 3 0 0 0
3063 0 3 0 0 0
3078 3 0 0 0 0
3093 0 0 0 0 0
3108 0 0 0 0 0
3133 0 0 0 0 0
3138 0 0 0 0 0
3153 0 0 0 0 0
3168 0 0 0 0 0
3183 0 0 0 0 0
3198 0 0 0 0 0
3316 0 3 0 0 0
3319 0 0 0 0 0
3334 0 0 0 0 0
3349 0 0 0 0 0
3364 0 0 0 0 0
3379 0 0 0 0 0
3394 0 3 0 0 0
3308 0 3 0 0 0
