30 0 0 0 0 0
35 0 0 0 0 0
50 0 0 0 0 0
65 0 0 0 0 0
80 0 0 0 0 0
90 0 0 3 0 0
93 0 0 3 0 0
108 0 3 3 0 0
133 0 3 0 0 0
138 0 3 0 0 0
153 0 3 0 0 0
168 0 0 0 0 0
183 3 0 0 0 0
199 3 0 0 0 0
303 3 0 0 0 0
317 3 0 3 0 0
333 3 0 0 3 0
343 3 0 0 3 0
345 3 0 0 0 0
360 3 0 0 3 0
375 3 0 0 3 0
390 3 0 0 3 0
305 3 0 3 0 0
330 3 0 0 0 0
335 3 0 0 3 0
350 3 0 0 0 0
365 3 0 0 3 0
380 3 0 0 3 0
395 3 0 0 3 0
410 3 0 0 3 0
435 3 0 3 0 0
437 3 0 3 0 0
440 3 0 3 0 0
455 3 0 0 0 0
470 3 0 3 0 0
485 3 0 0 0 0
500 0 0 3 0 0
515 0 0 3 0 0
530 0 0 3 0 0
545 0 0 3 0 0
560 0 0 0 3 0
575 0 0 0 0 0
590 0 0 0 0 0
599 0 0 0 0 0
603 0 0 0 0 0
614 0 0 0 0 0
636 0 0 0 0 0
636 0 0 0 0 0
639 0 0 0 0 0
654 0 0 3 0 0
669 0 0 3 0 0
684 0 0 3 0 0
699 0 0 3 0 0
714 0 0 3 0 0
739 0 3 3 0 0
744 0 0 3 0 0
759 3 0 0 3 0
774 3 0 0 0 0
783 3 0 0 0 0
786 3 0 0 0 0
801 3 0 3 0 0
816 3 0 0 3 0
835 3 0 0 3 0
838 3 0 0 0 0
843 3 0 0 3 0
858 3 0 0 3 0
868 3 0 3 0 0
871 3 0 3 0 0
886 3 0 3 0 0
901 3 0 3 0 0
916 0 0 3 0 0
931 0 0 3 0 0
946 0 0 3 0 0
961 0 0 3 0 0
980 0 0 0 3 0
983 0 0 0 3 0
998 0 0 0 0 0
1013 0 3 0 0 0
1038 0 3 0 0 0
1035 0 3 0 0 0
