175 0 0 0 0 4
190 0 0 0 0 4
205 0 0 0 0 4
220 0 0 0 0 4
235 0 0 0 0 4
250 0 3 0 0 4
265 0 3 0 0 4
280 0 3 0 0 4
295 0 3 0 0 4
310 0 3 0 0 4
325 0 3 0 3 4
340 0 3 0 3 4
355 0 3 0 3 4
370 0 0 3 0 4
385 0 0 3 0 4
400 0 0 3 0 4
415 0 0 3 0 4
430 3 0 0 3 4
445 3 0 0 3 4
460 0 0 0 0 4
466 0 0 0 0 4
469 0 0 0 0 4
484 0 0 0 3 4
499 3 0 0 3 4
514 0 0 0 3 4
529 0 0 0 3 4
536 0 0 0 3 4
539 3 0 0 3 4
554 0 3 0 3 4
569 0 3 0 3 4
584 0 3 0 3 4
599 0 3 3 0 4
610 3 0 3 0 4
613 3 0 3 0 4
628 3 0 0 0 4
643 3 0 3 0 4
658 3 0 0 0 4
673 3 0 0 3 4
688 3 0 0 0 4
703 0 3 0 0 4
718 0 3 0 3 4
733 0 3 0 3 4
748 0 3 0 0 4
763 0 3 0 3 4
778 0 3 0 0 4
793 0 3 0 3 4
808 0 3 3 0 4
823 0 3 0 0 4
838 0 3 0 0 4
853 3 0 0 0 4
868 3 0 0 0 4
883 3 0 0 0 4
898 3 0 0 0 4
913 3 0 0 0 4
928 3 0 0 0 4
943 3 0 0 3 4
958 3 0 0 0 4
973 0 3 0 0 4
988 0 3 3 0 4
1003 0 3 3 0 4
1018 0 0 3 0 4
1033 0 0 3 0 4
1048 3 0 3 0 4
1063 3 0 3 0 4
1078 0 0 0 0 4
1093 0 0 0 0 4
1108 0 0 0 3 4
1123 0 0 0 0 4
1136 0 0 0 0 4
1139 0 0 0 0 4
1154 0 0 0 0 4
1169 0 3 0 0 4
1184 0 0 0 0 4
1199 0 0 0 0 4
1214 3 0 0 0 4
1229 3 0 0 0 4
1244 3 0 0 0 4
1259 3 0 0 3 4
1274 0 3 3 0 4
1289 0 0 3 0 4
1304 0 0 3 0 4
1319 0 0 3 0 4
1334 0 3 3 0 4
1349 0 3 0 0 4
1364 3 0 3 0 4
1379 0 3 0 0 4
1394 0 0 0 0 4
1409 0 0 3 0 4
1424 0 3 0 0 4
1439 0 3 0 0 4
1454 0 0 0 0 4
1469 0 3 0 0 4
1484 0 3 0 0 4
1499 0 3 3 0 4
1514 3 0 3 0 4
1529 3 0 0 0 4
1544 3 0 0 0 4
1559 3 0 0 3 4
1574 0 3 3 0 4
1589 0 3 3 0 4
1604 0 0 3 0 4
1619 0 0 0 0 4
1634 0 3 0 0 4
1649 3 0 0 0 4
1664 3 0 0 0 4
1679 3 0 0 0 4
1687 3 0 0 0 4
1690 3 0 0 0 4
1705 0 0 3 0 4
1720 0 0 0 0 4
1735 0 3 0 3 4
1749 0 0 0 3 4
1752 0 0 0 3 4
1767 0 0 0 3 4
1782 0 0 0 3 4
1797 0 0 0 0 4
1812 0 0 0 0 4
1827 0 0 0 0 4
1842 0 0 0 0 4
1857 0 0 0 0 4
1872 0 0 0 3 4
1887 0 0 0 3 4
1902 0 0 3 0 4
1913 0 0 3 0 4
1916 0 0 0 0 4
1931 0 0 3 0 4
1946 0 0 3 0 4
1961 0 0 0 0 4
1976 0 0 0 0 4
1991 0 0 3 0 4
2006 0 0 3 0 4
2021 0 0 3 0 4
2036 0 0 3 0 4
2051 0 0 3 0 4
2066 0 0 3 0 4
2081 0 0 3 0 4
2096 0 0 3 0 4
2111 0 0 3 0 4
2126 0 0 3 0 4
2141 0 0 3 0 4
2156 0 0 3 0 4
2171 0 0 3 0 4
2186 0 0 3 0 4
2201 0 0 3 0 4
2216 0 0 3 0 4
2231 0 0 3 0 4
2246 0 0 0 3 4
2261 0 0 0 3 4
2273 0 0 0 3 4
2276 0 0 0 3 4
2291 0 0 0 0 4
2306 0 0 0 0 4
2321 0 0 0 0 4
2336 0 0 0 0 4
2351 0 0 0 0 4
2359 0 0 0 0 4
