37 0 0 0 0 0
53 0 0 0 0 0
67 0 0 0 0 0
83 0 0 0 0 0
97 0 0 0 0 0
113 0 0 0 0 0
137 0 0 0 0 0
133 0 0 0 3 0
135 0 0 0 3 0
147 3 0 0 3 0
158 0 3 0 3 0
161 0 3 0 3 0
176 0 3 0 3 0
191 0 3 0 3 0
306 3 0 0 3 0
331 3 0 0 3 0
336 3 0 0 3 0
351 3 0 0 0 0
366 3 0 0 3 0
381 3 0 0 0 0
396 3 0 0 3 0
311 3 0 0 0 0
335 3 0 3 0 0
338 3 0 3 0 0
343 3 0 3 0 0
358 3 0 3 0 0
373 3 0 3 0 0
388 3 0 3 0 0
403 3 0 0 0 0
418 0 0 3 0 0
433 0 0 3 0 0
448 0 0 3 0 0
463 0 0 3 0 0
478 0 0 3 0 0
493 0 0 3 0 0
508 0 0 3 0 0
533 0 0 3 0 0
538 0 0 3 0 0
553 0 0 3 0 0
568 0 0 3 0 0
583 0 3 0 3 0
598 0 3 0 0 0
607 0 0 0 0 0
610 0 0 0 0 0
635 0 0 0 0 0
640 0 3 0 0 0
655 0 0 0 0 0
670 0 0 0 0 0
685 0 0 0 0 0
700 0 0 0 0 0
715 0 0 0 0 0
730 3 0 0 0 0
745 3 0 0 0 0
760 0 0 0 0 0
775 0 0 0 0 0
790 0 0 0 3 0
805 0 3 3 0 0
830 0 0 3 0 0
835 0 3 3 0 0
850 3 0 0 3 0
865 3 0 0 0 0
880 0 0 0 3 0
885 0 0 0 0 0
888 0 0 0 0 0
903 3 0 0 3 0
918 3 0 0 3 0
933 3 0 0 3 0
935 3 0 0 3 0
950 3 0 0 3 0
965 3 0 0 3 0
980 3 0 0 0 0
997 3 0 0 0 0
1000 3 0 0 0 0
1015 3 0 0 0 0
1030 3 0 3 0 0
1045 0 0 0 0 0
1060 0 0 3 0 0
1075 0 0 0 0 0
1090 0 0 0 0 0
1105 0 0 0 0 0
1130 0 0 0 0 0
1137 0 0 0 3 0
1140 0 0 0 0 0
1155 0 0 0 0 0
1170 0 0 0 0 0
1185 3 0 0 0 0
1300 0 3 0 0 0
1315 0 3 0 0 0
1335 0 3 0 0 0
