89 0 0 0 0 0
104 0 0 0 0 0
119 0 0 0 0 0
134 0 0 0 3 0
149 0 0 0 0 0
164 0 0 0 0 0
179 0 0 0 0 0
194 0 0 0 0 0
309 0 0 0 0 0
334 0 0 0 0 0
339 0 0 0 0 0
354 0 0 0 0 0
369 0 0 0 0 0
384 0 0 0 0 0
399 0 0 0 0 0
314 0 0 0 0 0
339 0 0 0 0 0
344 0 0 0 0 0
349 0 0 0 0 0
353 0 0 0 0 0
367 0 0 0 0 0
383 3 0 3 0 0
397 3 0 3 0 0
413 0 0 0 0 0
437 3 0 0 3 0
438 3 0 0 3 0
441 3 0 0 3 0
456 3 0 0 3 0
471 3 0 0 3 0
486 3 0 0 3 0
501 3 0 0 3 0
516 3 0 0 3 0
531 3 0 0 3 0
546 3 0 0 3 0
561 3 0 0 3 0
576 3 0 0 0 0
591 3 0 0 3 0
606 3 0 3 0 0
631 0 0 0 0 0
636 3 0 0 0 0
651 0 0 0 0 0
666 3 0 0 3 0
681 3 0 0 3 0
696 3 0 0 0 0
711 3 0 0 0 0
736 3 0 0 3 0
741 3 0 0 3 0
756 3 0 0 3 0
771 3 0 0 3 0
786 3 0 0 0 0
801 3 0 0 0 0
816 3 0 0 0 0
831 3 0 0 3 0
846 3 0 0 3 0
861 3 0 0 3 0
876 0 0 0 0 0
891 0 0 0 0 0
906 3 0 3 0 0
931 3 0 0 3 0
936 3 0 0 3 0
951 3 0 0 3 0
966 3 0 0 0 0
981 3 0 0 0 0
996 3 0 0 0 0
1011 3 0 0 3 0
1036 3 0 0 3 0
1041 0 0 0 0 0
1056 3 0 0 3 0
1071 3 0 0 3 0
1086 3 0 0 3 0
1101 3 0 0 3 0
1116 3 0 0 0 0
1131 3 0 0 0 0
1146 3 0 0 0 0
1161 3 0 0 0 0
1176 3 0 3 0 0
1187 3 0 3 0 0
1190 3 0 3 0 0
1305 3 0 3 0 0
1330 3 0 3 0 0
1335 0 0 0 0 0
1350 3 0 3 0 0
1365 3 0 3 0 0
1380 3 0 3 0 0
1395 3 0 3 0 0
1310 3 0 3 0 0
1335 0 3 0 3 0
1340 0 0 0 0 0
1343 0 0 0 0 0
1358 0 0 0 0 0
1373 0 0 0 3 0
1388 0 3 0 3 0
1403 0 3 0 3 0
1418 0 0 0 3 0
1433 0 0 0 3 0
1448 0 3 0 3 0
1463 0 0 0 0 0
1478 0 0 0 0 0
1493 0 0 0 0 0
1508 0 0 0 0 0
1533 0 0 0 0 0
1538 0 0 0 0 0
1553 0 0 0 0 0
1568 0 0 0 0 0
1583 0 0 0 0 0
1598 0 0 0 0 0
1613 0 0 0 0 0
1638 0 0 0 0 0
1643 0 0 0 0 0
1658 0 0 0 0 0
1673 0 0 0 0 0
1688 0 0 0 3 0
1703 3 0 0 3 0
1705 3 0 0 3 0
1730 3 0 3 0 0
1735 3 0 3 0 0
1750 3 0 3 0 0
1765 3 0 0 3 0
1780 3 0 0 3 0
1797 3 0 0 3 0
1800 3 0 0 3 0
1815 3 0 0 3 0
1830 0 0 0 3 0
1845 3 0 0 3 0
1860 3 0 0 3 0
1875 0 0 0 0 0
1890 3 0 0 3 0
1905 3 0 0 3 0
1930 3 0 0 3 0
1935 3 0 0 3 0
1950 3 0 0 3 0
1965 3 0 0 3 0
1980 3 0 0 3 0
1995 3 0 0 3 0
3010 0 0 0 0 0
3035 3 0 0 0 0
3040 3 0 0 3 0
3055 3 0 0 3 0
3070 0 0 0 0 0
3085 0 0 0 0 0
3100 3 0 3 0 0
3115 3 0 0 0 0
3130 3 0 0 0 0
3145 0 0 0 0 0
3160 0 0 0 0 0
3175 3 0 0 3 0
3190 3 0 0 3 0
3305 3 0 3 0 0
3330 3 0 3 0 0
3333 3 0 3 0 0
3336 3 0 3 0 0
3351 3 0 3 0 0
3366 3 0 3 0 0
3381 3 0 3 0 0
3396 3 0 0 0 0
3311 3 0 3 0 0
3336 3 0 0 0 0
3341 3 0 3 0 0
3356 3 0 3 0 0
3371 3 0 3 0 0
3386 3 0 3 0 0
3401 3 0 3 0 0
3416 3 0 3 0 0
3431 3 0 3 0 0
3446 3 0 3 0 0
3461 3 0 3 0 0
3476 3 0 3 0 0
3491 3 0 3 0 0
3503 0 3 0 3 0
3505 0 3 0 0 0
3530 0 0 0 0 0
3535 3 0 0 3 0
3550 3 0 0 3 0
3565 3 0 0 0 0
3580 3 0 0 0 0
3598 3 0 0 0 0
