45 0 0 3 0 4
60 0 0 3 0 4
75 0 3 3 0 4
83 0 3 3 0 4
86 0 3 3 0 4
101 0 3 3 0 4
116 0 3 3 0 4
131 0 3 3 0 4
146 0 3 3 0 4
161 3 0 0 0 4
176 3 0 0 0 4
183 3 0 3 0 4
186 3 0 3 0 4
201 3 0 3 0 4
216 3 0 3 0 4
231 3 0 3 0 4
246 3 0 0 0 4
261 3 0 0 0 4
276 3 0 0 3 4
289 3 0 0 3 4
292 3 0 0 3 4
307 3 0 0 3 4
322 3 0 0 3 4
337 3 0 0 3 4
352 3 0 0 3 4
367 3 0 3 0 4
370 3 0 3 0 4
385 3 0 3 0 4
400 3 0 3 0 4
415 3 0 3 0 4
430 3 0 3 0 4
445 3 0 3 0 4
460 3 0 3 0 4
475 3 0 0 0 4
490 3 0 0 0 4
505 3 0 0 0 4
520 3 0 0 0 4
535 3 0 3 0 4
550 3 0 3 0 4
565 0 0 3 0 4
580 3 0 3 0 4
595 3 0 0 0 4
610 0 0 0 0 4
625 3 0 0 0 4
640 0 0 0 3 4
655 0 0 0 0 4
670 0 0 3 0 4
685 0 0 0 0 4
700 0 0 0 0 4
715 0 3 0 0 4
730 0 0 0 0 4
745 0 0 0 0 4
760 0 0 0 3 4
775 0 3 0 0 4
781 0 3 0 0 4
784 0 3 0 0 4
799 0 3 0 0 4
814 0 3 0 0 4
829 0 3 0 0 4
844 0 3 0 0 4
859 0 3 0 0 4
874 0 3 0 0 4
889 0 3 0 0 4
904 0 0 0 0 4
919 0 3 0 0 4
934 0 3 0 3 4
949 0 3 0 0 4
964 0 3 0 0 4
979 3 0 0 0 4
994 0 3 0 0 4
1009 0 3 0 0 4
1024 0 0 3 0 4
1039 0 3 0 0 4
1054 0 3 3 0 4
1069 0 3 0 3 4
1084 0 3 3 0 4
1099 0 3 3 0 4
1114 0 0 3 0 4
1129 0 3 3 0 4
1144 3 0 0 0 4
1159 3 0 0 0 4
1174 3 0 0 0 4
1189 3 0 3 0 4
1204 0 3 0 0 4
1219 0 3 3 0 4
1234 0 3 3 0 4
1249 0 3 0 0 4
1257 0 3 0 0 4
1260 0 3 3 0 4
1275 0 3 3 0 4
1290 0 3 3 0 4
1305 0 3 0 3 4
1320 0 3 0 3 4
1327 0 3 0 3 4
1330 0 3 0 3 4
1345 0 3 0 3 4
1360 0 3 0 3 4
1375 0 3 0 3 4
1390 0 3 0 3 4
1405 0 3 0 3 4
1420 0 3 0 0 4
1435 0 3 0 0 4
1450 0 3 0 0 4
1465 0 3 0 3 4
1480 0 3 3 0 4
1485 0 3 3 0 4
1488 0 3 3 0 4
1503 0 3 3 0 4
1518 0 3 3 0 4
1533 0 3 0 0 4
1548 0 0 3 0 4
1563 0 0 3 0 4
1578 0 3 3 0 4
1593 0 0 3 0 4
1608 0 0 0 0 4
1624 0 0 0 0 4
1627 0 0 0 3 4
1642 0 0 0 3 4
1657 0 0 0 0 4
1672 0 0 0 0 4
1687 0 0 0 0 4
1702 0 0 0 0 4
1717 0 0 0 0 4
1733 0 0 0 0 4
