37 0 0 0 0 0
53 0 3 0 0 0
67 0 0 0 0 0
83 0 0 0 0 0
97 0 0 0 0 0
113 0 3 0 0 0
137 3 0 3 0 0
143 3 0 0 0 0
157 3 0 0 0 0
160 3 0 0 0 0
175 3 0 3 0 0
190 3 0 0 0 0
305 3 0 0 0 0
330 3 0 0 3 0
335 0 3 0 3 0
353 3 0 0 0 0
355 3 0 0 0 0
370 0 3 0 3 0
385 0 3 0 3 0
300 0 3 3 0 0
307 0 3 3 0 0
310 0 3 3 0 0
335 0 3 3 0 0
340 0 3 3 0 0
355 0 3 3 0 0
370 3 0 0 0 0
385 0 0 0 0 0
400 3 0 0 0 0
415 3 0 0 0 0
430 0 3 0 3 0
445 0 0 0 0 0
460 0 3 0 0 0
475 0 0 0 0 0
490 0 0 0 0 0
505 0 0 0 0 0
530 0 3 0 3 0
535 0 3 0 3 0
550 0 3 0 3 0
565 0 0 0 0 0
580 0 0 0 0 0
595 0 0 0 0 0
610 0 3 0 0 0
635 0 0 0 0 0
640 3 0 0 0 0
657 0 3 0 0 0
660 0 0 0 0 0
675 0 0 0 3 0
690 0 0 0 0 0
705 0 3 0 0 0
730 0 3 0 0 0
735 0 3 0 0 0
750 0 3 0 0 0
765 3 0 0 0 0
780 3 0 0 3 0
795 3 0 0 0 0
814 3 0 0 0 0
817 0 0 0 0 0
833 3 0 0 0 0
847 3 0 3 0 0
863 3 0 3 0 0
877 3 0 3 0 0
893 0 0 3 0 0
907 0 0 0 0 0
933 3 0 3 0 0
937 3 0 3 0 0
953 3 0 0 3 0
967 3 0 0 0 0
983 3 0 0 3 0
1000 3 0 0 3 0
1003 3 0 0 3 0
1015 3 0 0 3 0
1031 3 0 3 0 0
1034 3 0 0 0 0
1039 3 0 3 0 0
1054 3 0 3 0 0
1069 3 0 0 0 0
1084 0 0 0 0 0
1099 3 0 0 0 0
1114 0 0 0 0 0
1139 3 0 0 0 0
1144 3 0 3 0 0
1159 3 0 3 0 0
1174 0 0 3 0 0
1189 0 0 0 0 0
1197 0 0 0 0 0
1300 0 0 0 3 0
1315 0 0 0 0 0
1330 0 0 0 0 0
1345 0 0 0 0 0
1358 0 0 0 0 0
