41 0 0 0 0 4
56 0 0 0 0 4
71 0 0 0 3 4
86 0 0 0 3 4
101 0 0 0 0 4
116 0 0 0 0 4
131 0 0 0 0 4
146 0 0 0 0 4
161 0 3 3 0 4
168 0 0 3 0 4
171 0 0 3 0 4
186 0 3 3 0 4
201 0 0 0 3 4
216 3 0 0 0 4
235 3 0 0 0 4
238 3 0 0 0 4
253 3 0 0 0 4
268 3 0 0 0 4
283 3 0 3 0 4
298 3 0 0 3 4
308 3 0 0 0 4
311 3 0 0 3 4
326 3 0 0 3 4
341 3 0 3 0 4
356 3 0 3 0 4
371 0 0 3 0 4
386 0 0 3 0 4
401 3 0 3 0 4
416 0 0 0 0 4
431 0 0 3 0 4
446 3 0 3 0 4
461 3 0 3 0 4
476 0 0 3 0 4
491 0 0 3 0 4
506 0 0 3 0 4
521 0 0 0 0 4
536 3 0 3 0 4
551 3 0 3 0 4
566 3 0 3 0 4
581 3 0 0 3 4
596 3 0 0 3 4
611 3 0 0 3 4
622 0 0 3 0 4
625 3 0 3 0 4
640 0 0 3 0 4
655 0 0 0 0 4
670 3 0 0 0 4
685 3 0 0 0 4
700 3 0 0 0 4
715 3 0 0 0 4
732 0 3 0 3 4
735 0 0 0 0 4
750 0 0 0 0 4
765 0 0 0 3 4
780 0 0 0 0 4
795 0 0 0 0 4
810 0 3 0 0 4
829 0 0 0 0 4
832 0 0 0 0 4
847 0 0 3 0 4
862 0 0 3 0 4
877 0 3 3 0 4
892 0 0 3 0 4
907 0 0 3 0 4
922 0 3 0 0 4
937 0 0 0 0 4
952 3 0 0 3 4
967 0 0 0 3 4
982 3 0 3 0 4
987 0 0 3 0 4
990 0 0 3 0 4
1005 3 0 3 0 4
1020 3 0 0 0 4
1035 3 0 3 0 4
1050 0 0 0 0 4
1065 0 0 3 0 4
1080 0 0 3 0 4
1095 3 0 0 0 4
1110 0 0 0 0 4
1118 0 0 0 0 4
1121 0 0 0 0 4
1136 0 0 0 3 4
1151 0 0 0 3 4
1166 0 0 0 0 4
1172 0 0 0 0 4
1175 0 0 3 0 4
1190 0 0 3 0 4
1205 0 0 3 0 4
1220 3 0 0 0 4
1235 3 0 0 0 4
1250 3 0 0 0 4
1265 3 0 0 0 4
1274 0 3 0 0 4
1277 0 0 0 0 4
1292 0 0 0 0 4
1307 0 0 0 0 4
1322 0 0 0 0 4
1337 0 0 0 0 4
1346 0 0 0 0 4
