28 0 0 0 0 4
43 0 0 0 0 4
58 0 0 0 0 4
73 0 0 0 0 4
80 0 0 0 0 4
83 0 0 0 0 4
98 0 0 0 0 4
113 0 0 3 0 4
128 0 3 0 0 4
143 0 3 3 0 4
158 3 0 0 3 4
173 3 0 3 0 4
181 0 0 0 0 4
184 3 0 0 0 4
196 3 0 3 0 4
209 3 0 0 3 4
212 3 0 0 3 4
227 3 0 0 3 4
242 3 0 0 3 4
257 3 0 3 0 4
260 3 0 0 0 4
275 3 0 3 0 4
290 0 0 0 0 4
305 0 0 3 0 4
320 0 0 3 0 4
335 0 0 3 0 4
350 0 0 3 0 4
365 0 0 3 0 4
382 0 0 0 3 4
385 0 0 0 3 4
400 0 0 0 0 4
415 0 0 0 0 4
430 0 0 0 0 4
445 0 3 0 0 4
460 0 0 0 0 4
475 0 0 0 0 4
490 0 0 0 0 4
505 0 0 0 0 4
520 0 0 0 0 4
535 0 0 0 0 4
550 0 3 3 0 4
565 0 3 3 0 4
580 0 0 3 0 4
595 0 3 3 0 4
610 3 0 0 3 4
625 0 0 0 0 4
631 3 0 3 0 4
634 0 0 0 0 4
649 3 0 0 0 4
664 3 0 3 0 4
674 3 0 0 0 4
677 3 0 0 0 4
692 3 0 0 3 4
707 3 0 0 3 4
722 3 0 0 3 4
734 3 0 0 0 4
737 0 0 0 0 4
752 3 0 0 0 4
767 3 0 3 0 4
782 0 0 3 0 4
797 0 0 3 0 4
812 0 0 3 0 4
827 0 0 3 0 4
842 0 0 0 3 4
847 0 0 0 3 4
850 0 0 0 3 4
865 0 3 0 0 4
880 0 3 0 0 4
895 0 3 0 0 4
910 0 0 0 0 4
925 0 0 0 0 4
940 3 0 0 0 4
955 0 0 0 0 4
970 0 0 0 0 4
985 0 0 0 0 4
998 0 0 0 0 4
