139 0 0 0 0 0
154 0 3 0 3 0
169 0 3 0 0 0
184 0 3 0 0 0
199 0 3 0 3 0
314 0 3 0 3 0
339 0 3 0 3 0
344 0 3 0 3 0
359 0 0 3 0 0
374 0 3 3 0 0
389 0 3 3 0 0
304 0 3 3 0 0
319 0 3 3 0 0
334 3 0 0 0 0
349 0 0 0 3 0
367 3 0 0 0 0
370 3 0 3 0 0
385 3 0 0 0 0
400 3 0 3 0 0
415 3 0 0 0 0
430 3 0 3 0 0
445 3 0 3 0 0
460 3 0 3 0 0
475 3 0 3 0 0
490 3 0 3 0 0
505 3 0 0 3 0
518 3 0 0 3 0
531 0 0 0 3 0
536 3 0 0 0 0
551 0 0 0 3 0
566 0 0 0 3 0
581 0 0 3 0 0
587 3 0 3 0 0
590 3 0 3 0 0
605 3 0 3 0 0
630 3 0 0 0 0
635 3 0 3 0 0
650 0 0 3 0 0
665 0 0 3 0 0
680 0 0 3 0 0
695 0 0 3 0 0
710 0 0 3 0 0
735 0 0 0 3 0
730 0 3 0 3 0
733 0 3 0 3 0
748 0 0 0 0 0
763 0 0 0 0 0
778 0 0 0 0 0
793 0 0 0 0 0
808 0 0 0 0 0
833 0 0 0 0 0
839 0 0 0 0 0
843 0 0 0 0 0
857 0 0 3 0 0
873 0 0 3 0 0
887 0 0 3 0 0
903 0 3 3 0 0
917 3 0 0 3 0
933 3 0 0 3 0
947 3 0 0 0 0
953 3 0 0 0 0
956 3 0 0 0 0
971 3 0 3 0 0
986 3 0 0 0 0
1001 3 0 0 3 0
1016 3 0 0 0 0
1035 3 0 0 0 0
1038 3 0 0 3 0
1043 3 0 0 3 0
1058 3 0 0 3 0
1073 3 0 0 0 0
1088 3 0 0 3 0
1103 3 0 3 0 0
1105 3 0 0 0 0
1130 3 0 3 0 0
1135 3 0 3 0 0
1150 3 0 3 0 0
1165 3 0 0 0 0
1180 3 0 3 0 0
1195 3 0 3 0 0
1310 0 0 3 0 0
1335 0 0 3 0 0
1340 0 0 3 0 0
1355 0 0 3 0 0
1370 0 0 3 0 0
1385 0 0 3 0 0
1300 0 0 0 3 0
1315 0 0 0 3 0
1330 0 0 0 0 0
1345 0 0 0 3 0
1360 0 0 3 0 0
1375 0 0 3 0 0
1390 0 0 3 0 0
1405 0 0 3 0 0
1430 0 0 3 0 0
1433 0 0 0 3 0
1435 0 0 0 0 0
1450 0 0 0 0 0
1465 0 0 0 0 0
1480 0 0 0 0 0
1495 0 0 0 0 0
1510 0 0 0 0 0
1535 0 0 0 0 0
1540 0 0 0 0 0
1548 0 0 0 0 0
