60 0 0 0 0 4
75 0 0 0 0 4
90 0 0 0 0 4
105 0 0 0 0 4
121 0 0 0 0 4
124 0 0 0 0 4
139 0 0 3 0 4
154 0 3 0 3 4
169 0 3 0 3 4
184 0 3 0 3 4
199 0 3 0 3 4
214 0 3 0 0 4
229 3 0 0 3 4
244 3 0 0 0 4
263 3 0 0 0 4
266 3 0 0 0 4
281 3 0 3 0 4
296 3 0 3 0 4
311 3 0 3 0 4
326 3 0 3 0 4
341 3 0 0 3 4
359 3 0 0 3 4
362 3 0 0 0 4
377 0 0 0 3 4
392 0 0 0 3 4
407 0 3 0 3 4
422 0 3 3 0 4
427 0 3 3 0 4
430 0 3 3 0 4
445 3 0 3 0 4
460 3 0 0 0 4
475 3 0 0 0 4
490 3 0 3 0 4
505 0 0 3 0 4
520 0 0 3 0 4
535 0 0 3 0 4
550 0 0 3 0 4
565 0 0 3 0 4
580 0 0 3 0 4
595 0 0 3 0 4
610 0 0 0 3 4
625 0 3 0 3 4
638 0 3 0 3 4
641 0 3 0 0 4
656 0 0 0 0 4
671 0 0 0 3 4
686 0 0 0 0 4
701 0 0 0 3 4
716 0 0 0 0 4
731 0 0 0 3 4
746 0 0 0 3 4
761 0 0 0 3 4
776 0 0 3 0 4
783 0 0 3 0 4
786 0 0 0 0 4
801 0 0 0 3 4
816 0 0 0 3 4
831 0 0 0 3 4
846 0 3 0 3 4
861 0 3 0 3 4
876 3 0 0 3 4
891 3 0 0 3 4
906 3 0 0 0 4
921 3 0 0 0 4
931 3 0 0 0 4
934 3 0 0 0 4
949 3 0 3 0 4
964 3 0 3 0 4
979 3 0 3 0 4
994 3 0 0 3 4
1009 3 0 0 0 4
1016 3 0 0 0 4
1019 3 0 0 3 4
1034 0 0 0 3 4
1049 0 3 0 3 4
1064 0 3 0 3 4
1079 0 3 0 3 4
1091 0 3 3 0 4
1094 0 3 3 0 4
1109 0 0 3 0 4
1124 3 0 3 0 4
1139 3 0 0 0 4
1154 3 0 3 0 4
1169 0 0 3 0 4
1184 0 0 3 0 4
1199 0 0 0 0 4
1214 0 0 0 0 4
1229 0 0 0 0 4
1244 0 3 0 0 4
1263 0 0 0 0 4
1266 0 0 0 0 4
1281 0 0 0 0 4
1296 0 0 0 0 4
1311 0 0 0 0 4
1326 0 0 0 0 4
1341 0 0 0 0 4
1356 0 0 0 0 4
1361 0 0 0 0 4
