80 0 0 0 0 0
95 0 3 0 0 0
110 0 3 0 0 0
135 0 3 0 0 0
140 0 3 0 0 0
155 3 0 0 0 0
170 0 3 0 0 0
185 0 3 0 0 0
300 0 3 0 3 0
315 0 3 0 3 0
330 0 3 3 0 0
345 0 0 3 0 0
360 0 0 3 0 0
375 0 3 3 0 0
390 0 3 3 0 0
305 0 3 3 0 0
330 0 3 0 3 0
335 0 3 0 3 0
350 0 0 0 0 0
357 0 3 0 0 0
360 0 3 0 0 0
375 0 3 3 0 0
390 0 3 3 0 0
405 0 3 0 3 0
430 0 3 0 3 0
437 0 0 0 0 0
440 0 0 0 3 0
455 0 3 0 0 0
470 0 3 0 3 0
485 0 0 0 0 0
500 0 3 0 3 0
515 0 3 0 3 0
530 0 3 0 0 0
545 0 3 0 0 0
560 0 3 0 0 0
575 0 3 0 0 0
590 0 3 0 3 0
605 0 3 0 0 0
630 0 3 0 3 0
635 0 3 3 0 0
650 0 3 0 3 0
665 0 0 0 3 0
680 0 0 0 3 0
695 0 0 0 0 0
710 0 0 0 0 0
735 0 0 0 3 0
740 0 0 3 0 0
755 0 0 3 0 0
770 0 0 3 0 0
785 0 0 3 0 0
800 0 0 3 0 0
815 0 0 3 0 0
830 0 0 3 0 0
845 0 0 0 3 0
860 0 0 0 3 0
875 0 0 0 0 0
890 0 0 0 3 0
905 0 0 0 0 0
930 0 0 0 3 0
935 0 0 0 3 0
950 0 0 0 0 0
965 0 0 0 0 0
980 0 0 0 0 0
995 0 0 0 0 0
1010 0 0 0 0 0
1035 0 0 0 0 0
1040 0 0 0 0 0
1055 0 3 0 0 0
1070 0 0 0 0 0
1085 0 0 0 0 0
1100 0 0 0 0 0
1115 0 0 0 3 0
1130 0 0 0 3 0
1145 0 0 0 0 0
1160 0 0 0 0 0
1175 0 0 0 0 0
1190 0 0 0 0 0
1305 0 0 0 0 0
1330 0 0 0 0 0
1335 0 0 0 0 0
1350 0 0 0 0 0
1365 0 3 0 0 0
1381 0 0 0 0 0
1384 0 0 0 0 0
1399 0 0 0 0 0
1314 0 3 0 0 0
1339 0 3 0 0 0
1344 0 0 0 0 0
1359 0 3 0 0 0
1374 0 3 0 0 0
1389 0 3 0 0 0
1404 0 3 0 0 0
1419 0 3 0 0 0
1434 0 3 3 0 0
1449 0 0 3 0 0
1464 0 0 3 0 0
1479 0 0 3 0 0
1494 0 0 3 0 0
1509 0 3 0 3 0
1537 0 0 0 0 0
1530 3 0 0 0 0
1545 0 3 3 0 0
1560 0 3 0 3 0
1575 0 0 0 0 0
1590 0 0 0 3 0
1603 0 0 0 3 0
1606 0 0 0 3 0
1631 0 3 0 3 0
1636 0 0 0 3 0
1651 0 3 0 0 0
1666 0 0 0 3 0
1681 0 3 3 0 0
1684 0 3 0 0 0
1699 0 0 3 0 0
1714 0 0 3 0 0
1739 0 3 0 0 0
1744 0 0 3 0 0
1759 0 0 3 0 0
1774 0 0 0 3 0
1789 0 0 0 0 0
1804 0 0 0 0 0
1819 0 0 0 0 0
1834 0 0 0 3 0
1849 0 0 0 3 0
1864 0 0 0 3 0
1879 0 0 3 0 0
1894 0 0 0 0 0
1909 0 0 0 0 0
1934 0 0 0 0 0
1939 0 0 0 0 0
1954 0 0 0 0 0
1969 0 0 3 0 0
1984 0 0 0 3 0
1999 0 0 0 0 0
3014 0 0 0 0 0
3039 0 0 0 3 0
3044 0 0 0 0 0
3059 0 0 0 3 0
3074 0 0 0 3 0
3089 0 0 0 3 0
3104 0 0 0 3 0
3119 0 0 0 3 0
3134 0 0 3 0 0
3149 0 0 3 0 0
3164 0 0 0 0 0
3179 0 0 3 0 0
3194 0 0 0 0 0
3309 0 0 3 0 0
3334 0 0 3 0 0
3339 0 0 3 0 0
3354 0 0 3 0 0
3369 0 0 3 0 0
3384 0 0 0 3 0
3303 0 0 0 0 0
3306 0 0 0 0 0
3331 0 3 0 0 0
3336 0 0 0 3 0
3351 0 0 0 0 0
3366 0 0 0 0 0
3381 0 3 0 0 0
3396 0 3 0 0 0
3411 0 3 0 0 0
3434 0 3 0 0 0
3437 0 3 0 0 0
3443 0 3 0 3 0
3457 0 3 0 0 0
3473 0 3 0 0 0
3487 0 0 0 0 0
3503 0 0 0 0 0
3509 0 0 0 3 0
3513 0 0 0 3 0
3537 0 0 0 3 0
3543 0 0 0 3 0
3557 0 0 0 3 0
3573 0 0 0 0 0
3587 0 3 0 0 0
3603 0 3 0 0 0
3617 0 0 0 0 0
3630 0 3 0 0 0
3635 0 3 3 0 0
3650 0 3 3 0 0
3665 0 3 0 0 0
3680 0 3 0 0 0
3695 0 3 0 0 0
3710 0 3 0 0 0
3735 0 3 0 0 0
3740 0 3 0 3 0
3755 0 3 0 3 0
3770 0 3 0 0 0
3785 0 3 0 0 0
3800 0 3 0 3 0
3815 0 3 0 0 0
3830 0 3 0 0 0
3845 0 3 0 3 0
3860 0 3 0 0 0
3875 0 3 0 0 0
3890 0 3 0 0 0
3905 0 3 0 0 0
3930 0 3 0 0 0
3935 0 3 0 0 0
3950 0 3 0 3 0
3965 0 3 0 0 0
3980 0 3 0 0 0
3995 0 3 0 3 0
3010 0 3 0 3 0
3035 0 3 0 3 0
3040 0 3 0 3 0
3055 0 0 0 3 0
3070 0 0 0 3 0
3085 0 0 0 3 0
3100 0 3 0 3 0
3115 0 0 0 3 0
3130 0 0 3 0 0
3145 0 0 3 0 0
3160 0 0 3 0 0
3175 0 0 3 0 0
3190 0 0 3 0 0
3305 0 0 3 0 0
3330 0 0 3 0 0
3335 0 3 3 0 0
3350 0 0 3 0 0
3356 0 0 3 0 0
3359 0 0 3 0 0
3374 0 0 3 0 0
3389 0 3 3 0 0
3304 0 3 3 0 0
3319 0 0 0 3 0
3334 0 0 0 0 0
3340 0 0 0 0 0
3343 0 0 0 0 0
3358 0 3 3 0 0
3373 0 0 0 3 0
3388 0 0 0 3 0
3403 0 0 0 3 0
3430 0 0 0 0 0
3433 0 0 0 3 0
3438 0 0 0 3 0
3453 0 0 3 0 0
3469 0 0 3 0 0
3473 0 0 3 0 0
3487 0 0 3 0 0
3503 0 0 3 0 0
3517 0 0 3 0 0
3533 0 0 0 0 0
3547 0 0 0 3 0
3563 0 0 0 3 0
3577 0 0 0 0 0
3593 0 0 0 0 0
3607 0 0 0 0 0
3633 0 0 0 0 0
3637 0 0 3 0 0
3653 0 0 3 0 0
3667 0 0 3 0 0
3683 0 0 3 0 0
3697 0 0 3 0 0
3713 0 0 3 0 0
3737 0 0 0 3 0
3743 0 0 0 3 0
3753 0 0 0 3 0
3755 0 0 0 3 0
3770 0 0 0 0 0
3785 0 0 3 0 0
3800 0 0 0 0 0
3815 0 0 0 0 0
3830 0 0 0 0 0
3845 0 0 0 0 0
3851 0 0 0 0 0
