6 0 0 0 0 0
31 0 3 0 3 0
36 0 0 0 0 0
51 0 0 0 0 0
66 0 3 3 0 0
81 0 0 3 0 0
96 0 0 3 0 0
113 0 0 3 0 0
115 0 0 3 0 0
130 0 0 3 0 0
145 0 3 3 0 0
160 0 3 3 0 0
175 0 3 3 0 0
190 0 3 3 0 0
305 0 3 3 0 0
330 3 0 3 0 0
335 0 0 0 3 0
350 0 0 0 3 0
365 0 0 0 3 0
380 0 3 3 0 0
395 0 3 3 0 0
310 0 3 3 0 0
335 0 0 3 0 0
340 0 0 3 0 0
355 0 0 3 0 0
370 3 0 3 0 0
385 0 0 0 3 0
400 0 0 0 3 0
415 0 0 0 0 0
431 0 0 0 0 0
434 0 0 0 0 0
439 3 0 3 0 0
454 0 0 3 0 0
469 3 0 3 0 0
484 3 0 3 0 0
499 3 0 3 0 0
514 3 0 3 0 0
539 3 0 0 0 0
544 0 0 0 0 0
559 3 0 0 0 0
574 0 0 3 0 0
589 3 0 3 0 0
604 3 0 3 0 0
619 0 0 3 0 0
634 3 0 0 0 0
649 3 0 0 0 0
664 3 0 3 0 0
679 0 0 3 0 0
694 0 0 3 0 0
711 0 0 0 3 0
714 0 0 0 3 0
739 0 0 0 3 0
744 3 0 0 3 0
759 3 0 0 3 0
774 0 0 0 3 0
789 0 0 0 3 0
804 0 0 3 0 0
807 3 0 3 0 0
833 0 0 0 0 0
837 0 0 0 0 0
853 3 0 0 0 0
867 0 0 0 0 0
883 0 0 0 0 0
897 0 0 0 0 0
913 0 0 0 0 0
937 0 0 0 0 0
943 0 3 0 0 0
957 0 3 0 0 0
973 0 3 0 0 0
987 0 0 0 0 0
1003 0 0 3 0 0
1017 0 0 3 0 0
1033 3 0 3 0 0
1047 0 0 3 0 0
1063 0 0 3 0 0
1077 0 0 3 0 0
1093 0 0 3 0 0
1107 0 0 3 0 0
1133 0 0 0 0 0
1137 0 0 0 0 0
1153 0 3 0 0 0
1167 0 0 0 0 0
1183 0 3 0 0 0
1197 0 0 0 0 0
1313 0 3 0 0 0
1337 3 0 0 0 0
1343 3 0 0 0 0
1357 3 0 0 0 0
1373 3 0 0 3 0
1387 3 0 0 0 0
1303 3 0 0 0 0
1317 3 0 0 0 0
1333 3 0 0 0 0
1347 0 3 0 0 0
1363 0 0 0 0 0
1365 0 0 0 3 0
1380 0 0 0 0 0
1395 0 0 0 3 0
1410 0 0 0 0 0
1435 0 0 0 0 0
1440 0 0 0 0 0
1455 0 0 3 0 0
1470 0 0 3 0 0
1485 0 0 3 0 0
1500 0 0 0 0 0
1515 0 3 3 0 0
1530 0 0 3 0 0
1545 0 3 3 0 0
1560 0 3 3 0 0
1575 3 0 0 3 0
1590 3 0 0 3 0
1605 3 0 0 0 0
1634 3 0 3 0 0
1637 3 0 3 0 0
1643 3 0 0 0 0
1657 3 0 3 0 0
1673 3 0 3 0 0
1687 3 0 3 0 0
1703 3 0 0 0 0
1717 3 0 3 0 0
1733 3 0 3 0 0
1747 3 0 3 0 0
1763 3 0 3 0 0
1777 3 0 3 0 0
1793 3 0 3 0 0
1807 3 0 0 0 0
1833 3 0 3 0 0
1837 3 0 0 0 0
1851 3 0 0 0 0
1854 3 0 0 3 0
1869 3 0 0 3 0
1884 3 0 0 0 0
1899 3 0 0 3 0
1914 0 0 0 3 0
1939 0 0 0 3 0
1944 0 0 0 3 0
1959 0 0 0 3 0
1974 0 0 0 3 0
1983 0 0 3 0 0
1986 3 0 3 0 0
3001 0 0 3 0 0
3016 0 0 0 0 0
3031 3 0 0 0 0
3046 3 0 0 0 0
3061 3 0 0 0 0
3076 3 0 0 0 0
3091 3 0 0 0 0
3106 0 0 0 0 0
3131 0 0 3 0 0
3136 0 0 3 0 0
3151 0 0 3 0 0
3166 0 0 3 0 0
3181 0 0 3 0 0
3196 0 0 3 0 0
3311 0 0 0 3 0
3333 0 0 0 0 0
3336 0 0 0 0 0
3341 0 0 0 0 0
3356 0 0 0 0 0
3371 0 0 0 0 0
3386 0 0 0 0 0
3301 0 0 0 0 0
3316 0 0 0 0 0
3331 0 0 0 0 0
3348 0 0 0 0 0
