1 0 0 0 0 0
17 3 0 0 0 0
30 3 0 0 0 0
35 3 0 3 0 0
50 3 0 3 0 0
65 3 0 3 0 0
80 3 0 3 0 0
98 3 0 0 0 0
101 3 0 0 3 0
116 3 0 0 3 0
131 3 0 0 3 0
146 3 0 0 3 0
161 0 0 0 3 0
176 0 0 0 3 0
191 3 0 0 3 0
306 3 0 0 3 0
331 3 0 0 3 0
336 3 0 0 3 0
351 3 0 0 3 0
366 3 0 0 3 0
373 3 0 0 3 0
375 3 0 0 3 0
390 3 0 3 0 0
305 3 0 3 0 0
330 3 0 0 0 0
335 3 0 0 0 0
350 0 0 0 0 0
365 0 0 0 0 0
380 0 0 0 0 0
395 0 0 3 0 0
410 0 0 0 0 0
435 0 0 3 0 0
440 0 0 0 3 0
453 0 3 0 0 0
455 0 0 0 0 0
470 0 0 0 0 0
485 0 0 0 0 0
500 0 0 0 0 0
515 0 0 0 0 0
530 0 0 0 0 0
545 0 0 0 0 0
560 0 0 0 0 0
575 0 0 0 0 0
590 0 0 0 0 0
606 0 0 0 0 0
609 0 0 0 0 0
634 0 3 0 0 0
639 0 0 0 0 0
654 0 3 0 0 0
669 0 0 0 0 0
684 0 3 0 0 0
699 0 0 0 0 0
714 0 0 0 0 0
739 0 0 0 0 0
744 0 0 0 0 0
759 0 0 0 0 0
774 0 0 0 0 0
789 3 0 0 0 0
804 3 0 0 0 0
819 3 0 0 0 0
834 3 0 0 3 0
849 3 0 0 3 0
864 3 0 0 3 0
879 0 3 0 3 0
894 0 0 0 3 0
909 0 0 0 3 0
934 0 0 0 3 0
939 0 0 0 3 0
954 0 3 0 3 0
969 3 0 0 3 0
983 3 0 0 0 0
985 3 0 0 0 0
1000 3 0 3 0 0
1015 3 0 3 0 0
1030 3 0 3 0 0
1045 3 0 3 0 0
1060 3 0 0 3 0
1079 0 0 0 3 0
1083 3 0 0 3 0
1097 3 0 0 3 0
1113 3 0 0 3 0
1137 3 0 0 3 0
1143 3 0 0 3 0
1157 3 0 0 3 0
1173 3 0 3 0 0
1175 3 0 3 0 0
1190 3 0 3 0 0
1305 3 0 0 0 0
1330 3 0 0 0 0
1335 3 0 0 0 0
1350 3 0 3 0 0
1365 3 0 3 0 0
1380 0 0 3 0 0
1395 0 0 3 0 0
1310 0 0 3 0 0
1335 0 0 3 0 0
1340 0 0 3 0 0
1355 0 0 3 0 0
1374 0 0 0 0 0
1377 0 3 0 3 0
1393 0 0 0 0 0
1407 0 0 0 0 0
1433 0 0 0 0 0
1437 0 0 0 0 0
1453 0 0 0 0 0
1458 0 0 0 0 0
