40 0 0 0 0 0
55 0 0 0 0 0
70 0 0 0 0 0
85 0 0 0 0 0
100 0 0 0 0 0
115 0 0 0 0 0
130 0 0 0 0 0
145 0 0 0 0 0
157 0 0 0 0 0
160 0 0 3 0 0
175 0 0 3 0 0
190 0 3 0 0 0
305 0 3 3 0 0
330 0 3 0 0 0
335 3 0 0 3 0
350 3 0 0 0 0
363 0 0 0 0 0
366 3 0 0 0 0
378 0 0 0 0 0
390 0 0 0 0 0
395 3 0 0 0 0
398 3 0 0 0 0
313 0 0 0 3 0
338 0 0 0 3 0
343 0 0 3 0 0
348 0 0 3 0 0
351 3 0 0 0 0
366 3 0 3 0 0
381 3 0 3 0 0
396 0 0 3 0 0
411 0 0 3 0 0
436 0 0 0 0 0
441 0 0 3 0 0
456 0 0 3 0 0
471 0 0 3 0 0
486 0 0 3 0 0
501 0 0 3 0 0
519 0 3 0 3 0
533 0 0 0 0 0
537 0 0 0 0 0
553 0 0 0 0 0
567 0 3 0 0 0
583 0 3 0 0 0
597 0 0 0 0 0
609 0 0 3 0 0
613 0 3 3 0 0
637 0 0 0 0 0
643 0 0 3 0 0
657 0 0 3 0 0
673 0 3 3 0 0
687 3 0 0 3 0
703 3 0 0 0 0
717 3 0 0 3 0
739 3 0 0 0 0
733 3 0 0 0 0
747 3 0 3 0 0
763 3 0 0 3 0
777 3 0 0 3 0
793 3 0 0 3 0
807 3 0 0 3 0
833 3 0 0 0 0
837 0 0 0 0 0
853 0 0 0 0 0
869 3 0 0 3 0
873 3 0 0 3 0
887 3 0 0 3 0
903 3 0 0 3 0
917 3 0 0 0 0
933 3 0 0 0 0
947 3 0 0 3 0
963 3 0 0 3 0
973 3 0 0 3 0
975 3 0 0 0 0
990 3 0 3 0 0
1005 3 0 3 0 0
1030 3 0 3 0 0
1035 3 0 3 0 0
1050 3 0 3 0 0
1065 0 0 0 0 0
1080 0 0 3 0 0
1095 0 0 3 0 0
1110 0 0 3 0 0
1135 0 0 3 0 0
1140 0 0 3 0 0
1155 0 0 3 0 0
1170 0 0 3 0 0
1187 0 0 0 3 0
1190 0 0 0 3 0
1305 0 3 0 0 0
1330 0 3 0 0 0
1335 0 0 0 0 0
1350 0 0 0 0 0
1365 0 0 0 0 0
1380 0 0 0 0 0
1398 0 0 0 0 0
