1 0 3 3 0 0
16 0 3 3 0 0
31 3 0 0 0 0
50 3 0 0 0 0
53 3 0 0 0 0
68 3 0 3 0 0
83 3 0 0 0 0
98 0 0 0 0 0
113 3 0 3 0 0
137 3 0 0 3 0
130 3 0 0 3 0
145 3 0 0 3 0
160 3 0 0 0 0
175 3 0 0 0 0
190 3 0 0 0 0
305 3 0 0 0 0
330 3 0 0 0 0
336 3 0 0 0 0
339 3 0 3 0 0
354 3 0 3 0 0
369 3 0 0 0 0
384 0 0 0 0 0
399 3 0 0 0 0
314 3 0 0 0 0
339 0 0 0 0 0
344 0 0 3 0 0
359 0 0 3 0 0
374 3 0 3 0 0
389 0 0 0 3 0
398 0 3 0 0 0
401 0 0 0 0 0
416 0 0 0 0 0
431 0 0 0 3 0
446 0 0 0 3 0
460 0 0 3 0 0
463 0 0 3 0 0
478 0 0 3 0 0
493 0 3 0 0 0
508 0 3 3 0 0
533 3 0 0 0 0
538 3 0 0 0 0
541 3 0 0 0 0
556 3 0 3 0 0
571 0 0 3 0 0
586 3 0 0 3 0
595 3 0 0 3 0
598 3 0 0 3 0
613 3 0 0 3 0
638 3 0 0 0 0
643 0 0 0 0 0
649 3 0 0 0 0
653 0 0 0 0 0
667 3 0 0 0 0
683 3 0 0 3 0
697 3 0 0 3 0
713 3 0 0 0 0
737 3 0 0 3 0
743 3 0 0 0 0
757 3 0 0 0 0
773 3 0 0 0 0
787 3 0 0 3 0
803 3 0 0 0 0
817 3 0 0 3 0
833 3 0 0 0 0
847 0 0 3 0 0
863 3 0 3 0 0
877 0 0 3 0 0
893 3 0 3 0 0
907 3 0 3 0 0
917 0 0 0 3 0
930 0 0 0 3 0
935 0 0 0 0 0
950 3 0 3 0 0
965 3 0 0 0 0
983 3 0 0 0 0
