1 0 3 3 0 4
16 3 0 0 3 4
31 3 0 0 0 4
40 3 0 0 0 4
43 3 0 0 0 4
58 3 0 0 0 4
73 3 0 0 0 4
88 3 0 0 0 4
103 3 0 0 0 4
111 0 0 0 0 4
114 3 0 0 3 4
129 3 0 0 3 4
144 3 0 0 3 4
159 3 0 3 0 4
174 3 0 0 0 4
189 3 0 0 0 4
204 3 0 3 0 4
219 0 0 0 0 4
234 3 0 3 0 4
249 3 0 0 0 4
264 3 0 3 0 4
279 3 0 0 0 4
294 3 0 3 0 4
309 3 0 0 0 4
324 0 0 0 3 4
339 0 0 0 0 4
354 0 0 0 0 4
369 3 0 0 3 4
384 3 0 0 3 4
398 0 0 0 0 4
401 0 0 0 0 4
416 0 0 0 0 4
431 3 0 0 0 4
446 0 0 0 0 4
461 0 0 0 0 4
476 3 0 0 0 4
491 3 0 0 0 4
506 3 0 0 0 4
521 3 0 0 0 4
536 0 0 0 0 4
551 0 0 0 0 4
566 3 0 0 0 4
581 3 0 0 0 4
600 0 3 0 0 4
603 0 0 0 0 4
618 0 0 0 0 4
633 0 0 0 0 4
648 0 0 0 0 4
663 0 0 0 0 4
680 0 0 3 0 4
683 0 0 3 0 4
698 0 3 3 0 4
713 0 3 3 0 4
728 3 0 0 3 4
743 3 0 0 0 4
758 3 0 0 0 4
773 0 0 0 0 4
788 0 0 0 0 4
803 0 3 0 0 4
818 0 3 0 0 4
833 0 3 3 0 4
848 0 3 3 0 4
863 0 3 3 0 4
878 3 0 0 0 4
889 3 0 0 0 4
892 3 0 0 0 4
907 0 0 0 0 4
922 0 0 0 0 4
937 3 0 3 0 4
952 0 3 0 0 4
967 0 0 0 0 4
982 0 0 0 0 4
997 3 0 3 0 4
1012 3 0 3 0 4
1027 0 0 0 0 4
1042 3 0 0 0 4
1057 3 0 0 0 4
1072 3 0 3 0 4
1087 3 0 3 0 4
1102 0 0 0 0 4
1117 0 0 0 3 4
1130 0 0 0 3 4
1133 0 0 0 3 4
1148 0 0 0 3 4
1163 0 0 0 3 4
1178 0 0 0 3 4
1193 0 0 0 0 4
1208 0 0 0 0 4
1223 0 0 0 0 4
1238 0 0 0 3 4
1253 0 0 0 3 4
1268 0 0 0 0 4
1283 3 0 3 0 4
1289 0 0 0 0 4
1292 3 0 0 0 4
1307 0 0 3 0 4
1322 3 0 0 0 4
1337 3 0 0 0 4
1352 3 0 0 0 4
1367 3 0 0 0 4
1382 3 0 0 0 4
1397 3 0 0 0 4
1412 3 0 0 0 4
1427 3 0 0 0 4
1442 3 0 0 0 4
1457 3 0 0 0 4
1472 3 0 0 0 4
1487 3 0 0 0 4
1502 3 0 0 0 4
1517 3 0 0 0 4
1532 0 0 0 0 4
1547 3 0 0 0 4
1562 3 0 0 0 4
1577 3 0 0 3 4
1592 3 0 0 0 4
1607 3 0 0 0 4
1622 0 0 0 0 4
1637 3 0 0 0 4
1652 3 0 3 0 4
1667 0 0 3 0 4
1682 3 0 3 0 4
1697 3 0 3 0 4
1712 3 0 3 0 4
1728 0 0 0 3 4
1731 0 3 0 3 4
1746 0 0 0 0 4
1761 0 0 0 0 4
1776 0 0 0 0 4
1790 0 0 0 0 4
