25 0 0 0 0 4
40 0 0 0 0 4
55 0 0 0 0 4
70 0 0 0 0 4
85 0 0 0 0 4
91 0 0 3 0 4
94 0 0 3 0 4
109 0 0 3 0 4
124 0 3 3 0 4
139 0 3 3 0 4
154 3 0 0 3 4
169 0 0 0 3 4
184 3 0 0 3 4
199 0 0 0 0 4
209 0 0 3 0 4
212 0 0 0 0 4
227 0 0 3 0 4
242 0 0 3 0 4
257 0 0 0 0 4
272 3 0 0 0 4
287 3 0 0 0 4
298 3 0 0 0 4
301 3 0 0 0 4
316 3 0 0 3 4
331 3 0 0 0 4
346 3 0 0 3 4
357 3 0 0 0 4
360 3 0 3 0 4
375 3 0 3 0 4
390 0 0 0 0 4
405 0 0 0 0 4
420 0 0 3 0 4
435 0 0 3 0 4
450 0 0 3 0 4
465 0 3 0 3 4
477 0 0 0 3 4
480 0 0 0 3 4
495 0 0 0 3 4
510 0 3 0 0 4
525 0 3 0 0 4
540 0 3 0 0 4
549 0 3 3 0 4
552 0 3 3 0 4
567 0 3 0 0 4
582 0 3 0 0 4
597 0 3 0 0 4
612 0 3 3 0 4
627 0 3 3 0 4
642 0 3 3 0 4
657 0 3 3 0 4
672 3 0 0 0 4
687 3 0 0 0 4
702 3 0 0 0 4
717 0 0 0 0 4
727 3 0 3 0 4
730 3 0 3 0 4
745 3 0 0 0 4
760 3 0 3 0 4
775 0 0 0 0 4
790 3 0 0 3 4
805 3 0 0 3 4
820 0 3 0 0 4
835 0 3 0 0 4
850 0 3 0 0 4
865 0 3 0 0 4
880 0 3 0 0 4
895 0 3 0 0 4
910 0 3 0 0 4
925 3 0 0 0 4
940 0 0 3 0 4
955 3 0 3 0 4
970 3 0 3 0 4
985 0 0 0 0 4
1000 0 0 0 0 4
1010 0 0 0 0 4
1013 3 0 0 0 4
1028 0 0 0 0 4
1043 0 0 0 0 4
1058 0 0 0 0 4
1061 0 0 3 0 4
1076 0 0 0 0 4
1091 0 0 0 0 4
1106 0 0 3 0 4
1121 0 0 3 0 4
1136 3 0 3 0 4
1149 0 0 0 3 4
1152 0 0 0 3 4
1167 0 0 0 0 4
1182 0 0 0 0 4
1197 3 0 0 0 4
1212 0 0 0 0 4
1218 0 3 0 0 4
