1 0 0 0 0 4
16 0 0 0 0 4
31 0 0 0 0 4
46 0 0 0 0 4
61 0 0 3 0 4
76 0 0 3 0 4
91 0 0 3 0 4
101 0 3 3 0 4
104 0 3 3 0 4
119 0 3 3 0 4
134 0 3 3 0 4
149 0 0 3 0 4
164 0 3 3 0 4
179 0 3 3 0 4
194 3 0 0 0 4
209 0 0 0 3 4
224 0 0 0 3 4
239 0 0 0 0 4
258 0 0 0 0 4
261 0 0 0 0 4
276 3 0 3 0 4
291 3 0 3 0 4
306 3 0 3 0 4
321 3 0 3 0 4
336 3 0 3 0 4
351 3 0 3 0 4
366 3 0 3 0 4
381 0 0 3 0 4
396 3 0 0 0 4
411 3 0 0 3 4
416 3 0 0 3 4
419 0 0 0 3 4
434 0 0 0 3 4
449 0 0 0 3 4
464 0 0 0 3 4
479 0 0 3 0 4
490 0 0 3 0 4
493 0 0 0 0 4
508 0 0 3 0 4
523 0 0 3 0 4
538 0 0 3 0 4
553 0 0 0 0 4
568 0 0 0 0 4
583 0 0 3 0 4
598 0 0 0 0 4
613 0 0 3 0 4
628 0 0 3 0 4
643 0 0 3 0 4
658 0 0 3 0 4
673 0 0 3 0 4
688 0 0 3 0 4
703 0 0 0 3 4
718 0 0 0 0 4
736 0 0 0 0 4
739 0 0 0 0 4
754 0 0 0 3 4
769 0 0 0 3 4
784 0 0 0 3 4
799 0 0 3 0 4
814 0 0 0 3 4
829 0 0 0 3 4
844 0 0 3 0 4
861 0 0 3 0 4
864 0 3 3 0 4
879 0 3 3 0 4
894 0 3 3 0 4
909 0 3 3 0 4
924 0 3 3 0 4
939 0 3 3 0 4
954 0 3 3 0 4
969 0 3 3 0 4
984 0 3 3 0 4
999 0 3 3 0 4
1014 0 3 3 0 4
1029 0 3 3 0 4
1044 3 0 0 3 4
1059 3 0 0 0 4
1074 3 0 0 0 4
1089 3 0 0 0 4
1104 3 0 0 3 4
1119 3 0 0 3 4
1134 0 3 3 0 4
1149 0 3 3 0 4
1164 0 3 3 0 4
1179 3 0 0 3 4
1194 3 0 0 0 4
1202 3 0 0 0 4
1205 0 0 0 0 4
1220 3 0 3 0 4
1235 3 0 3 0 4
1250 0 0 3 0 4
1265 0 0 3 0 4
1280 3 0 0 0 4
1295 0 0 0 0 4
1310 3 0 0 0 4
1325 3 0 0 0 4
1340 3 0 0 0 4
1355 0 0 0 0 4
1370 0 0 0 0 4
1385 3 0 0 0 4
1397 0 0 0 3 4
1400 0 0 0 3 4
1415 0 0 0 0 4
1430 0 0 0 3 4
1445 0 0 0 0 4
1460 0 0 0 0 4
1475 0 0 0 0 4
1490 3 0 0 0 4
1505 0 0 0 3 4
1520 0 0 0 3 4
1535 0 0 0 0 4
1550 0 0 0 0 4
1565 0 0 0 3 4
1580 0 0 0 0 4
1595 0 0 0 0 4
1610 0 0 0 0 4
1625 0 0 0 3 4
1640 0 0 0 0 4
1655 0 0 3 0 4
1658 0 0 0 0 4
1673 0 0 0 0 4
1688 0 0 0 0 4
1703 0 0 0 0 4
1718 0 0 0 0 4
1733 0 0 0 0 4
1748 0 0 0 0 4
1763 0 0 3 0 4
1778 0 0 3 0 4
1793 0 0 3 0 4
1808 0 0 3 0 4
1823 0 0 3 0 4
1838 0 0 3 0 4
1849 0 0 0 3 4
1852 0 0 0 0 4
1867 0 0 0 0 4
1882 0 0 0 0 4
1897 0 0 0 0 4
1912 0 0 0 0 4
1927 0 0 0 0 4
1942 3 0 0 0 4
1957 3 0 0 0 4
1973 3 0 0 0 4
