1 0 0 0 3 0
16 0 0 0 0 0
31 0 0 0 3 0
46 0 0 0 3 0
61 0 0 3 0 0
76 0 0 3 0 0
89 0 0 3 0 0
93 0 0 3 0 0
107 0 0 3 0 0
133 0 0 0 0 0
137 0 3 0 0 0
153 3 0 0 0 0
167 3 0 0 3 0
183 3 0 0 3 0
197 3 0 0 3 0
313 3 0 0 3 0
337 3 0 0 3 0
343 3 0 0 0 0
353 0 0 0 0 0
355 0 0 0 0 0
370 0 0 0 0 0
385 0 0 0 0 0
300 0 0 3 0 0
315 3 0 3 0 0
330 3 0 3 0 0
345 3 0 0 0 0
360 3 0 3 0 0
375 0 0 3 0 0
390 3 0 3 0 0
405 3 0 0 3 0
414 0 0 0 3 0
417 0 0 0 3 0
433 0 0 0 3 0
447 0 0 0 0 0
463 3 0 0 0 0
477 0 0 3 0 0
483 0 0 3 0 0
486 0 0 3 0 0
501 0 0 3 0 0
516 3 0 0 0 0
531 3 0 0 0 0
546 0 0 3 0 0
561 0 0 0 0 0
576 0 0 3 0 0
591 0 0 0 0 0
606 0 0 3 0 0
631 0 0 3 0 0
636 0 0 3 0 0
651 0 0 3 0 0
666 0 0 3 0 0
681 0 0 3 0 0
696 0 0 3 0 0
711 3 0 3 0 0
736 0 0 3 0 0
741 0 0 3 0 0
756 0 0 3 0 0
771 0 0 3 0 0
786 0 0 3 0 0
801 0 3 3 0 0
816 0 3 3 0 0
831 0 3 3 0 0
846 3 0 3 0 0
861 0 0 3 0 0
876 0 3 3 0 0
891 0 3 3 0 0
906 0 3 3 0 0
931 0 3 3 0 0
936 3 0 3 0 0
951 3 0 3 0 0
966 3 0 3 0 0
981 3 0 3 0 0
996 0 0 3 0 0
1011 3 0 3 0 0
1036 0 0 3 0 0
1041 0 0 0 3 0
1048 0 0 0 3 0
1051 0 0 0 3 0
1066 0 0 0 0 0
1081 0 0 0 0 0
1096 0 0 0 0 0
1111 0 0 0 3 0
1136 0 0 0 3 0
1141 0 0 0 3 0
1156 0 3 0 0 0
1171 0 0 3 0 0
1187 0 3 3 0 0
1190 0 0 3 0 0
1305 0 0 3 0 0
1330 0 0 3 0 0
1335 0 3 3 0 0
1350 0 3 3 0 0
1365 0 3 3 0 0
1380 3 0 0 3 0
1395 3 0 0 3 0
1310 3 0 0 0 0
1335 3 0 0 0 0
1340 3 0 0 0 0
1355 3 0 0 0 0
1370 3 0 0 3 0
1385 3 0 0 0 0
1400 3 0 3 0 0
1415 3 0 3 0 0
1430 3 0 3 0 0
1445 3 0 3 0 0
1460 3 0 3 0 0
1475 3 0 0 0 0
1490 0 0 0 0 0
1505 3 0 0 0 0
1530 3 0 0 3 0
1535 3 0 0 0 0
1550 3 0 0 3 0
1565 3 0 0 3 0
1580 0 3 3 0 0
1595 0 3 3 0 0
1610 0 3 3 0 0
1635 3 0 3 0 0
1640 3 0 0 3 0
1655 3 0 0 0 0
1670 3 0 0 0 0
1685 3 0 0 0 0
1700 3 0 0 3 0
1715 3 0 0 0 0
1730 3 0 0 3 0
1745 3 0 3 0 0
1760 3 0 3 0 0
1775 3 0 3 0 0
1790 3 0 3 0 0
1805 0 0 0 0 0
1830 3 0 0 0 0
1835 3 0 0 0 0
1850 3 0 3 0 0
1865 3 0 0 0 0
1868 3 0 0 0 0
1883 3 0 3 0 0
1898 3 0 3 0 0
1913 3 0 3 0 0
1938 3 0 3 0 0
1943 3 0 3 0 0
1958 3 0 3 0 0
1973 3 0 3 0 0
1988 3 0 3 0 0
3003 3 0 3 0 0
3018 0 0 3 0 0
3033 0 0 3 0 0
3048 0 0 3 0 0
3063 3 0 3 0 0
3078 0 0 3 0 0
3093 0 0 0 0 0
3108 3 0 3 0 0
3130 0 0 0 0 0
3133 0 0 0 0 0
3138 0 0 0 0 0
3153 0 0 0 3 0
3168 3 0 0 3 0
3183 3 0 0 3 0
3198 3 0 0 3 0
3313 3 0 0 3 0
3338 3 0 0 3 0
3343 3 0 0 3 0
3353 3 0 3 0 0
3355 3 0 3 0 0
3370 3 0 0 0 0
3385 3 0 0 0 0
3300 3 0 3 0 0
3315 3 0 3 0 0
3330 3 0 3 0 0
3345 3 0 3 0 0
3360 3 0 3 0 0
3375 0 0 3 0 0
3390 0 0 3 0 0
3405 0 0 3 0 0
3430 0 0 3 0 0
3435 0 0 3 0 0
3450 0 0 3 0 0
3465 0 0 3 0 0
3480 0 0 3 0 0
3496 0 0 0 3 0
3499 0 0 0 3 0
3514 0 0 0 0 0
3539 0 0 0 0 0
3544 0 0 0 0 0
3559 0 0 0 0 0
3574 0 0 0 0 0
3589 0 0 0 0 0
3604 0 0 0 0 0
3610 0 0 0 0 0
