21 0 0 0 0 4
36 0 0 0 0 4
51 0 0 0 0 4
66 0 0 0 0 4
81 0 0 0 0 4
96 0 0 3 0 4
103 0 0 3 0 4
106 0 0 3 0 4
121 0 0 3 0 4
136 0 0 3 0 4
151 0 3 3 0 4
166 0 3 3 0 4
181 3 0 0 3 4
196 3 0 0 0 4
211 3 0 0 0 4
219 3 0 0 0 4
222 3 0 0 0 4
237 3 0 3 0 4
252 0 0 0 0 4
267 3 0 3 0 4
282 3 0 3 0 4
291 3 0 0 0 4
294 3 0 0 0 4
309 3 0 0 3 4
324 0 0 0 0 4
339 3 0 0 0 4
354 3 0 0 3 4
369 3 0 0 3 4
384 3 0 0 3 4
399 3 0 0 3 4
408 3 0 0 3 4
411 0 0 0 0 4
426 0 0 0 0 4
441 3 0 0 0 4
456 0 0 0 0 4
471 0 0 0 0 4
486 0 0 0 0 4
501 0 0 0 0 4
516 0 0 0 0 4
531 0 0 0 0 4
546 0 3 0 0 4
551 0 3 0 0 4
554 0 0 0 0 4
569 0 0 0 0 4
584 0 3 0 0 4
599 0 3 0 0 4
614 0 3 0 0 4
632 0 3 0 0 4
635 0 0 0 0 4
650 0 0 0 0 4
665 0 0 0 0 4
680 0 3 0 0 4
695 0 3 0 0 4
710 0 3 0 0 4
725 0 3 0 0 4
740 3 0 0 0 4
755 3 0 0 3 4
770 3 0 0 3 4
785 3 0 3 0 4
797 3 0 3 0 4
800 3 0 3 0 4
815 3 0 3 0 4
830 3 0 0 0 4
845 3 0 3 0 4
860 3 0 3 0 4
875 3 0 3 0 4
892 3 0 0 0 4
895 3 0 0 0 4
910 0 0 0 3 4
925 0 0 0 3 4
940 0 0 3 0 4
955 3 0 3 0 4
970 0 0 0 3 4
985 0 0 0 3 4
1000 0 0 0 3 4
1005 0 0 3 0 4
1008 0 0 3 0 4
1023 3 0 3 0 4
1038 3 0 0 0 4
1053 3 0 0 0 4
1068 3 0 0 0 4
1083 3 0 3 0 4
1098 0 0 3 0 4
1113 0 0 3 0 4
1128 0 0 3 0 4
1143 0 0 3 0 4
1149 0 0 0 3 4
1152 0 0 0 3 4
1167 0 0 0 0 4
1182 0 0 0 0 4
1197 0 0 0 0 4
1212 0 0 0 0 4
1225 0 0 0 0 4
