20 0 0 0 0 4
35 0 0 0 3 4
50 0 3 0 0 4
65 0 3 0 3 4
80 0 3 0 3 4
92 0 3 3 0 4
95 0 3 3 0 4
110 0 0 3 0 4
125 0 0 3 0 4
140 0 0 3 0 4
155 0 0 3 0 4
170 0 3 3 0 4
185 0 3 3 0 4
200 3 0 0 3 4
215 3 0 0 3 4
230 3 0 0 0 4
246 3 0 0 0 4
249 3 0 0 0 4
264 0 0 3 0 4
279 0 0 3 0 4
294 3 0 3 0 4
309 3 0 3 0 4
324 3 0 3 0 4
339 0 0 3 0 4
354 3 0 3 0 4
369 0 0 0 0 4
384 0 0 0 0 4
399 0 0 0 0 4
414 0 0 3 0 4
429 0 0 0 3 4
439 0 0 0 3 4
442 3 0 0 3 4
457 3 0 0 3 4
472 3 0 0 3 4
487 0 0 0 0 4
502 3 0 0 3 4
517 3 0 0 3 4
532 3 0 0 3 4
547 3 0 3 0 4
562 3 0 0 3 4
577 0 0 0 3 4
592 3 0 0 0 4
607 3 0 0 0 4
622 3 0 0 0 4
637 0 0 3 0 4
652 3 0 3 0 4
667 3 0 0 0 4
682 0 0 3 0 4
697 3 0 3 0 4
712 3 0 0 0 4
727 3 0 3 0 4
742 3 0 3 0 4
757 3 0 0 0 4
772 3 0 0 0 4
787 0 0 0 0 4
802 3 0 0 0 4
817 0 0 3 0 4
832 3 0 3 0 4
847 3 0 3 0 4
862 3 0 3 0 4
877 3 0 3 0 4
892 3 0 3 0 4
907 0 0 0 0 4
922 0 0 0 0 4
937 3 0 3 0 4
952 3 0 0 0 4
967 0 0 0 0 4
982 0 0 0 0 4
997 0 0 0 0 4
1012 3 0 0 0 4
1027 0 0 3 0 4
1042 0 0 3 0 4
1057 0 0 0 3 4
1072 0 0 0 0 4
1087 0 0 0 0 4
1102 0 0 0 3 4
1117 0 0 3 0 4
1132 0 0 3 0 4
1147 0 0 0 0 4
1162 0 0 0 3 4
1177 0 0 0 0 4
1192 0 0 3 0 4
1207 0 0 3 0 4
1222 0 0 0 0 4
1237 0 0 0 3 4
1252 0 0 0 3 4
1268 0 0 3 0 4
1271 3 0 0 0 4
1286 3 0 3 0 4
1301 3 0 0 0 4
1316 3 0 0 0 4
1331 0 0 0 0 4
1346 3 0 3 0 4
1361 0 0 3 0 4
1376 0 0 3 0 4
1391 0 0 3 0 4
1406 0 0 3 0 4
1421 0 0 0 0 4
1436 0 0 0 0 4
1447 0 0 0 0 4
1450 0 0 0 0 4
1465 0 0 0 0 4
1480 0 3 0 3 4
1495 0 0 0 0 4
1510 0 0 0 0 4
1522 0 3 0 0 4
1525 0 0 3 0 4
1540 0 3 3 0 4
1555 0 0 3 0 4
1570 0 0 3 0 4
1585 0 3 3 0 4
1600 0 3 3 0 4
1615 3 0 0 0 4
1630 0 0 0 0 4
1645 3 0 0 0 4
1660 3 0 0 0 4
1675 0 0 0 0 4
1690 0 0 3 0 4
1697 0 0 3 0 4
1700 0 0 3 0 4
1715 3 0 3 0 4
1730 0 0 3 0 4
1745 0 0 3 0 4
1760 0 0 3 0 4
1775 0 0 0 0 4
1790 0 0 0 0 4
1805 0 0 0 0 4
1820 3 0 3 0 4
1835 0 0 0 0 4
1850 3 0 0 3 4
1853 0 0 0 3 4
1868 3 0 0 3 4
1883 3 0 0 3 4
1898 0 0 0 3 4
1913 0 0 0 3 4
1928 0 0 0 3 4
1945 0 0 3 0 4
1948 0 0 3 0 4
1963 0 0 3 0 4
1978 0 0 3 0 4
1993 0 0 3 0 4
2008 0 0 3 0 4
2023 0 0 3 0 4
2038 0 0 3 0 4
2053 0 0 3 0 4
2068 0 0 3 0 4
2083 0 0 0 3 4
2086 0 0 0 3 4
2101 0 0 0 3 4
2116 0 0 0 0 4
2131 0 0 0 0 4
2146 0 0 0 0 4
2161 3 0 0 0 4
2176 3 0 0 0 4
2191 3 0 0 0 4
2206 3 0 0 0 4
2221 3 0 0 0 4
2236 3 0 0 0 4
2243 3 0 0 0 4
