0 00002 00002 00000 00002 .46 .46 .46 .46 .63 .63 .63 .63
1 00002 00002 00000 00002 .46 .46 .46 .46 .63 .63 .63 .63
2 00002 00002 00000 00002 .46 .46 .46 .46 .63 .63 .63 .63
3 00002 00002 00000 00002 .46 .46 .46 .46 .63 .63 .63 .63
4 00002 00002 00000 00002 .46 .46 .46 .46 .63 .63 .63 .63
5 00002 00002 00000 00002 .46 .46 .46 .46 .63 .63 .63 .63
6 00002 00002 00000 00002 .46 .46 .46 .46 .63 .63 .63 .63
7 00002 00002 00000 00002 .46 .46 .46 .46 .63 .63 .63 .63
8 00002 00002 00000 00002 .46 .46 .46 .46 .63 .63 .63 .63
9 00002 00002 00020 00002 .22 .22 .22 .22 .41 .41 .41 .41
10 00202 00202 00020 00202 .16 .16 .16 .16 .37 .37 .37 .37
11 00202 00202 00020 00202 .16 .16 .16 .16 .37 .37 .37 .37
12 00202 00202 00200 00202 .72 .72 .72 .72 .79 .79 .79 .79
13 00202 00202 00200 00202 .72 .72 .72 .72 .79 .79 .79 .79
14 00202 00202 00200 00202 .72 .72 .72 .72 .79 .79 .79 .79
15 00202 00202 00200 00202 .72 .72 .72 .72 .79 .79 .79 .79
16 00202 00202 00200 00202 .72 .72 .72 .72 .79 .79 .79 .79
17 00202 00202 00200 00202 .72 .72 .72 .72 .79 .79 .79 .79
18 00202 00202 00200 00202 .72 .72 .72 .72 .79 .79 .79 .79
19 00202 00202 00200 00202 .72 .72 .72 .72 .79 .79 .79 .79
20 00202 00202 00200 00202 .72 .72 .72 .72 .79 .79 .79 .79
21 00202 00202 00200 00202 .72 .72 .72 .72 .79 .79 .79 .79
22 00202 00202 00200 00202 .72 .72 .72 .72 .79 .79 .79 .79
23 00202 00202 00200 00202 .72 .72 .72 .72 .79 .79 .79 .79
24 00202 00202 00200 00202 .72 .72 .72 .72 .79 .79 .79 .79
25 00202 00202 00200 00202 .72 .72 .72 .72 .79 .79 .79 .79
26 00202 00202 00200 00202 .72 .72 .72 .72 .79 .79 .79 .79
27 00202 00202 00020 00202 .16 .16 .16 .16 .37 .37 .37 .37
28 00202 00202 00020 00202 .16 .16 .16 .16 .37 .37 .37 .37
29 00202 00202 00020 00202 .16 .16 .16 .16 .37 .37 .37 .37
30 00200 00200 00020 00200 .22 .22 .22 .22 .41 .41 .41 .41
31 00200 00200 00020 00200 .22 .22 .22 .22 .41 .41 .41 .41
32 00200 00200 00020 00200 .22 .22 .22 .22 .41 .41 .41 .41
33 00200 00200 00020 00200 .22 .22 .22 .22 .41 .41 .41 .41
34 00200 00200 00020 00200 .22 .22 .22 .22 .41 .41 .41 .41
35 00200 00200 00020 00200 .22 .22 .22 .22 .41 .41 .41 .41
36 00200 00200 00020 00200 .22 .22 .22 .22 .41 .41 .41 .41
37 00200 00200 00020 00200 .22 .22 .22 .22 .41 .41 .41 .41
38 00200 00200 00020 00200 .22 .22 .22 .22 .41 .41 .41 .41
39 00200 00200 00020 00200 .22 .22 .22 .22 .41 .41 .41 .41
40 00200 00200 00020 00200 .22 .22 .22 .22 .41 .41 .41 .41
41 00200 00200 00020 00200 .22 .22 .22 .22 .41 .41 .41 .41
42 00200 00200 00200 00200 1.00 1.00 1.00 1.00 1.00 1.00 1.00 1.00
43 00200 00200 00200 00200 1.00 1.00 1.00 1.00 1.00 1.00 1.00 1.00
44 00200 00200 00200 00200 1.00 1.00 1.00 1.00 1.00 1.00 1.00 1.00
45 00200 00200 00200 00200 1.00 1.00 1.00 1.00 1.00 1.00 1.00 1.00
46 00200 00200 00200 00200 1.00 1.00 1.00 1.00 1.00 1.00 1.00 1.00
47 00200 00200 00200 00200 1.00 1.00 1.00 1.00 1.00 1.00 1.00 1.00
48 00200 00200 00200 00200 1.00 1.00 1.00 1.00 1.00 1.00 1.00 1.00
49 00200 00200 00200 00200 1.00 1.00 1.00 1.00 1.00 1.00 1.00 1.00
50 00200 00200 00200 00200 1.00 1.00 1.00 1.00 1.00 1.00 1.00 1.00
51 00200 00200 00200 00200 1.00 1.00 1.00 1.00 1.00 1.00 1.00 1.00
52 00200 00200 00200 00200 1.00 1.00 1.00 1.00 1.00 1.00 1.00 1.00
53 00200 00200 00200 00200 1.00 1.00 1.00 1.00 1.00 1.00 1.00 1.00
54 00200 00200 00200 00200 1.00 1.00 1.00 1.00 1.00 1.00 1.00 1.00
55 00200 00200 00200 00200 1.00 1.00 1.00 1.00 1.00 1.00 1.00 1.00
56 00200 00200 00200 00200 1.00 1.00 1.00 1.00 1.00 1.00 1.00 1.00
57 00200 00200 00200 00200 1.00 1.00 1.00 1.00 1.00 1.00 1.00 1.00
58 00200 00200 00200 00200 1.00 1.00 1.00 1.00 1.00 1.00 1.00 1.00
59 00200 00200 00200 00200 1.00 1.00 1.00 1.00 1.00 1.00 1.00 1.00
60 00200 00200 00200 00200 1.00 1.00 1.00 1.00 1.00 1.00 1.00 1.00
61 00200 00200 00200 00200 1.00 1.00 1.00 1.00 1.00 1.00 1.00 1.00
62 00200 00200 00200 00200 1.00 1.00 1.00 1.00 1.00 1.00 1.00 1.00
63 00200 00200 00200 00200 1.00 1.00 1.00 1.00 1.00 1.00 1.00 1.00
64 00200 00200 00200 00200 1.00 1.00 1.00 1.00 1.00 1.00 1.00 1.00
65 00200 00200 00200 00200 1.00 1.00 1.00 1.00 1.00 1.00 1.00 1.00
66 00200 00200 00200 00200 1.00 1.00 1.00 1.00 1.00 1.00 1.00 1.00
67 00200 00200 00200 00200 1.00 1.00 1.00 1.00 1.00 1.00 1.00 1.00
68 00200 00200 00200 00200 1.00 1.00 1.00 1.00 1.00 1.00 1.00 1.00
69 00200 00200 00200 00200 1.00 1.00 1.00 1.00 1.00 1.00 1.00 1.00
70 00200 00200 00200 00200 1.00 1.00 1.00 1.00 1.00 1.00 1.00 1.00
71 00200 00200 00200 00200 1.00 1.00 1.00 1.00 1.00 1.00 1.00 1.00
72 00200 00200 00200 00200 1.00 1.00 1.00 1.00 1.00 1.00 1.00 1.00
73 00200 00200 00200 00200 1.00 1.00 1.00 1.00 1.00 1.00 1.00 1.00
74 00200 00200 00200 00200 1.00 1.00 1.00 1.00 1.00 1.00 1.00 1.00
75 00200 00200 00200 00200 1.00 1.00 1.00 1.00 1.00 1.00 1.00 1.00
76 00200 00200 00200 00200 1.00 1.00 1.00 1.00 1.00 1.00 1.00 1.00
77 00200 00200 00200 00200 1.00 1.00 1.00 1.00 1.00 1.00 1.00 1.00
78 00200 00200 00200 00200 1.00 1.00 1.00 1.00 1.00 1.00 1.00 1.00
79 00200 00200 00200 00200 1.00 1.00 1.00 1.00 1.00 1.00 1.00 1.00
80 00200 00200 00200 00200 1.00 1.00 1.00 1.00 1.00 1.00 1.00 1.00
81 00200 00200 00200 00200 1.00 1.00 1.00 1.00 1.00 1.00 1.00 1.00
82 00200 00200 00200 00200 1.00 1.00 1.00 1.00 1.00 1.00 1.00 1.00
83 00200 00200 00200 00200 1.00 1.00 1.00 1.00 1.00 1.00 1.00 1.00
84 00200 00200 00200 00200 1.00 1.00 1.00 1.00 1.00 1.00 1.00 1.00
85 00200 00200 00200 00200 1.00 1.00 1.00 1.00 1.00 1.00 1.00 1.00
86 00200 00200 00200 00200 1.00 1.00 1.00 1.00 1.00 1.00 1.00 1.00
87 00200 00200 00200 00200 1.00 1.00 1.00 1.00 1.00 1.00 1.00 1.00
88 00200 00200 00200 00200 1.00 1.00 1.00 1.00 1.00 1.00 1.00 1.00
89 00200 00200 00200 00200 1.00 1.00 1.00 1.00 1.00 1.00 1.00 1.00
90 00200 00200 00200 00200 1.00 1.00 1.00 1.00 1.00 1.00 1.00 1.00
91 00200 00200 00200 00200 1.00 1.00 1.00 1.00 1.00 1.00 1.00 1.00
92 00200 00200 00200 00200 1.00 1.00 1.00 1.00 1.00 1.00 1.00 1.00
93 00200 00200 00200 00200 1.00 1.00 1.00 1.00 1.00 1.00 1.00 1.00
94 00200 00200 00200 00200 1.00 1.00 1.00 1.00 1.00 1.00 1.00 1.00
95 00200 00200 00200 00200 1.00 1.00 1.00 1.00 1.00 1.00 1.00 1.00
96 00200 00200 00200 00200 1.00 1.00 1.00 1.00 1.00 1.00 1.00 1.00
97 00200 00200 00200 00200 1.00 1.00 1.00 1.00 1.00 1.00 1.00 1.00
98 00200 00200 00200 00200 1.00 1.00 1.00 1.00 1.00 1.00 1.00 1.00
99 00200 00200 00020 00200 .22 .22 .22 .22 .41 .41 .41 .41
100 00201 00200 00020 00200 .11 .09 .14 .05 .28 .29 .34 .24
101 00201 00200 00020 00200 .11 .09 .14 .05 .28 .29 .34 .24
102 00201 00200 00020 00200 .11 .09 .14 .05 .28 .29 .34 .24
103 00201 00200 00020 00200 .11 .09 .14 .05 .28 .29 .34 .24
104 00201 00200 00020 00200 .11 .09 .14 .05 .28 .29 .34 .24
105 00201 00200 00020 00200 .11 .09 .14 .05 .28 .29 .34 .24
106 00201 00200 00020 00200 .11 .09 .14 .05 .28 .29 .34 .24
107 00201 00200 00020 00200 .11 .09 .14 .05 .28 .29 .34 .24
108 00201 00200 00020 00200 .11 .09 .14 .05 .28 .29 .34 .24
109 00201 00200 00020 00200 .11 .09 .14 .05 .28 .29 .34 .24
110 00201 00201 00020 00201 .25 .14 .14 .17 .45 .34 .34 .38
111 00201 00201 00020 00201 .25 .14 .14 .17 .45 .34 .34 .38
112 00201 00201 00020 00201 .25 .14 .14 .17 .45 .34 .34 .38
113 00201 00201 00020 00201 .25 .14 .14 .17 .45 .34 .34 .38
114 00201 00201 00020 00201 .25 .14 .14 .17 .45 .34 .34 .38
115 00201 00201 00020 00201 .25 .14 .14 .17 .45 .34 .34 .38
116 00201 00201 00020 00201 .25 .14 .14 .17 .45 .34 .34 .38
117 00201 00201 00020 00201 .25 .14 .14 .17 .45 .34 .34 .38
118 00201 00201 00020 00201 .25 .14 .14 .17 .45 .34 .34 .38
119 00201 00201 00020 00201 .25 .14 .14 .17 .45 .34 .34 .38
120 00201 00201 00020 00201 .25 .14 .14 .17 .45 .34 .34 .38
121 00201 00201 00020 00201 .25 .14 .14 .17 .45 .34 .34 .38
122 00201 00201 00020 00201 .25 .14 .14 .17 .45 .34 .34 .38
123 00201 00201 00020 00201 .25 .14 .14 .17 .45 .34 .34 .38
124 00201 00201 00020 00201 .25 .14 .14 .17 .45 .34 .34 .38
125 00201 00201 00020 00201 .25 .14 .14 .17 .45 .34 .34 .38
126 00201 00201 00020 00201 .25 .14 .14 .17 .45 .34 .34 .38
127 00201 00201 00020 00201 .25 .14 .14 .17 .45 .34 .34 .38
128 00201 00201 00020 00201 .25 .14 .14 .17 .45 .34 .34 .38
129 00201 00201 00020 00201 .25 .14 .14 .17 .45 .34 .34 .38
130 00021 00021 00020 00021 .75 .83 .90 .72 .82 .87 .93 .79
131 00021 00021 00020 00021 .75 .83 .90 .72 .82 .87 .93 .79
132 00021 00021 00020 00021 .75 .83 .90 .72 .82 .87 .93 .79
133 00021 00021 00020 00021 .75 .83 .90 .72 .82 .87 .93 .79
134 00021 00021 00020 00021 .75 .83 .90 .72 .82 .87 .93 .79
135 00021 00021 00020 00021 .75 .83 .90 .72 .82 .87 .93 .79
136 00021 00021 00020 00021 .75 .83 .90 .72 .82 .87 .93 .79
137 00021 00021 00020 00021 .75 .83 .90 .72 .82 .87 .93 .79
138 00021 00021 00020 00021 .75 .83 .90 .72 .82 .87 .93 .79
139 00021 00021 00020 00021 .75 .83 .90 .72 .82 .87 .93 .79
140 00021 00001 00020 00021 .42 .37 .39 .37 .59 .55 .57 .55
141 00021 00001 00020 00021 .42 .37 .39 .37 .59 .55 .57 .55
142 00021 00001 00020 00021 .42 .37 .39 .37 .59 .55 .57 .55
143 00021 00001 00020 00021 .42 .37 .39 .37 .59 .55 .57 .55
144 00021 00001 00020 00021 .42 .37 .39 .37 .59 .55 .57 .55
145 00021 00001 00020 00021 .42 .37 .39 .37 .59 .55 .57 .55
146 00021 00001 00020 00021 .42 .37 .39 .37 .59 .55 .57 .55
147 00021 00001 00000 00001 .26 .17 .05 .23 .43 .35 .17 .41
148 00021 00001 00000 00001 .26 .17 .05 .23 .43 .35 .17 .41
149 00021 00001 00000 00001 .26 .17 .05 .23 .43 .35 .17 .41
150 00001 00001 00000 00001 .46 .46 .46 .46 .63 .63 .63 .63
151 00001 00001 00000 00001 .46 .46 .46 .46 .63 .63 .63 .63
152 00001 00001 00000 00001 .46 .46 .46 .46 .63 .63 .63 .63
153 00001 00001 00000 00001 .46 .46 .46 .46 .63 .63 .63 .63
154 00001 00001 00000 00001 .46 .46 .46 .46 .63 .63 .63 .63
155 00001 00001 00000 00001 .46 .46 .46 .46 .63 .63 .63 .63
156 00001 00001 00000 00001 .46 .46 .46 .46 .63 .63 .63 .63
157 00001 00001 00000 00001 .46 .46 .46 .46 .63 .63 .63 .63
158 00001 00001 00000 00001 .46 .46 .46 .46 .63 .63 .63 .63
159 00001 00001 00000 00001 .46 .46 .46 .46 .63 .63 .63 .63
160 00021 00021 00000 00021 .42 .37 .39 .37 .59 .55 .57 .55
161 00021 00021 00000 00021 .42 .37 .39 .37 .59 .55 .57 .55
162 00021 00021 00020 00021 .75 .83 .90 .72 .82 .87 .93 .79
163 00021 00021 00020 00021 .75 .83 .90 .72 .82 .87 .93 .79
164 00021 00021 00020 00021 .75 .83 .90 .72 .82 .87 .93 .79
165 00021 00021 00020 00021 .75 .83 .90 .72 .82 .87 .93 .79
166 00021 00021 00020 00021 .75 .83 .90 .72 .82 .87 .93 .79
167 00021 00021 00020 00021 .75 .83 .90 .72 .82 .87 .93 .79
168 00021 00021 00020 00021 .75 .83 .90 .72 .82 .87 .93 .79
169 00021 00021 00020 00021 .75 .83 .90 .72 .82 .87 .93 .79
170 00021 00021 00020 00021 .75 .83 .90 .72 .82 .87 .93 .79
171 00021 00021 00020 00021 .75 .83 .90 .72 .82 .87 .93 .79
172 00021 00021 00020 00021 .75 .83 .90 .72 .82 .87 .93 .79
173 00021 00021 00020 00021 .75 .83 .90 .72 .82 .87 .93 .79
174 00021 00021 00020 00021 .75 .83 .90 .72 .82 .87 .93 .79
175 00021 00021 00020 00021 .75 .83 .90 .72 .82 .87 .93 .79
176 00021 00021 00020 00021 .75 .83 .90 .72 .82 .87 .93 .79
177 00021 00021 00000 00021 .42 .37 .39 .37 .59 .55 .57 .55
178 00021 00021 00000 00021 .42 .37 .39 .37 .59 .55 .57 .55
179 00021 00021 00000 00021 .42 .37 .39 .37 .59 .55 .57 .55
180 00201 00201 00000 00201 .42 .37 .39 .37 .59 .55 .57 .55
181 00201 00201 00000 00201 .42 .37 .39 .37 .59 .55 .57 .55
182 00201 00201 00000 00201 .42 .37 .39 .37 .59 .55 .57 .55
183 00201 00201 00000 00201 .42 .37 .39 .37 .59 .55 .57 .55
184 00201 00201 00000 00201 .42 .37 .39 .37 .59 .55 .57 .55
185 00201 00201 00000 00201 .42 .37 .39 .37 .59 .55 .57 .55
186 00201 00201 00000 00201 .42 .37 .39 .37 .59 .55 .57 .55
187 00201 00201 00000 00201 .42 .37 .39 .37 .59 .55 .57 .55
188 00201 00201 00000 00201 .42 .37 .39 .37 .59 .55 .57 .55
189 00201 00201 00000 00201 .42 .37 .39 .37 .59 .55 .57 .55
190 00201 00201 00000 00201 .42 .37 .39 .37 .59 .55 .57 .55
191 00201 00201 00000 00201 .42 .37 .39 .37 .59 .55 .57 .55
192 00201 00201 00000 00201 .42 .37 .39 .37 .59 .55 .57 .55
193 00201 00201 00000 00201 .42 .37 .39 .37 .59 .55 .57 .55
194 00201 00201 00000 00201 .42 .37 .39 .37 .59 .55 .57 .55
195 00201 00201 00000 00201 .42 .37 .39 .37 .59 .55 .57 .55
196 00201 00201 00000 00201 .42 .37 .39 .37 .59 .55 .57 .55
197 00201 00201 00000 00201 .42 .37 .39 .37 .59 .55 .57 .55
198 00201 00201 00000 00201 .42 .37 .39 .37 .59 .55 .57 .55
199 00201 00201 00000 00201 .42 .37 .39 .37 .59 .55 .57 .55
200 00200 00200 00000 00200 .46 .46 .46 .46 .63 .63 .63 .63
201 00200 00200 00000 00200 .46 .46 .46 .46 .63 .63 .63 .63
202 00200 00200 00000 00200 .46 .46 .46 .46 .63 .63 .63 .63
203 00200 00200 00000 00200 .46 .46 .46 .46 .63 .63 .63 .63
204 00200 00200 00000 00200 .46 .46 .46 .46 .63 .63 .63 .63
205 00200 00200 00000 00200 .46 .46 .46 .46 .63 .63 .63 .63
206 00200 00200 00000 00200 .46 .46 .46 .46 .63 .63 .63 .63
207 00200 00200 00200 00200 1.00 1.00 1.00 1.00 1.00 1.00 1.00 1.00
208 00200 00200 00200 00200 1.00 1.00 1.00 1.00 1.00 1.00 1.00 1.00
209 00200 00200 00200 00200 1.00 1.00 1.00 1.00 1.00 1.00 1.00 1.00
210 00200 00200 00200 00200 1.00 1.00 1.00 1.00 1.00 1.00 1.00 1.00
211 00200 00200 00200 00200 1.00 1.00 1.00 1.00 1.00 1.00 1.00 1.00
212 00200 00200 00200 00200 1.00 1.00 1.00 1.00 1.00 1.00 1.00 1.00
213 00200 00200 00200 00200 1.00 1.00 1.00 1.00 1.00 1.00 1.00 1.00
214 00200 00200 00200 00200 1.00 1.00 1.00 1.00 1.00 1.00 1.00 1.00
215 00200 00200 00200 00200 1.00 1.00 1.00 1.00 1.00 1.00 1.00 1.00
216 00200 00200 00200 00200 1.00 1.00 1.00 1.00 1.00 1.00 1.00 1.00
217 00200 00200 00200 00200 1.00 1.00 1.00 1.00 1.00 1.00 1.00 1.00
218 00200 00200 00200 00200 1.00 1.00 1.00 1.00 1.00 1.00 1.00 1.00
219 00200 00200 00200 00200 1.00 1.00 1.00 1.00 1.00 1.00 1.00 1.00
220 00200 00200 00200 00200 1.00 1.00 1.00 1.00 1.00 1.00 1.00 1.00
221 00200 00200 00200 00200 1.00 1.00 1.00 1.00 1.00 1.00 1.00 1.00
222 00200 00200 00020 00200 .22 .22 .22 .22 .41 .41 .41 .41
223 00200 00200 00020 00200 .22 .22 .22 .22 .41 .41 .41 .41
224 00200 00200 00020 00200 .22 .22 .22 .22 .41 .41 .41 .41
225 00200 00200 00020 00200 .22 .22 .22 .22 .41 .41 .41 .41
226 00200 00200 00020 00200 .22 .22 .22 .22 .41 .41 .41 .41
227 00200 00200 00020 00200 .22 .22 .22 .22 .41 .41 .41 .41
228 00200 00200 00020 00200 .22 .22 .22 .22 .41 .41 .41 .41
229 00200 00200 00020 00200 .22 .22 .22 .22 .41 .41 .41 .41
230 00201 00001 00020 00001 .13 -0.03 -0.11 .06 .30 .14 1.0 .25
231 00201 00001 00020 00001 .13 -0.03 -0.11 .06 .30 .14 1.0 .25
232 00201 00001 00020 00001 .13 -0.03 -0.11 .06 .30 .14 1.0 .25
233 00201 00001 00020 00001 .13 -0.03 -0.11 .06 .30 .14 1.0 .25
234 00201 00001 00020 00001 .13 -0.03 -0.11 .06 .30 .14 1.0 .25
235 00201 00001 00020 00001 .13 -0.03 -0.11 .06 .30 .14 1.0 .25
236 00201 00001 00020 00001 .13 -0.03 -0.11 .06 .30 .14 1.0 .25
237 00201 00001 00020 00001 .13 -0.03 -0.11 .06 .30 .14 1.0 .25
238 00201 00001 00020 00001 .13 -0.03 -0.11 .06 .30 .14 1.0 .25
239 00201 00001 00020 00001 .13 -0.03 -0.11 .06 .30 .14 1.0 .25
240 00001 00001 00020 00001 .26 .17 .05 .23 .43 .35 .17 .41
241 00001 00001 00020 00001 .26 .17 .05 .23 .43 .35 .17 .41
242 00001 00001 00020 00001 .26 .17 .05 .23 .43 .35 .17 .41
243 00001 00001 00020 00001 .26 .17 .05 .23 .43 .35 .17 .41
244 00001 00001 00020 00001 .26 .17 .05 .23 .43 .35 .17 .41
245 00001 00001 00020 00001 .26 .17 .05 .23 .43 .35 .17 .41
246 00001 00001 00020 00001 .26 .17 .05 .23 .43 .35 .17 .41
247 00001 00001 00020 00001 .26 .17 .05 .23 .43 .35 .17 .41
248 00001 00001 00020 00001 .26 .17 .05 .23 .43 .35 .17 .41
249 00001 00001 00020 00001 .26 .17 .05 .23 .43 .35 .17 .41
250 00001 00001 00020 00001 .26 .17 .05 .23 .43 .35 .17 .41
251 00001 00001 00020 00001 .26 .17 .05 .23 .43 .35 .17 .41
252 00001 00001 00000 00001 .46 .46 .46 .46 .63 .63 .63 .63
253 00001 00001 00000 00001 .46 .46 .46 .46 .63 .63 .63 .63
254 00001 00001 00000 00001 .46 .46 .46 .46 .63 .63 .63 .63
255 00001 00001 00000 00001 .46 .46 .46 .46 .63 .63 .63 .63
256 00001 00001 00000 00001 .46 .46 .46 .46 .63 .63 .63 .63
257 00001 00001 00000 00001 .46 .46 .46 .46 .63 .63 .63 .63
258 00001 00001 00000 00001 .46 .46 .46 .46 .63 .63 .63 .63
259 00001 00001 00000 00001 .46 .46 .46 .46 .63 .63 .63 .63
260 00001 00001 00000 00001 .46 .46 .46 .46 .63 .63 .63 .63
261 00001 00001 00000 00001 .46 .46 .46 .46 .63 .63 .63 .63
262 00001 00001 00000 00001 .46 .46 .46 .46 .63 .63 .63 .63
263 00001 00001 00000 00001 .46 .46 .46 .46 .63 .63 .63 .63
264 00001 00001 00000 00001 .46 .46 .46 .46 .63 .63 .63 .63
265 00001 00001 00000 00001 .46 .46 .46 .46 .63 .63 .63 .63
266 00001 00001 00000 00001 .46 .46 .46 .46 .63 .63 .63 .63
267 00001 00001 00000 00001 .46 .46 .46 .46 .63 .63 .63 .63
268 00001 00001 00000 00001 .46 .46 .46 .46 .63 .63 .63 .63
269 00001 00001 00000 00001 .46 .46 .46 .46 .63 .63 .63 .63
270 00001 00001 00000 00001 .46 .46 .46 .46 .63 .63 .63 .63
271 00001 00001 00000 00001 .46 .46 .46 .46 .63 .63 .63 .63
272 00001 00001 00000 00001 .46 .46 .46 .46 .63 .63 .63 .63
273 00001 00001 00000 00001 .46 .46 .46 .46 .63 .63 .63 .63
274 00001 00001 00000 00001 .46 .46 .46 .46 .63 .63 .63 .63
275 00001 00001 00000 00001 .46 .46 .46 .46 .63 .63 .63 .63
276 00001 00001 00000 00001 .46 .46 .46 .46 .63 .63 .63 .63
277 00001 00001 00000 00001 .46 .46 .46 .46 .63 .63 .63 .63
278 00001 00001 00000 00001 .46 .46 .46 .46 .63 .63 .63 .63
279 00001 00001 00000 00001 .46 .46 .46 .46 .63 .63 .63 .63
280 00021 00021 00000 00021 .42 .37 .39 .37 .59 .55 .57 .55
281 00021 00021 00000 00021 .42 .37 .39 .37 .59 .55 .57 .55
282 00021 00021 00020 00021 .75 .83 .90 .72 .82 .87 .93 .79
283 00021 00021 00020 00021 .75 .83 .90 .72 .82 .87 .93 .79
284 00021 00021 00020 00021 .75 .83 .90 .72 .82 .87 .93 .79
285 00021 00021 00020 00021 .75 .83 .90 .72 .82 .87 .93 .79
286 00021 00021 00020 00021 .75 .83 .90 .72 .82 .87 .93 .79
