0 00002 00002 00000 00002 .46 .46 .46 .46 .63 .63 .63 .63
1 00002 00002 00000 00002 .46 .46 .46 .46 .63 .63 .63 .63
2 00002 00002 00000 00002 .46 .46 .46 .46 .63 .63 .63 .63
3 00002 00002 00000 00002 .46 .46 .46 .46 .63 .63 .63 .63
4 00002 00002 00000 00002 .46 .46 .46 .46 .63 .63 .63 .63
5 00002 00002 00000 00002 .46 .46 .46 .46 .63 .63 .63 .63
6 00002 00002 00000 00002 .46 .46 .46 .46 .63 .63 .63 .63
7 00002 00002 00000 00002 .46 .46 .46 .46 .63 .63 .63 .63
8 00002 00002 00000 00002 .46 .46 .46 .46 .63 .63 .63 .63
9 00002 00002 00000 00002 .46 .46 .46 .46 .63 .63 .63 .63
10 00002 00002 00000 00002 .46 .46 .46 .46 .63 .63 .63 .63
11 00002 00002 00000 00002 .46 .46 .46 .46 .63 .63 .63 .63
12 00002 00002 00000 00002 .46 .46 .46 .46 .63 .63 .63 .63
13 00002 00002 00000 00002 .46 .46 .46 .46 .63 .63 .63 .63
14 00002 00002 00000 00002 .46 .46 .46 .46 .63 .63 .63 .63
15 00002 00002 00000 00002 .46 .46 .46 .46 .63 .63 .63 .63
16 00002 00002 00000 00002 .46 .46 .46 .46 .63 .63 .63 .63
17 00002 00002 00000 00002 .46 .46 .46 .46 .63 .63 .63 .63
18 00002 00002 00000 00002 .46 .46 .46 .46 .63 .63 .63 .63
19 00002 00002 00000 00002 .46 .46 .46 .46 .63 .63 .63 .63
20 00002 00002 00000 00002 .46 .46 .46 .46 .63 .63 .63 .63
21 00002 00002 00000 00002 .46 .46 .46 .46 .63 .63 .63 .63
22 00002 00002 00000 00002 .46 .46 .46 .46 .63 .63 .63 .63
23 00002 00002 00000 00002 .46 .46 .46 .46 .63 .63 .63 .63
24 00002 00002 00000 00002 .46 .46 .46 .46 .63 .63 .63 .63
25 00002 00002 00000 00002 .46 .46 .46 .46 .63 .63 .63 .63
26 00002 00002 00000 00002 .46 .46 .46 .46 .63 .63 .63 .63
27 00002 00002 00000 00002 .46 .46 .46 .46 .63 .63 .63 .63
28 00002 00002 00000 00002 .46 .46 .46 .46 .63 .63 .63 .63
29 00002 00002 00000 00002 .46 .46 .46 .46 .63 .63 .63 .63
30 00002 00002 00000 00002 .46 .46 .46 .46 .63 .63 .63 .63
31 00002 00002 00000 00002 .46 .46 .46 .46 .63 .63 .63 .63
32 00002 00002 00000 00002 .46 .46 .46 .46 .63 .63 .63 .63
33 00002 00002 00000 00002 .46 .46 .46 .46 .63 .63 .63 .63
34 00002 00002 00000 00002 .46 .46 .46 .46 .63 .63 .63 .63
35 00002 00002 00000 00002 .46 .46 .46 .46 .63 .63 .63 .63
36 00002 00002 00000 00002 .46 .46 .46 .46 .63 .63 .63 .63
37 00002 00002 00000 00002 .46 .46 .46 .46 .63 .63 .63 .63
38 00002 00002 00000 00002 .46 .46 .46 .46 .63 .63 .63 .63
39 00002 00002 00000 00002 .46 .46 .46 .46 .63 .63 .63 .63
40 00002 00002 00000 00002 .46 .46 .46 .46 .63 .63 .63 .63
41 00002 00002 00020 00002 .22 .22 .22 .22 .41 .41 .41 .41
42 00002 00002 00020 00002 .22 .22 .22 .22 .41 .41 .41 .41
43 00002 00002 00020 00002 .22 .22 .22 .22 .41 .41 .41 .41
44 00002 00002 00020 00002 .22 .22 .22 .22 .41 .41 .41 .41
45 00002 00002 00020 00002 .22 .22 .22 .22 .41 .41 .41 .41
46 00002 00002 00020 00002 .22 .22 .22 .22 .41 .41 .41 .41
47 00002 00002 00020 00002 .22 .22 .22 .22 .41 .41 .41 .41
48 00002 00002 00020 00002 .22 .22 .22 .22 .41 .41 .41 .41
49 00002 00002 00020 00002 .22 .22 .22 .22 .41 .41 .41 .41
50 00002 00002 00020 00002 .22 .22 .22 .22 .41 .41 .41 .41
51 00002 00002 00020 00002 .22 .22 .22 .22 .41 .41 .41 .41
52 00002 00002 00020 00002 .22 .22 .22 .22 .41 .41 .41 .41
53 00002 00002 00020 00002 .22 .22 .22 .22 .41 .41 .41 .41
54 00002 00002 00020 00002 .22 .22 .22 .22 .41 .41 .41 .41
55 00002 00002 00020 00002 .22 .22 .22 .22 .41 .41 .41 .41
56 00002 00002 00020 00002 .22 .22 .22 .22 .41 .41 .41 .41
57 00002 00002 00020 00002 .22 .22 .22 .22 .41 .41 .41 .41
58 00002 00002 00020 00002 .22 .22 .22 .22 .41 .41 .41 .41
59 00002 00002 00020 00002 .22 .22 .22 .22 .41 .41 .41 .41
60 00022 00022 00020 00022 .72 .72 .72 .72 .79 .79 .79 .79
61 00022 00022 00020 00022 .72 .72 .72 .72 .79 .79 .79 .79
62 00022 00022 00020 00022 .72 .72 .72 .72 .79 .79 .79 .79
63 00022 00022 00020 00022 .72 .72 .72 .72 .79 .79 .79 .79
64 00022 00022 00020 00022 .72 .72 .72 .72 .79 .79 .79 .79
65 00022 00022 00020 00022 .72 .72 .72 .72 .79 .79 .79 .79
66 00022 00022 00020 00022 .72 .72 .72 .72 .79 .79 .79 .79
67 00022 00022 00020 00022 .72 .72 .72 .72 .79 .79 .79 .79
68 00022 00022 00020 00022 .72 .72 .72 .72 .79 .79 .79 .79
69 00022 00022 00020 00022 .72 .72 .72 .72 .79 .79 .79 .79
70 00202 00202 00020 00202 .16 .16 .16 .16 .37 .37 .37 .37
71 00202 00202 00020 00202 .16 .16 .16 .16 .37 .37 .37 .37
72 00202 00202 00020 00202 .16 .16 .16 .16 .37 .37 .37 .37
73 00202 00202 00020 00202 .16 .16 .16 .16 .37 .37 .37 .37
74 00202 00202 00020 00202 .16 .16 .16 .16 .37 .37 .37 .37
75 00202 00202 00020 00202 .16 .16 .16 .16 .37 .37 .37 .37
76 00202 00202 00020 00202 .16 .16 .16 .16 .37 .37 .37 .37
77 00202 00202 00020 00202 .16 .16 .16 .16 .37 .37 .37 .37
78 00202 00202 00020 00202 .16 .16 .16 .16 .37 .37 .37 .37
79 00202 00202 00020 00202 .16 .16 .16 .16 .37 .37 .37 .37
80 00200 00200 00020 00200 .22 .22 .22 .22 .41 .41 .41 .41
81 00200 00200 00020 00200 .22 .22 .22 .22 .41 .41 .41 .41
82 00200 00200 00020 00200 .22 .22 .22 .22 .41 .41 .41 .41
83 00200 00200 00020 00200 .22 .22 .22 .22 .41 .41 .41 .41
84 00200 00200 00020 00200 .22 .22 .22 .22 .41 .41 .41 .41
85 00200 00200 00020 00200 .22 .22 .22 .22 .41 .41 .41 .41
86 00200 00200 00020 00200 .22 .22 .22 .22 .41 .41 .41 .41
87 00200 00200 00020 00200 .22 .22 .22 .22 .41 .41 .41 .41
88 00200 00200 00020 00200 .22 .22 .22 .22 .41 .41 .41 .41
89 00200 00200 00020 00200 .22 .22 .22 .22 .41 .41 .41 .41
90 00200 00200 00020 00200 .22 .22 .22 .22 .41 .41 .41 .41
91 00200 00200 00020 00200 .22 .22 .22 .22 .41 .41 .41 .41
92 00200 00200 00020 00200 .22 .22 .22 .22 .41 .41 .41 .41
93 00200 00200 00020 00200 .22 .22 .22 .22 .41 .41 .41 .41
94 00200 00200 00020 00200 .22 .22 .22 .22 .41 .41 .41 .41
95 00200 00200 00020 00200 .22 .22 .22 .22 .41 .41 .41 .41
96 00200 00200 00020 00200 .22 .22 .22 .22 .41 .41 .41 .41
97 00200 00200 00020 00200 .22 .22 .22 .22 .41 .41 .41 .41
98 00200 00200 00020 00200 .22 .22 .22 .22 .41 .41 .41 .41
99 00200 00200 00020 00200 .22 .22 .22 .22 .41 .41 .41 .41
100 00200 00200 00020 00200 .22 .22 .22 .22 .41 .41 .41 .41
101 00200 00200 00020 00200 .22 .22 .22 .22 .41 .41 .41 .41
102 00200 00200 00020 00200 .22 .22 .22 .22 .41 .41 .41 .41
103 00200 00200 00020 00200 .22 .22 .22 .22 .41 .41 .41 .41
104 00200 00200 00020 00200 .22 .22 .22 .22 .41 .41 .41 .41
105 00200 00200 00020 00200 .22 .22 .22 .22 .41 .41 .41 .41
106 00200 00200 00020 00200 .22 .22 .22 .22 .41 .41 .41 .41
107 00200 00200 00020 00200 .22 .22 .22 .22 .41 .41 .41 .41
108 00200 00200 00020 00200 .22 .22 .22 .22 .41 .41 .41 .41
109 00200 00200 00020 00200 .22 .22 .22 .22 .41 .41 .41 .41
110 00200 00200 00020 00200 .22 .22 .22 .22 .41 .41 .41 .41
111 00200 00200 00020 00200 .22 .22 .22 .22 .41 .41 .41 .41
112 00200 00200 00020 00200 .22 .22 .22 .22 .41 .41 .41 .41
113 00200 00200 02020 00200 .05 .05 .05 .05 .24 .24 .24 .24
114 00200 00200 02020 00200 .05 .05 .05 .05 .24 .24 .24 .24
115 00200 00200 02020 00200 .05 .05 .05 .05 .24 .24 .24 .24
116 00200 00200 02020 00200 .05 .05 .05 .05 .24 .24 .24 .24
117 00200 00200 02020 00200 .05 .05 .05 .05 .24 .24 .24 .24
118 00200 00200 02020 00200 .05 .05 .05 .05 .24 .24 .24 .24
119 00200 00200 02020 00200 .05 .05 .05 .05 .24 .24 .24 .24
120 00200 00200 02020 00200 .05 .05 .05 .05 .24 .24 .24 .24
121 00200 00200 02020 00200 .05 .05 .05 .05 .24 .24 .24 .24
122 00200 00200 02020 00200 .05 .05 .05 .05 .24 .24 .24 .24
123 00200 00200 02020 00200 .05 .05 .05 .05 .24 .24 .24 .24
124 00200 00200 02020 00200 .05 .05 .05 .05 .24 .24 .24 .24
125 00200 00200 02020 00200 .05 .05 .05 .05 .24 .24 .24 .24
126 00200 00200 02020 00200 .05 .05 .05 .05 .24 .24 .24 .24
127 00200 00200 02020 00200 .05 .05 .05 .05 .24 .24 .24 .24
128 00200 00200 02020 00200 .05 .05 .05 .05 .24 .24 .24 .24
129 00200 00200 02020 00200 .05 .05 .05 .05 .24 .24 .24 .24
130 00200 00200 02020 00200 .05 .05 .05 .05 .24 .24 .24 .24
131 00200 00200 02020 00200 .05 .05 .05 .05 .24 .24 .24 .24
132 00200 00200 02020 00200 .05 .05 .05 .05 .24 .24 .24 .24
133 00200 00200 02020 00200 .05 .05 .05 .05 .24 .24 .24 .24
134 00200 00200 00020 00200 .22 .22 .22 .22 .41 .41 .41 .41
135 00200 00200 00020 00200 .22 .22 .22 .22 .41 .41 .41 .41
136 00200 00200 00020 00200 .22 .22 .22 .22 .41 .41 .41 .41
137 00200 00200 00020 00200 .22 .22 .22 .22 .41 .41 .41 .41
138 00200 00200 00020 00200 .22 .22 .22 .22 .41 .41 .41 .41
139 00200 00200 00020 00200 .22 .22 .22 .22 .41 .41 .41 .41
140 20200 20200 00020 20200 .16 .16 .16 .16 .37 .37 .37 .37
141 20200 20200 00020 20200 .16 .16 .16 .16 .37 .37 .37 .37
142 20200 20200 00020 20200 .16 .16 .16 .16 .37 .37 .37 .37
143 20200 20200 00020 20200 .16 .16 .16 .16 .37 .37 .37 .37
144 20200 20200 00020 20200 .16 .16 .16 .16 .37 .37 .37 .37
145 20200 20200 00020 20200 .16 .16 .16 .16 .37 .37 .37 .37
146 20200 20200 00020 20200 .16 .16 .16 .16 .37 .37 .37 .37
147 20200 20200 00020 20200 .16 .16 .16 .16 .37 .37 .37 .37
148 20200 20200 00020 20200 .16 .16 .16 .16 .37 .37 .37 .37
149 20200 20200 02000 20200 .16 .16 .16 .16 .37 .37 .37 .37
150 20000 20000 02000 20000 .22 .22 .22 .22 .41 .41 .41 .41
151 20000 20000 02000 20000 .22 .22 .22 .22 .41 .41 .41 .41
152 20000 20000 02000 20000 .22 .22 .22 .22 .41 .41 .41 .41
153 20000 20000 02000 20000 .22 .22 .22 .22 .41 .41 .41 .41
154 20000 20000 02000 20000 .22 .22 .22 .22 .41 .41 .41 .41
155 20000 20000 02000 20000 .22 .22 .22 .22 .41 .41 .41 .41
156 20000 20000 02000 20000 .22 .22 .22 .22 .41 .41 .41 .41
157 20000 20000 02000 20000 .22 .22 .22 .22 .41 .41 .41 .41
158 20000 20000 02000 20000 .22 .22 .22 .22 .41 .41 .41 .41
159 20000 20000 02000 20000 .22 .22 .22 .22 .41 .41 .41 .41
160 20000 20000 02000 20000 .22 .22 .22 .22 .41 .41 .41 .41
161 20000 20000 02000 20000 .22 .22 .22 .22 .41 .41 .41 .41
162 20000 20000 02000 20000 .22 .22 .22 .22 .41 .41 .41 .41
163 20000 20000 02000 20000 .22 .22 .22 .22 .41 .41 .41 .41
164 20000 20000 02000 20000 .22 .22 .22 .22 .41 .41 .41 .41
165 20000 20000 02000 20000 .22 .22 .22 .22 .41 .41 .41 .41
166 20000 20000 02000 20000 .22 .22 .22 .22 .41 .41 .41 .41
167 20000 20000 02000 20000 .22 .22 .22 .22 .41 .41 .41 .41
168 20000 20000 02000 20000 .22 .22 .22 .22 .41 .41 .41 .41
169 20000 20000 02000 20000 .22 .22 .22 .22 .41 .41 .41 .41
170 20000 20000 02000 20000 .22 .22 .22 .22 .41 .41 .41 .41
171 20000 20000 02000 20000 .22 .22 .22 .22 .41 .41 .41 .41
172 20000 20000 02000 20000 .22 .22 .22 .22 .41 .41 .41 .41
173 20000 20000 02000 20000 .22 .22 .22 .22 .41 .41 .41 .41
174 20000 20000 02000 20000 .22 .22 .22 .22 .41 .41 .41 .41
175 20000 20000 02000 20000 .22 .22 .22 .22 .41 .41 .41 .41
176 20000 20000 02000 20000 .22 .22 .22 .22 .41 .41 .41 .41
177 20000 20000 02000 20000 .22 .22 .22 .22 .41 .41 .41 .41
178 20000 20000 02000 20000 .22 .22 .22 .22 .41 .41 .41 .41
179 20000 20000 02020 20000 .05 .05 .05 .05 .24 .24 .24 .24
180 20000 20000 02020 20000 .05 .05 .05 .05 .24 .24 .24 .24
181 20000 20000 02020 20000 .05 .05 .05 .05 .24 .24 .24 .24
182 20000 20000 02020 20000 .05 .05 .05 .05 .24 .24 .24 .24
183 20000 20000 02020 20000 .05 .05 .05 .05 .24 .24 .24 .24
184 20000 20000 02020 20000 .05 .05 .05 .05 .24 .24 .24 .24
185 20000 20000 02020 20000 .05 .05 .05 .05 .24 .24 .24 .24
186 20000 20000 02020 20000 .05 .05 .05 .05 .24 .24 .24 .24
187 20000 20000 02020 20000 .05 .05 .05 .05 .24 .24 .24 .24
188 20000 20000 02020 20000 .05 .05 .05 .05 .24 .24 .24 .24
189 20000 20000 02020 20000 .05 .05 .05 .05 .24 .24 .24 .24
190 20000 20000 02020 20000 .05 .05 .05 .05 .24 .24 .24 .24
191 20000 20000 02020 20000 .05 .05 .05 .05 .24 .24 .24 .24
192 20000 20000 02020 20000 .05 .05 .05 .05 .24 .24 .24 .24
193 20000 20000 02020 20000 .05 .05 .05 .05 .24 .24 .24 .24
194 20000 20000 02020 20000 .05 .05 .05 .05 .24 .24 .24 .24
195 20000 20000 02020 20000 .05 .05 .05 .05 .24 .24 .24 .24
196 20000 20000 02020 20000 .05 .05 .05 .05 .24 .24 .24 .24
197 20000 20000 02020 20000 .05 .05 .05 .05 .24 .24 .24 .24
198 20000 20000 02020 20000 .05 .05 .05 .05 .24 .24 .24 .24
199 20000 20000 02020 20000 .05 .05 .05 .05 .24 .24 .24 .24
200 20200 20200 02020 20200 -0.04 -0.04 -0.04 -0.04 .21 .21 .21 .21
201 20200 20200 02020 20200 -0.04 -0.04 -0.04 -0.04 .21 .21 .21 .21
202 20200 20200 02020 20200 -0.04 -0.04 -0.04 -0.04 .21 .21 .21 .21
203 20200 20200 02020 20200 -0.04 -0.04 -0.04 -0.04 .21 .21 .21 .21
204 20200 20200 00020 20200 .16 .16 .16 .16 .37 .37 .37 .37
