0 00200 00200 00000 00200 .46 .46 .46 .46 .63 .63 .63 .63
1 00200 00200 00020 00200 .22 .22 .22 .22 .41 .41 .41 .41
2 00200 00200 00020 00200 .22 .22 .22 .22 .41 .41 .41 .41
3 00200 00200 00020 00200 .22 .22 .22 .22 .41 .41 .41 .41
4 00200 00200 00020 00200 .22 .22 .22 .22 .41 .41 .41 .41
5 00200 00200 00020 00200 .22 .22 .22 .22 .41 .41 .41 .41
6 00200 00200 00020 00200 .22 .22 .22 .22 .41 .41 .41 .41
7 00200 00200 00020 00200 .22 .22 .22 .22 .41 .41 .41 .41
8 00200 00200 00020 00200 .22 .22 .22 .22 .41 .41 .41 .41
9 00200 00200 00020 00200 .22 .22 .22 .22 .41 .41 .41 .41
10 00200 00200 00020 00200 .22 .22 .22 .22 .41 .41 .41 .41
11 00200 00200 00020 00200 .22 .22 .22 .22 .41 .41 .41 .41
12 00200 00200 00020 00200 .22 .22 .22 .22 .41 .41 .41 .41
13 00200 00200 00020 00200 .22 .22 .22 .22 .41 .41 .41 .41
14 00200 00200 00020 00200 .22 .22 .22 .22 .41 .41 .41 .41
15 00200 00200 00020 00200 .22 .22 .22 .22 .41 .41 .41 .41
16 00200 00200 00020 00200 .22 .22 .22 .22 .41 .41 .41 .41
17 00200 00200 00020 00200 .22 .22 .22 .22 .41 .41 .41 .41
18 00200 00200 00020 00200 .22 .22 .22 .22 .41 .41 .41 .41
19 00200 00200 00020 00200 .22 .22 .22 .22 .41 .41 .41 .41
20 00200 00200 00020 00200 .22 .22 .22 .22 .41 .41 .41 .41
21 00200 00200 00020 00200 .22 .22 .22 .22 .41 .41 .41 .41
22 00200 00200 00020 00200 .22 .22 .22 .22 .41 .41 .41 .41
23 00200 00200 00020 00200 .22 .22 .22 .22 .41 .41 .41 .41
24 00200 00200 00020 00200 .22 .22 .22 .22 .41 .41 .41 .41
25 00200 00200 00020 00200 .22 .22 .22 .22 .41 .41 .41 .41
26 00200 00200 00020 00200 .22 .22 .22 .22 .41 .41 .41 .41
27 00200 00200 00020 00200 .22 .22 .22 .22 .41 .41 .41 .41
28 00200 00200 00020 00200 .22 .22 .22 .22 .41 .41 .41 .41
29 00200 00200 00020 00200 .22 .22 .22 .22 .41 .41 .41 .41
30 00200 00200 00020 00200 .22 .22 .22 .22 .41 .41 .41 .41
31 00200 00200 02020 00200 .05 .05 .05 .05 .24 .24 .24 .24
32 00200 00200 02020 00200 .05 .05 .05 .05 .24 .24 .24 .24
33 00200 00200 02020 00200 .05 .05 .05 .05 .24 .24 .24 .24
34 00200 00200 02020 00200 .05 .05 .05 .05 .24 .24 .24 .24
35 00200 00200 02020 00200 .05 .05 .05 .05 .24 .24 .24 .24
36 00200 00200 02020 00200 .05 .05 .05 .05 .24 .24 .24 .24
37 00200 00200 02020 00200 .05 .05 .05 .05 .24 .24 .24 .24
38 00200 00200 02020 00200 .05 .05 .05 .05 .24 .24 .24 .24
39 00200 00200 02020 00200 .05 .05 .05 .05 .24 .24 .24 .24
40 00200 00200 02020 00200 .05 .05 .05 .05 .24 .24 .24 .24
41 00200 00200 02020 00200 .05 .05 .05 .05 .24 .24 .24 .24
42 00200 00200 02020 00200 .05 .05 .05 .05 .24 .24 .24 .24
43 00200 00200 02020 00200 .05 .05 .05 .05 .24 .24 .24 .24
44 00200 00200 02020 00200 .05 .05 .05 .05 .24 .24 .24 .24
45 00200 00200 02020 00200 .05 .05 .05 .05 .24 .24 .24 .24
46 00200 00200 02020 00200 .05 .05 .05 .05 .24 .24 .24 .24
47 00200 00200 02020 00200 .05 .05 .05 .05 .24 .24 .24 .24
48 00200 00200 02020 00200 .05 .05 .05 .05 .24 .24 .24 .24
49 00200 00200 02020 00200 .05 .05 .05 .05 .24 .24 .24 .24
50 00200 00200 02020 00200 .05 .05 .05 .05 .24 .24 .24 .24
51 00200 00200 02020 00200 .05 .05 .05 .05 .24 .24 .24 .24
52 00200 00200 02020 00200 .05 .05 .05 .05 .24 .24 .24 .24
53 00200 00200 02020 00200 .05 .05 .05 .05 .24 .24 .24 .24
54 00200 00200 00020 00200 .22 .22 .22 .22 .41 .41 .41 .41
55 00200 00200 00020 00200 .22 .22 .22 .22 .41 .41 .41 .41
56 00200 00200 00020 00200 .22 .22 .22 .22 .41 .41 .41 .41
57 00200 00200 00020 00200 .22 .22 .22 .22 .41 .41 .41 .41
58 00200 00200 00020 00200 .22 .22 .22 .22 .41 .41 .41 .41
59 00200 00200 00020 00200 .22 .22 .22 .22 .41 .41 .41 .41
60 20200 20200 00020 20200 .16 .16 .16 .16 .37 .37 .37 .37
61 20200 20200 00020 20200 .16 .16 .16 .16 .37 .37 .37 .37
62 20200 20200 00020 20200 .16 .16 .16 .16 .37 .37 .37 .37
63 20200 20200 00020 20200 .16 .16 .16 .16 .37 .37 .37 .37
64 20200 20200 00020 20200 .16 .16 .16 .16 .37 .37 .37 .37
65 20200 20200 00020 20200 .16 .16 .16 .16 .37 .37 .37 .37
66 20200 20200 00020 20200 .16 .16 .16 .16 .37 .37 .37 .37
67 20200 20200 00020 20200 .16 .16 .16 .16 .37 .37 .37 .37
68 20200 20200 00020 20200 .16 .16 .16 .16 .37 .37 .37 .37
69 20200 20200 02000 20200 .16 .16 .16 .16 .37 .37 .37 .37
70 20000 20000 02000 20000 .22 .22 .22 .22 .41 .41 .41 .41
71 20000 20000 02000 20000 .22 .22 .22 .22 .41 .41 .41 .41
72 20000 20000 02000 20000 .22 .22 .22 .22 .41 .41 .41 .41
73 20000 20000 02000 20000 .22 .22 .22 .22 .41 .41 .41 .41
74 20000 20000 02000 20000 .22 .22 .22 .22 .41 .41 .41 .41
75 20000 20000 02000 20000 .22 .22 .22 .22 .41 .41 .41 .41
76 20000 20000 02000 20000 .22 .22 .22 .22 .41 .41 .41 .41
77 20000 20000 02000 20000 .22 .22 .22 .22 .41 .41 .41 .41
78 20000 20000 02000 20000 .22 .22 .22 .22 .41 .41 .41 .41
79 20000 20000 02000 20000 .22 .22 .22 .22 .41 .41 .41 .41
80 20000 20000 02000 20000 .22 .22 .22 .22 .41 .41 .41 .41
81 20000 20000 02000 20000 .22 .22 .22 .22 .41 .41 .41 .41
82 20000 20000 02000 20000 .22 .22 .22 .22 .41 .41 .41 .41
83 20000 20000 02000 20000 .22 .22 .22 .22 .41 .41 .41 .41
84 20000 20000 02000 20000 .22 .22 .22 .22 .41 .41 .41 .41
85 20000 20000 02000 20000 .22 .22 .22 .22 .41 .41 .41 .41
86 20000 20000 02000 20000 .22 .22 .22 .22 .41 .41 .41 .41
87 20000 20000 02000 20000 .22 .22 .22 .22 .41 .41 .41 .41
88 20000 20000 02000 20000 .22 .22 .22 .22 .41 .41 .41 .41
89 20000 20000 02000 20000 .22 .22 .22 .22 .41 .41 .41 .41
90 20000 20000 02000 20000 .22 .22 .22 .22 .41 .41 .41 .41
91 20000 20000 02000 20000 .22 .22 .22 .22 .41 .41 .41 .41
92 20000 20000 02000 20000 .22 .22 .22 .22 .41 .41 .41 .41
93 20000 20000 02000 20000 .22 .22 .22 .22 .41 .41 .41 .41
94 20000 20000 02000 20000 .22 .22 .22 .22 .41 .41 .41 .41
95 20000 20000 02000 20000 .22 .22 .22 .22 .41 .41 .41 .41
96 20000 20000 02000 20000 .22 .22 .22 .22 .41 .41 .41 .41
97 20000 20000 02000 20000 .22 .22 .22 .22 .41 .41 .41 .41
98 20000 20000 02000 20000 .22 .22 .22 .22 .41 .41 .41 .41
99 20000 20000 02020 20000 .05 .05 .05 .05 .24 .24 .24 .24
100 20000 20000 02020 20000 .05 .05 .05 .05 .24 .24 .24 .24
101 20000 20000 02020 20000 .05 .05 .05 .05 .24 .24 .24 .24
102 20000 20000 02020 20000 .05 .05 .05 .05 .24 .24 .24 .24
103 20000 20000 02020 20000 .05 .05 .05 .05 .24 .24 .24 .24
104 20000 20000 02020 20000 .05 .05 .05 .05 .24 .24 .24 .24
105 20000 20000 02020 20000 .05 .05 .05 .05 .24 .24 .24 .24
106 20000 20000 02020 20000 .05 .05 .05 .05 .24 .24 .24 .24
107 20000 20000 02020 20000 .05 .05 .05 .05 .24 .24 .24 .24
108 20000 20000 02020 20000 .05 .05 .05 .05 .24 .24 .24 .24
109 20000 20000 02020 20000 .05 .05 .05 .05 .24 .24 .24 .24
110 20000 20000 02020 20000 .05 .05 .05 .05 .24 .24 .24 .24
111 20000 20000 02020 20000 .05 .05 .05 .05 .24 .24 .24 .24
112 20000 20000 02020 20000 .05 .05 .05 .05 .24 .24 .24 .24
113 20000 20000 02020 20000 .05 .05 .05 .05 .24 .24 .24 .24
114 20000 20000 02020 20000 .05 .05 .05 .05 .24 .24 .24 .24
115 20000 20000 02020 20000 .05 .05 .05 .05 .24 .24 .24 .24
116 20000 20000 02020 20000 .05 .05 .05 .05 .24 .24 .24 .24
117 20000 20000 02020 20000 .05 .05 .05 .05 .24 .24 .24 .24
118 20000 20000 02020 20000 .05 .05 .05 .05 .24 .24 .24 .24
119 20000 20000 02020 20000 .05 .05 .05 .05 .24 .24 .24 .24
120 20000 20000 02020 20000 .05 .05 .05 .05 .24 .24 .24 .24
121 20000 20000 02020 20000 .05 .05 .05 .05 .24 .24 .24 .24
122 20000 20000 02020 20000 .05 .05 .05 .05 .24 .24 .24 .24
123 20000 20000 02020 20000 .05 .05 .05 .05 .24 .24 .24 .24
124 20000 20000 02020 20000 .05 .05 .05 .05 .24 .24 .24 .24
125 20000 20000 02020 20000 .05 .05 .05 .05 .24 .24 .24 .24
126 20000 20000 02020 20000 .05 .05 .05 .05 .24 .24 .24 .24
127 20000 20000 02020 20000 .05 .05 .05 .05 .24 .24 .24 .24
128 20000 20000 02020 20000 .05 .05 .05 .05 .24 .24 .24 .24
129 20000 20000 02020 20000 .05 .05 .05 .05 .24 .24 .24 .24
130 20200 20200 02020 20200 -0.04 -0.04 -0.04 -0.04 .21 .21 .21 .21
131 20200 20200 02020 20200 -0.04 -0.04 -0.04 -0.04 .21 .21 .21 .21
132 20200 20200 02020 20200 -0.04 -0.04 -0.04 -0.04 .21 .21 .21 .21
133 20200 20200 02020 20200 -0.04 -0.04 -0.04 -0.04 .21 .21 .21 .21
134 20200 20200 02020 20200 -0.04 -0.04 -0.04 -0.04 .21 .21 .21 .21
135 20200 20200 02020 20200 -0.04 -0.04 -0.04 -0.04 .21 .21 .21 .21
136 20200 20200 02020 20200 -0.04 -0.04 -0.04 -0.04 .21 .21 .21 .21
137 20200 20200 02020 20200 -0.04 -0.04 -0.04 -0.04 .21 .21 .21 .21
138 20200 20200 02020 20200 -0.04 -0.04 -0.04 -0.04 .21 .21 .21 .21
139 20200 20200 02020 20200 -0.04 -0.04 -0.04 -0.04 .21 .21 .21 .21
140 20200 00200 02020 00200 -0.12 -0.12 -0.12 -0.12 .10 .10 .10 .10
141 20200 00200 02020 00200 -0.12 -0.12 -0.12 -0.12 .10 .10 .10 .10
142 20200 00200 02020 00200 -0.12 -0.12 -0.12 -0.12 .10 .10 .10 .10
143 20200 00200 02020 00200 -0.12 -0.12 -0.12 -0.12 .10 .10 .10 .10
144 20200 00200 02020 00200 -0.12 -0.12 -0.12 -0.12 .10 .10 .10 .10
145 20200 00200 02020 00200 -0.12 -0.12 -0.12 -0.12 .10 .10 .10 .10
146 20200 00200 02020 00200 -0.12 -0.12 -0.12 -0.12 .10 .10 .10 .10
147 20200 00200 02020 00200 -0.12 -0.12 -0.12 -0.12 .10 .10 .10 .10
148 20200 00200 02020 00200 -0.12 -0.12 -0.12 -0.12 .10 .10 .10 .10
149 20200 00200 02020 00200 -0.12 -0.12 -0.12 -0.12 .10 .10 .10 .10
150 00200 00200 00020 00200 .22 .22 .22 .22 .41 .41 .41 .41
151 00200 00200 00020 00200 .22 .22 .22 .22 .41 .41 .41 .41
152 00200 00200 00020 00200 .22 .22 .22 .22 .41 .41 .41 .41
153 00200 00200 00020 00200 .22 .22 .22 .22 .41 .41 .41 .41
154 00200 00200 00020 00200 .22 .22 .22 .22 .41 .41 .41 .41
155 00200 00200 00020 00200 .22 .22 .22 .22 .41 .41 .41 .41
156 00200 00200 00020 00200 .22 .22 .22 .22 .41 .41 .41 .41
157 00200 00200 00020 00200 .22 .22 .22 .22 .41 .41 .41 .41
158 00200 00200 00020 00200 .22 .22 .22 .22 .41 .41 .41 .41
159 00200 00200 00020 00200 .22 .22 .22 .22 .41 .41 .41 .41
160 00200 00200 00020 00200 .22 .22 .22 .22 .41 .41 .41 .41
161 00200 00200 00020 00200 .22 .22 .22 .22 .41 .41 .41 .41
162 00200 00200 00020 00200 .22 .22 .22 .22 .41 .41 .41 .41
163 00200 00200 00020 00200 .22 .22 .22 .22 .41 .41 .41 .41
164 00200 00200 00020 00200 .22 .22 .22 .22 .41 .41 .41 .41
165 00200 00200 00200 00200 1.00 1.00 1.00 1.00 1.00 1.00 1.00 1.00
166 00200 00200 00200 00200 1.00 1.00 1.00 1.00 1.00 1.00 1.00 1.00
167 00200 00200 00200 00200 1.00 1.00 1.00 1.00 1.00 1.00 1.00 1.00
168 00200 00200 00200 00200 1.00 1.00 1.00 1.00 1.00 1.00 1.00 1.00
169 00200 00200 00200 00200 1.00 1.00 1.00 1.00 1.00 1.00 1.00 1.00
170 00200 00200 00200 00200 1.00 1.00 1.00 1.00 1.00 1.00 1.00 1.00
171 00200 00200 00200 00200 1.00 1.00 1.00 1.00 1.00 1.00 1.00 1.00
172 00200 00200 00200 00200 1.00 1.00 1.00 1.00 1.00 1.00 1.00 1.00
173 00200 00200 00200 00200 1.00 1.00 1.00 1.00 1.00 1.00 1.00 1.00
174 00200 00200 00200 00200 1.00 1.00 1.00 1.00 1.00 1.00 1.00 1.00
175 00200 00200 00200 00200 1.00 1.00 1.00 1.00 1.00 1.00 1.00 1.00
176 00200 00200 00200 00200 1.00 1.00 1.00 1.00 1.00 1.00 1.00 1.00
177 00200 00200 00200 00200 1.00 1.00 1.00 1.00 1.00 1.00 1.00 1.00
178 00200 00200 00200 00200 1.00 1.00 1.00 1.00 1.00 1.00 1.00 1.00
179 00200 00200 00200 00200 1.00 1.00 1.00 1.00 1.00 1.00 1.00 1.00
180 00200 00200 00020 00200 .22 .22 .22 .22 .41 .41 .41 .41
181 00200 00200 00020 00200 .22 .22 .22 .22 .41 .41 .41 .41
182 00200 00200 00020 00200 .22 .22 .22 .22 .41 .41 .41 .41
183 00200 00200 00020 00200 .22 .22 .22 .22 .41 .41 .41 .41
184 00200 00200 00020 00200 .22 .22 .22 .22 .41 .41 .41 .41
185 00200 00200 00020 00200 .22 .22 .22 .22 .41 .41 .41 .41
186 00200 00200 00020 00200 .22 .22 .22 .22 .41 .41 .41 .41
187 00200 00200 00020 00200 .22 .22 .22 .22 .41 .41 .41 .41
188 00200 00200 00020 00200 .22 .22 .22 .22 .41 .41 .41 .41
189 00200 00200 00020 00200 .22 .22 .22 .22 .41 .41 .41 .41
190 00200 00200 00020 00200 .22 .22 .22 .22 .41 .41 .41 .41
191 00200 00200 00020 00200 .22 .22 .22 .22 .41 .41 .41 .41
192 00200 00200 00020 00200 .22 .22 .22 .22 .41 .41 .41 .41
193 00200 00200 00020 00200 .22 .22 .22 .22 .41 .41 .41 .41
194 00200 00200 00020 00200 .22 .22 .22 .22 .41 .41 .41 .41
195 00200 00200 00200 00200 1.00 1.00 1.00 1.00 1.00 1.00 1.00 1.00
196 00200 00200 00200 00200 1.00 1.00 1.00 1.00 1.00 1.00 1.00 1.00
197 00200 00200 00200 00200 1.00 1.00 1.00 1.00 1.00 1.00 1.00 1.00
198 00200 00200 00200 00200 1.00 1.00 1.00 1.00 1.00 1.00 1.00 1.00
199 00200 00200 00200 00200 1.00 1.00 1.00 1.00 1.00 1.00 1.00 1.00
200 00200 00200 00200 00200 1.00 1.00 1.00 1.00 1.00 1.00 1.00 1.00
201 00200 00200 00200 00200 1.00 1.00 1.00 1.00 1.00 1.00 1.00 1.00
202 00200 00200 00200 00200 1.00 1.00 1.00 1.00 1.00 1.00 1.00 1.00
203 00200 00200 00200 00200 1.00 1.00 1.00 1.00 1.00 1.00 1.00 1.00
204 00200 00200 00200 00200 1.00 1.00 1.00 1.00 1.00 1.00 1.00 1.00
205 00200 00200 00200 00200 1.00 1.00 1.00 1.00 1.00 1.00 1.00 1.00
206 00200 00200 00200 00200 1.00 1.00 1.00 1.00 1.00 1.00 1.00 1.00
207 00200 00200 00200 00200 1.00 1.00 1.00 1.00 1.00 1.00 1.00 1.00
208 00200 00200 00200 00200 1.00 1.00 1.00 1.00 1.00 1.00 1.00 1.00
209 00200 00200 00200 00200 1.00 1.00 1.00 1.00 1.00 1.00 1.00 1.00
210 00200 00200 00200 00200 1.00 1.00 1.00 1.00 1.00 1.00 1.00 1.00
211 00200 00200 00200 00200 1.00 1.00 1.00 1.00 1.00 1.00 1.00 1.00
212 00200 00200 00200 00200 1.00 1.00 1.00 1.00 1.00 1.00 1.00 1.00
213 00200 00200 00200 00200 1.00 1.00 1.00 1.00 1.00 1.00 1.00 1.00
214 00200 00200 00200 00200 1.00 1.00 1.00 1.00 1.00 1.00 1.00 1.00
215 00200 00200 00200 00200 1.00 1.00 1.00 1.00 1.00 1.00 1.00 1.00
216 00200 00200 00200 00200 1.00 1.00 1.00 1.00 1.00 1.00 1.00 1.00
217 00200 00200 00200 00200 1.00 1.00 1.00 1.00 1.00 1.00 1.00 1.00
218 00200 00200 00200 00200 1.00 1.00 1.00 1.00 1.00 1.00 1.00 1.00
219 00200 00200 00200 00200 1.00 1.00 1.00 1.00 1.00 1.00 1.00 1.00
220 00200 00200 00200 00200 1.00 1.00 1.00 1.00 1.00 1.00 1.00 1.00
221 00200 00200 00200 00200 1.00 1.00 1.00 1.00 1.00 1.00 1.00 1.00
222 00200 00200 00200 00200 1.00 1.00 1.00 1.00 1.00 1.00 1.00 1.00
223 00200 00200 00200 00200 1.00 1.00 1.00 1.00 1.00 1.00 1.00 1.00
224 00200 00200 00200 00200 1.00 1.00 1.00 1.00 1.00 1.00 1.00 1.00
225 00200 00200 00200 00200 1.00 1.00 1.00 1.00 1.00 1.00 1.00 1.00
226 00200 00200 00200 00200 1.00 1.00 1.00 1.00 1.00 1.00 1.00 1.00
227 00200 00200 00200 00200 1.00 1.00 1.00 1.00 1.00 1.00 1.00 1.00
228 00200 00200 00200 00200 1.00 1.00 1.00 1.00 1.00 1.00 1.00 1.00
229 00200 00200 00200 00200 1.00 1.00 1.00 1.00 1.00 1.00 1.00 1.00
230 00201 00200 00200 00200 .70 .80 .90 .68 .76 .84 .93 .75
231 00201 00200 00200 00200 .70 .80 .90 .68 .76 .84 .93 .75
232 00201 00200 00200 00200 .70 .80 .90 .68 .76 .84 .93 .75
233 00201 00200 00200 00200 .70 .80 .90 .68 .76 .84 .93 .75
234 00201 00200 00200 00200 .70 .80 .90 .68 .76 .84 .93 .75
235 00201 00200 00200 00200 .70 .80 .90 .68 .76 .84 .93 .75
236 00201 00200 00200 00200 .70 .80 .90 .68 .76 .84 .93 .75
237 00201 00200 00200 00200 .70 .80 .90 .68 .76 .84 .93 .75
