0 00200 00200 00000 00200 .46 .46 .46 .46 .63 .63 .63 .63
1 00200 00200 00200 00200 1.00 1.00 1.00 1.00 1.00 1.00 1.00 1.00
2 00200 00200 00200 00200 1.00 1.00 1.00 1.00 1.00 1.00 1.00 1.00
3 00200 00200 00200 00200 1.00 1.00 1.00 1.00 1.00 1.00 1.00 1.00
4 00200 00200 00200 00200 1.00 1.00 1.00 1.00 1.00 1.00 1.00 1.00
5 00200 00200 00200 00200 1.00 1.00 1.00 1.00 1.00 1.00 1.00 1.00
6 00200 00200 00200 00200 1.00 1.00 1.00 1.00 1.00 1.00 1.00 1.00
7 00200 00200 00200 00200 1.00 1.00 1.00 1.00 1.00 1.00 1.00 1.00
8 00200 00200 00200 00200 1.00 1.00 1.00 1.00 1.00 1.00 1.00 1.00
9 00200 00200 00200 00200 1.00 1.00 1.00 1.00 1.00 1.00 1.00 1.00
10 00200 00200 00200 00200 1.00 1.00 1.00 1.00 1.00 1.00 1.00 1.00
11 00200 00200 00200 00200 1.00 1.00 1.00 1.00 1.00 1.00 1.00 1.00
12 00200 00200 00200 00200 1.00 1.00 1.00 1.00 1.00 1.00 1.00 1.00
13 00200 00200 00200 00200 1.00 1.00 1.00 1.00 1.00 1.00 1.00 1.00
14 00200 00200 00200 00200 1.00 1.00 1.00 1.00 1.00 1.00 1.00 1.00
15 00200 00200 00200 00200 1.00 1.00 1.00 1.00 1.00 1.00 1.00 1.00
16 00200 00200 00020 00200 .22 .22 .22 .22 .41 .41 .41 .41
17 00200 00200 00020 00200 .22 .22 .22 .22 .41 .41 .41 .41
18 00200 00200 00020 00200 .22 .22 .22 .22 .41 .41 .41 .41
19 00200 00200 00020 00200 .22 .22 .22 .22 .41 .41 .41 .41
20 00200 00200 00020 00200 .22 .22 .22 .22 .41 .41 .41 .41
21 00200 00200 00020 00200 .22 .22 .22 .22 .41 .41 .41 .41
22 00200 00200 00020 00200 .22 .22 .22 .22 .41 .41 .41 .41
23 00200 00200 00020 00200 .22 .22 .22 .22 .41 .41 .41 .41
24 00200 00200 00020 00200 .22 .22 .22 .22 .41 .41 .41 .41
25 00200 00200 00020 00200 .22 .22 .22 .22 .41 .41 .41 .41
26 00200 00200 00020 00200 .22 .22 .22 .22 .41 .41 .41 .41
27 00200 00200 00020 00200 .22 .22 .22 .22 .41 .41 .41 .41
28 00200 00200 00020 00200 .22 .22 .22 .22 .41 .41 .41 .41
29 00200 00200 00020 00200 .22 .22 .22 .22 .41 .41 .41 .41
30 00200 00200 00020 00200 .22 .22 .22 .22 .41 .41 .41 .41
31 00200 00200 00020 00200 .22 .22 .22 .22 .41 .41 .41 .41
32 00200 00200 00020 00200 .22 .22 .22 .22 .41 .41 .41 .41
33 00200 00200 00020 00200 .22 .22 .22 .22 .41 .41 .41 .41
34 00200 00200 00020 00200 .22 .22 .22 .22 .41 .41 .41 .41
35 00200 00200 00020 00200 .22 .22 .22 .22 .41 .41 .41 .41
36 00200 00200 00020 00200 .22 .22 .22 .22 .41 .41 .41 .41
37 00200 00200 00020 00200 .22 .22 .22 .22 .41 .41 .41 .41
38 00200 00200 00020 00200 .22 .22 .22 .22 .41 .41 .41 .41
39 00200 00200 00020 00200 .22 .22 .22 .22 .41 .41 .41 .41
40 00200 00200 00020 00200 .22 .22 .22 .22 .41 .41 .41 .41
41 00200 00200 00020 00200 .22 .22 .22 .22 .41 .41 .41 .41
42 00200 00200 00020 00200 .22 .22 .22 .22 .41 .41 .41 .41
43 00200 00200 00020 00200 .22 .22 .22 .22 .41 .41 .41 .41
44 00200 00200 00020 00200 .22 .22 .22 .22 .41 .41 .41 .41
45 00200 00200 00020 00200 .22 .22 .22 .22 .41 .41 .41 .41
46 00200 00200 00200 00200 1.00 1.00 1.00 1.00 1.00 1.00 1.00 1.00
47 00200 00200 00200 00200 1.00 1.00 1.00 1.00 1.00 1.00 1.00 1.00
48 00200 00200 00200 00200 1.00 1.00 1.00 1.00 1.00 1.00 1.00 1.00
49 00200 00200 00200 00200 1.00 1.00 1.00 1.00 1.00 1.00 1.00 1.00
50 00200 00200 00200 00200 1.00 1.00 1.00 1.00 1.00 1.00 1.00 1.00
51 00200 00200 00200 00200 1.00 1.00 1.00 1.00 1.00 1.00 1.00 1.00
52 00200 00200 00200 00200 1.00 1.00 1.00 1.00 1.00 1.00 1.00 1.00
53 00200 00200 00200 00200 1.00 1.00 1.00 1.00 1.00 1.00 1.00 1.00
54 00200 00200 00200 00200 1.00 1.00 1.00 1.00 1.00 1.00 1.00 1.00
55 00200 00200 00200 00200 1.00 1.00 1.00 1.00 1.00 1.00 1.00 1.00
56 00200 00200 00200 00200 1.00 1.00 1.00 1.00 1.00 1.00 1.00 1.00
57 00200 00200 00200 00200 1.00 1.00 1.00 1.00 1.00 1.00 1.00 1.00
58 00200 00200 00200 00200 1.00 1.00 1.00 1.00 1.00 1.00 1.00 1.00
59 00200 00200 00200 00200 1.00 1.00 1.00 1.00 1.00 1.00 1.00 1.00
60 00200 00200 00200 00200 1.00 1.00 1.00 1.00 1.00 1.00 1.00 1.00
61 00200 00200 00200 00200 1.00 1.00 1.00 1.00 1.00 1.00 1.00 1.00
62 00200 00200 00200 00200 1.00 1.00 1.00 1.00 1.00 1.00 1.00 1.00
63 00200 00200 00200 00200 1.00 1.00 1.00 1.00 1.00 1.00 1.00 1.00
64 00200 00200 00200 00200 1.00 1.00 1.00 1.00 1.00 1.00 1.00 1.00
65 00200 00200 00200 00200 1.00 1.00 1.00 1.00 1.00 1.00 1.00 1.00
66 00200 00200 00200 00200 1.00 1.00 1.00 1.00 1.00 1.00 1.00 1.00
67 00200 00200 00200 00200 1.00 1.00 1.00 1.00 1.00 1.00 1.00 1.00
68 00200 00200 00200 00200 1.00 1.00 1.00 1.00 1.00 1.00 1.00 1.00
69 00200 00200 00200 00200 1.00 1.00 1.00 1.00 1.00 1.00 1.00 1.00
70 00200 00200 00200 00200 1.00 1.00 1.00 1.00 1.00 1.00 1.00 1.00
71 00200 00200 00200 00200 1.00 1.00 1.00 1.00 1.00 1.00 1.00 1.00
72 00200 00200 00200 00200 1.00 1.00 1.00 1.00 1.00 1.00 1.00 1.00
73 00200 00200 00200 00200 1.00 1.00 1.00 1.00 1.00 1.00 1.00 1.00
74 00200 00200 00200 00200 1.00 1.00 1.00 1.00 1.00 1.00 1.00 1.00
75 00200 00200 00200 00200 1.00 1.00 1.00 1.00 1.00 1.00 1.00 1.00
76 00200 00200 00200 00200 1.00 1.00 1.00 1.00 1.00 1.00 1.00 1.00
77 00200 00200 00200 00200 1.00 1.00 1.00 1.00 1.00 1.00 1.00 1.00
78 00200 00200 00200 00200 1.00 1.00 1.00 1.00 1.00 1.00 1.00 1.00
79 00200 00200 00200 00200 1.00 1.00 1.00 1.00 1.00 1.00 1.00 1.00
80 00200 00200 00200 00200 1.00 1.00 1.00 1.00 1.00 1.00 1.00 1.00
81 00200 00200 00200 00200 1.00 1.00 1.00 1.00 1.00 1.00 1.00 1.00
82 00200 00200 00200 00200 1.00 1.00 1.00 1.00 1.00 1.00 1.00 1.00
83 00200 00200 00200 00200 1.00 1.00 1.00 1.00 1.00 1.00 1.00 1.00
84 00200 00200 00200 00200 1.00 1.00 1.00 1.00 1.00 1.00 1.00 1.00
85 00200 00200 00200 00200 1.00 1.00 1.00 1.00 1.00 1.00 1.00 1.00
86 00200 00200 00200 00200 1.00 1.00 1.00 1.00 1.00 1.00 1.00 1.00
87 00200 00200 00200 00200 1.00 1.00 1.00 1.00 1.00 1.00 1.00 1.00
88 00200 00200 00200 00200 1.00 1.00 1.00 1.00 1.00 1.00 1.00 1.00
89 00200 00200 00200 00200 1.00 1.00 1.00 1.00 1.00 1.00 1.00 1.00
90 00200 00200 00200 00200 1.00 1.00 1.00 1.00 1.00 1.00 1.00 1.00
91 00200 00200 00200 00200 1.00 1.00 1.00 1.00 1.00 1.00 1.00 1.00
92 00200 00200 02020 00200 .05 .05 .05 .05 .24 .24 .24 .24
93 00200 00200 02020 00200 .05 .05 .05 .05 .24 .24 .24 .24
94 00200 00200 02020 00200 .05 .05 .05 .05 .24 .24 .24 .24
95 00200 00200 02020 00200 .05 .05 .05 .05 .24 .24 .24 .24
96 00200 00200 02020 00200 .05 .05 .05 .05 .24 .24 .24 .24
97 00200 00200 02020 00200 .05 .05 .05 .05 .24 .24 .24 .24
98 00200 00200 02020 00200 .05 .05 .05 .05 .24 .24 .24 .24
99 00200 00200 02020 00200 .05 .05 .05 .05 .24 .24 .24 .24
100 02200 00200 02020 02200 .16 .16 .16 .16 .37 .37 .37 .37
101 02200 00200 02020 02200 .16 .16 .16 .16 .37 .37 .37 .37
102 02200 00200 02020 02200 .16 .16 .16 .16 .37 .37 .37 .37
103 02200 00200 02020 02200 .16 .16 .16 .16 .37 .37 .37 .37
104 02200 00200 02020 02200 .16 .16 .16 .16 .37 .37 .37 .37
105 02200 00200 02020 02200 .16 .16 .16 .16 .37 .37 .37 .37
106 02200 00200 02020 02200 .16 .16 .16 .16 .37 .37 .37 .37
107 02200 00200 02020 02200 .16 .16 .16 .16 .37 .37 .37 .37
108 02200 00200 02020 02200 .16 .16 .16 .16 .37 .37 .37 .37
109 02200 00200 02020 02200 .16 .16 .16 .16 .37 .37 .37 .37
110 20200 20200 02020 20200 -0.04 -0.04 -0.04 -0.04 .21 .21 .21 .21
111 20200 20200 02020 20200 -0.04 -0.04 -0.04 -0.04 .21 .21 .21 .21
112 20200 20200 02020 20200 -0.04 -0.04 -0.04 -0.04 .21 .21 .21 .21
113 20200 20200 02020 20200 -0.04 -0.04 -0.04 -0.04 .21 .21 .21 .21
114 20200 20200 02020 20200 -0.04 -0.04 -0.04 -0.04 .21 .21 .21 .21
115 20200 20200 02020 20200 -0.04 -0.04 -0.04 -0.04 .21 .21 .21 .21
116 20200 20200 02020 20200 -0.04 -0.04 -0.04 -0.04 .21 .21 .21 .21
117 20200 20200 02020 20200 -0.04 -0.04 -0.04 -0.04 .21 .21 .21 .21
118 20200 20200 02020 20200 -0.04 -0.04 -0.04 -0.04 .21 .21 .21 .21
119 20200 20200 02020 20200 -0.04 -0.04 -0.04 -0.04 .21 .21 .21 .21
120 20020 20020 02020 20020 .48 .48 .48 .48 .60 .60 .60 .60
121 20020 20020 02020 20020 .48 .48 .48 .48 .60 .60 .60 .60
122 20020 20020 02020 20020 .48 .48 .48 .48 .60 .60 .60 .60
123 20020 20020 02020 20020 .48 .48 .48 .48 .60 .60 .60 .60
124 20020 20020 02020 20020 .48 .48 .48 .48 .60 .60 .60 .60
125 20020 20020 02020 20020 .48 .48 .48 .48 .60 .60 .60 .60
126 20020 20020 02020 20020 .48 .48 .48 .48 .60 .60 .60 .60
127 20020 20020 02020 20020 .48 .48 .48 .48 .60 .60 .60 .60
128 20020 20020 02020 20020 .48 .48 .48 .48 .60 .60 .60 .60
129 20020 20020 02020 20020 .48 .48 .48 .48 .60 .60 .60 .60
130 20000 20000 02020 20000 .05 .05 .05 .05 .24 .24 .24 .24
131 20000 20000 02020 20000 .05 .05 .05 .05 .24 .24 .24 .24
132 20000 20000 02020 20000 .05 .05 .05 .05 .24 .24 .24 .24
133 20000 20000 02020 20000 .05 .05 .05 .05 .24 .24 .24 .24
134 20000 20000 02020 20000 .05 .05 .05 .05 .24 .24 .24 .24
135 20000 20000 02020 20000 .05 .05 .05 .05 .24 .24 .24 .24
136 20000 20000 02020 20000 .05 .05 .05 .05 .24 .24 .24 .24
137 20000 20000 02020 20000 .05 .05 .05 .05 .24 .24 .24 .24
138 20000 20000 02020 20000 .05 .05 .05 .05 .24 .24 .24 .24
139 20000 20000 02020 20000 .05 .05 .05 .05 .24 .24 .24 .24
140 20000 20000 02020 20000 .05 .05 .05 .05 .24 .24 .24 .24
141 20000 20000 02020 20000 .05 .05 .05 .05 .24 .24 .24 .24
142 20000 20000 02020 20000 .05 .05 .05 .05 .24 .24 .24 .24
143 20000 20000 02020 20000 .05 .05 .05 .05 .24 .24 .24 .24
144 20000 20000 02020 20000 .05 .05 .05 .05 .24 .24 .24 .24
145 20000 20000 02020 20000 .05 .05 .05 .05 .24 .24 .24 .24
146 20000 20000 02020 20000 .05 .05 .05 .05 .24 .24 .24 .24
147 20000 20000 02020 20000 .05 .05 .05 .05 .24 .24 .24 .24
148 20000 20000 02020 20000 .05 .05 .05 .05 .24 .24 .24 .24
149 20000 20000 02020 20000 .05 .05 .05 .05 .24 .24 .24 .24
150 20000 20000 02020 20000 .05 .05 .05 .05 .24 .24 .24 .24
151 20000 20000 02020 20000 .05 .05 .05 .05 .24 .24 .24 .24
152 20000 20000 02020 20000 .05 .05 .05 .05 .24 .24 .24 .24
153 20000 20000 02020 20000 .05 .05 .05 .05 .24 .24 .24 .24
154 20000 20000 02020 20000 .05 .05 .05 .05 .24 .24 .24 .24
155 20000 20000 02020 20000 .05 .05 .05 .05 .24 .24 .24 .24
156 20000 20000 02020 20000 .05 .05 .05 .05 .24 .24 .24 .24
157 20000 20000 02020 20000 .05 .05 .05 .05 .24 .24 .24 .24
158 20000 20000 02020 20000 .05 .05 .05 .05 .24 .24 .24 .24
159 20000 20000 02020 20000 .05 .05 .05 .05 .24 .24 .24 .24
160 20020 20020 02020 20020 .48 .48 .48 .48 .60 .60 .60 .60
161 20020 20020 02020 20020 .48 .48 .48 .48 .60 .60 .60 .60
162 20020 20020 02020 20020 .48 .48 .48 .48 .60 .60 .60 .60
163 20020 20020 02020 20020 .48 .48 .48 .48 .60 .60 .60 .60
164 20020 20020 02020 20020 .48 .48 .48 .48 .60 .60 .60 .60
165 20020 20020 02020 20020 .48 .48 .48 .48 .60 .60 .60 .60
166 20020 20020 02020 20020 .48 .48 .48 .48 .60 .60 .60 .60
167 20020 20020 02020 20020 .48 .48 .48 .48 .60 .60 .60 .60
168 20020 20020 02020 20020 .48 .48 .48 .48 .60 .60 .60 .60
169 20020 20020 02020 20020 .48 .48 .48 .48 .60 .60 .60 .60
170 20200 20000 02020 20000 -0.12 -0.12 -0.12 -0.12 .10 .10 .10 .10
171 20200 20000 02020 20000 -0.12 -0.12 -0.12 -0.12 .10 .10 .10 .10
172 20200 20000 02020 20000 -0.12 -0.12 -0.12 -0.12 .10 .10 .10 .10
173 20200 20000 02020 20000 -0.12 -0.12 -0.12 -0.12 .10 .10 .10 .10
174 20200 20000 02020 20000 -0.12 -0.12 -0.12 -0.12 .10 .10 .10 .10
175 20200 20000 02020 20000 -0.12 -0.12 -0.12 -0.12 .10 .10 .10 .10
176 20200 20000 02020 20000 -0.12 -0.12 -0.12 -0.12 .10 .10 .10 .10
177 20200 20000 02020 20000 -0.12 -0.12 -0.12 -0.12 .10 .10 .10 .10
178 20200 20000 02020 20000 -0.12 -0.12 -0.12 -0.12 .10 .10 .10 .10
179 20200 20000 02020 20000 -0.12 -0.12 -0.12 -0.12 .10 .10 .10 .10
180 20200 20200 02020 20200 -0.04 -0.04 -0.04 -0.04 .21 .21 .21 .21
181 20200 20200 02020 20200 -0.04 -0.04 -0.04 -0.04 .21 .21 .21 .21
182 20200 20200 02020 20200 -0.04 -0.04 -0.04 -0.04 .21 .21 .21 .21
183 20200 20200 02020 20200 -0.04 -0.04 -0.04 -0.04 .21 .21 .21 .21
184 20200 20200 02020 20200 -0.04 -0.04 -0.04 -0.04 .21 .21 .21 .21
185 20200 20200 02020 20200 -0.04 -0.04 -0.04 -0.04 .21 .21 .21 .21
186 20200 20200 02020 20200 -0.04 -0.04 -0.04 -0.04 .21 .21 .21 .21
187 20200 20200 02020 20200 -0.04 -0.04 -0.04 -0.04 .21 .21 .21 .21
188 20200 20200 02020 20200 -0.04 -0.04 -0.04 -0.04 .21 .21 .21 .21
189 20200 20200 02020 20200 -0.04 -0.04 -0.04 -0.04 .21 .21 .21 .21
190 02200 02200 02020 02200 .48 .48 .48 .48 .60 .60 .60 .60
191 02200 02200 02020 02200 .48 .48 .48 .48 .60 .60 .60 .60
192 02200 02200 02020 02200 .48 .48 .48 .48 .60 .60 .60 .60
193 02200 02200 02020 02200 .48 .48 .48 .48 .60 .60 .60 .60
194 02200 02200 02020 02200 .48 .48 .48 .48 .60 .60 .60 .60
195 02200 02200 02020 02200 .48 .48 .48 .48 .60 .60 .60 .60
196 02200 02200 02020 02200 .48 .48 .48 .48 .60 .60 .60 .60
197 02200 02200 02020 02200 .48 .48 .48 .48 .60 .60 .60 .60
198 02200 02200 02020 02200 .48 .48 .48 .48 .60 .60 .60 .60
199 02200 02200 02020 02200 .48 .48 .48 .48 .60 .60 .60 .60
200 00200 00200 02020 00200 .05 .05 .05 .05 .24 .24 .24 .24
201 00200 00200 02020 00200 .05 .05 .05 .05 .24 .24 .24 .24
202 00200 00200 02020 00200 .05 .05 .05 .05 .24 .24 .24 .24
203 00200 00200 02020 00200 .05 .05 .05 .05 .24 .24 .24 .24
204 00200 00200 00000 00200 .46 .46 .46 .46 .63 .63 .63 .63
205 00200 00200 00000 00200 .46 .46 .46 .46 .63 .63 .63 .63
206 00200 00200 00000 00200 .46 .46 .46 .46 .63 .63 .63 .63
207 00200 00200 00000 00200 .46 .46 .46 .46 .63 .63 .63 .63
208 00200 00200 00000 00200 .46 .46 .46 .46 .63 .63 .63 .63
209 00200 00200 00000 00200 .46 .46 .46 .46 .63 .63 .63 .63
210 00200 00200 00000 00200 .46 .46 .46 .46 .63 .63 .63 .63
211 00200 00200 00000 00200 .46 .46 .46 .46 .63 .63 .63 .63
212 00200 00200 00000 00200 .46 .46 .46 .46 .63 .63 .63 .63
213 00200 00200 00000 00200 .46 .46 .46 .46 .63 .63 .63 .63
214 00200 00200 00000 00200 .46 .46 .46 .46 .63 .63 .63 .63
215 00200 00200 00000 00200 .46 .46 .46 .46 .63 .63 .63 .63
216 00200 00200 00000 00200 .46 .46 .46 .46 .63 .63 .63 .63
217 00200 00200 00000 00200 .46 .46 .46 .46 .63 .63 .63 .63
218 00200 00200 00000 00200 .46 .46 .46 .46 .63 .63 .63 .63
219 00200 00200 00200 00200 1.00 1.00 1.00 1.00 1.00 1.00 1.00 1.00
220 00200 00200 00200 00200 1.00 1.00 1.00 1.00 1.00 1.00 1.00 1.00
221 00200 00200 00200 00200 1.00 1.00 1.00 1.00 1.00 1.00 1.00 1.00
222 00200 00200 00200 00200 1.00 1.00 1.00 1.00 1.00 1.00 1.00 1.00
223 00200 00200 00200 00200 1.00 1.00 1.00 1.00 1.00 1.00 1.00 1.00
224 00200 00200 00200 00200 1.00 1.00 1.00 1.00 1.00 1.00 1.00 1.00
225 00200 00200 00200 00200 1.00 1.00 1.00 1.00 1.00 1.00 1.00 1.00
226 00200 00200 00200 00200 1.00 1.00 1.00 1.00 1.00 1.00 1.00 1.00
227 00200 00200 00200 00200 1.00 1.00 1.00 1.00 1.00 1.00 1.00 1.00
228 00200 00200 00200 00200 1.00 1.00 1.00 1.00 1.00 1.00 1.00 1.00
229 00200 00200 00200 00200 1.00 1.00 1.00 1.00 1.00 1.00 1.00 1.00
230 00200 00200 00200 00200 1.00 1.00 1.00 1.00 1.00 1.00 1.00 1.00
231 00200 00200 00200 00200 1.00 1.00 1.00 1.00 1.00 1.00 1.00 1.00
232 00200 00200 00200 00200 1.00 1.00 1.00 1.00 1.00 1.00 1.00 1.00
233 00200 00200 00200 00200 1.00 1.00 1.00 1.00 1.00 1.00 1.00 1.00
234 00200 00200 00200 00200 1.00 1.00 1.00 1.00 1.00 1.00 1.00 1.00
235 00200 00200 00200 00200 1.00 1.00 1.00 1.00 1.00 1.00 1.00 1.00
236 00200 00200 00200 00200 1.00 1.00 1.00 1.00 1.00 1.00 1.00 1.00
237 00200 00200 00200 00200 1.00 1.00 1.00 1.00 1.00 1.00 1.00 1.00
238 00200 00200 00200 00200 1.00 1.00 1.00 1.00 1.00 1.00 1.00 1.00
239 00200 00200 00200 00200 1.00 1.00 1.00 1.00 1.00 1.00 1.00 1.00
240 00200 00200 00000 00200 .46 .46 .46 .46 .63 .63 .63 .63
241 00200 00200 00000 00200 .46 .46 .46 .46 .63 .63 .63 .63
242 00200 00200 00000 00200 .46 .46 .46 .46 .63 .63 .63 .63
243 00200 00200 00000 00200 .46 .46 .46 .46 .63 .63 .63 .63
244 00200 00200 00000 00200 .46 .46 .46 .46 .63 .63 .63 .63
245 00200 00200 00000 00200 .46 .46 .46 .46 .63 .63 .63 .63
246 00200 00200 00000 00200 .46 .46 .46 .46 .63 .63 .63 .63
247 00200 00200 00000 00200 .46 .46 .46 .46 .63 .63 .63 .63
248 00200 00200 00000 00200 .46 .46 .46 .46 .63 .63 .63 .63
249 00200 00200 00000 00200 .46 .46 .46 .46 .63 .63 .63 .63
250 00201 00201 00000 00201 .42 .37 .39 .37 .59 .55 .57 .55
251 00201 00201 00000 00201 .42 .37 .39 .37 .59 .55 .57 .55
252 00201 00201 00000 00201 .42 .37 .39 .37 .59 .55 .57 .55
253 00201 00201 00000 00201 .42 .37 .39 .37 .59 .55 .57 .55
254 00201 00201 00000 00201 .42 .37 .39 .37 .59 .55 .57 .55
255 00201 00201 00200 00201 .75 .83 .90 .72 .82 .87 .93 .79
256 00201 00201 00200 00201 .75 .83 .90 .72 .82 .87 .93 .79
257 00201 00201 00200 00201 .75 .83 .90 .72 .82 .87 .93 .79
258 00201 00201 00200 00201 .75 .83 .90 .72 .82 .87 .93 .79
259 00201 00201 00200 00201 .75 .83 .90 .72 .82 .87 .93 .79
260 00201 00201 00200 00201 .75 .83 .90 .72 .82 .87 .93 .79
261 00201 00201 00200 00201 .75 .83 .90 .72 .82 .87 .93 .79
262 00201 00201 00200 00201 .75 .83 .90 .72 .82 .87 .93 .79
263 00201 00201 00200 00201 .75 .83 .90 .72 .82 .87 .93 .79
264 00201 00201 00200 00201 .75 .83 .90 .72 .82 .87 .93 .79
265 00201 00201 00200 00201 .75 .83 .90 .72 .82 .87 .93 .79
266 00201 00201 00200 00201 .75 .83 .90 .72 .82 .87 .93 .79
267 00201 00201 00200 00201 .75 .83 .90 .72 .82 .87 .93 .79
268 00201 00201 00200 00201 .75 .83 .90 .72 .82 .87 .93 .79
269 00201 00201 00200 00201 .75 .83 .90 .72 .82 .87 .93 .79
270 00201 00201 00200 00201 .75 .83 .90 .72 .82 .87 .93 .79
271 00201 00201 00200 00201 .75 .83 .90 .72 .82 .87 .93 .79
272 00201 00201 00200 00201 .75 .83 .90 .72 .82 .87 .93 .79
273 00201 00201 00200 00201 .75 .83 .90 .72 .82 .87 .93 .79
274 00201 00201 00200 00201 .75 .83 .90 .72 .82 .87 .93 .79
275 00201 00201 00200 00201 .75 .83 .90 .72 .82 .87 .93 .79
276 00201 00201 00200 00201 .75 .83 .90 .72 .82 .87 .93 .79
277 00201 00201 00200 00201 .75 .83 .90 .72 .82 .87 .93 .79
278 00201 00201 00200 00201 .75 .83 .90 .72 .82 .87 .93 .79
279 00201 00201 00200 00201 .75 .83 .90 .72 .82 .87 .93 .79
280 00201 00201 00200 00201 .75 .83 .90 .72 .82 .87 .93 .79
281 00201 00201 00200 00201 .75 .83 .90 .72 .82 .87 .93 .79
282 00201 00201 00200 00201 .75 .83 .90 .72 .82 .87 .93 .79
283 00201 00201 00200 00201 .75 .83 .90 .72 .82 .87 .93 .79
284 00201 00201 00200 00201 .75 .83 .90 .72 .82 .87 .93 .79
285 00201 00201 00200 00201 .75 .83 .90 .72 .82 .87 .93 .79
286 00201 00201 00200 00201 .75 .83 .90 .72 .82 .87 .93 .79
287 00201 00201 00200 00201 .75 .83 .90 .72 .82 .87 .93 .79
288 00201 00201 00200 00201 .75 .83 .90 .72 .82 .87 .93 .79
289 00201 00201 00200 00201 .75 .83 .90 .72 .82 .87 .93 .79
290 00201 00201 00200 00201 .75 .83 .90 .72 .82 .87 .93 .79
291 00201 00201 00200 00201 .75 .83 .90 .72 .82 .87 .93 .79
292 00201 00201 00200 00201 .75 .83 .90 .72 .82 .87 .93 .79
293 00201 00201 00200 00201 .75 .83 .90 .72 .82 .87 .93 .79
294 00201 00201 00200 00201 .75 .83 .90 .72 .82 .87 .93 .79
295 00201 00201 00200 00201 .75 .83 .90 .72 .82 .87 .93 .79
296 00201 00201 00200 00201 .75 .83 .90 .72 .82 .87 .93 .79
297 00201 00201 00200 00201 .75 .83 .90 .72 .82 .87 .93 .79
298 00201 00201 00200 00201 .75 .83 .90 .72 .82 .87 .93 .79
299 00201 00201 00200 00201 .75 .83 .90 .72 .82 .87 .93 .79
300 00201 00201 00200 00201 .75 .83 .90 .72 .82 .87 .93 .79
301 00201 00201 00200 00201 .75 .83 .90 .72 .82 .87 .93 .79
302 00201 00201 00200 00201 .75 .83 .90 .72 .82 .87 .93 .79
303 00201 00201 00200 00201 .75 .83 .90 .72 .82 .87 .93 .79
304 00201 00201 00200 00201 .75 .83 .90 .72 .82 .87 .93 .79
305 00201 00201 00200 00201 .75 .83 .90 .72 .82 .87 .93 .79
306 00201 00201 00200 00201 .75 .83 .90 .72 .82 .87 .93 .79
307 00201 00201 00200 00201 .75 .83 .90 .72 .82 .87 .93 .79
308 00201 00201 00200 00201 .75 .83 .90 .72 .82 .87 .93 .79
309 00201 00201 00200 00201 .75 .83 .90 .72 .82 .87 .93 .79
310 00201 00201 00200 00201 .75 .83 .90 .72 .82 .87 .93 .79
311 00201 00201 00200 00201 .75 .83 .90 .72 .82 .87 .93 .79
312 00201 00201 00200 00201 .75 .83 .90 .72 .82 .87 .93 .79
313 00201 00201 00200 00201 .75 .83 .90 .72 .82 .87 .93 .79
314 00201 00201 00200 00201 .75 .83 .90 .72 .82 .87 .93 .79
315 00201 00201 00200 00201 .75 .83 .90 .72 .82 .87 .93 .79
316 00201 00201 00200 00201 .75 .83 .90 .72 .82 .87 .93 .79
317 00201 00201 00200 00201 .75 .83 .90 .72 .82 .87 .93 .79
318 00201 00201 00200 00201 .75 .83 .90 .72 .82 .87 .93 .79
319 00201 00201 00200 00201 .75 .83 .90 .72 .82 .87 .93 .79
320 00201 00201 00200 00201 .75 .83 .90 .72 .82 .87 .93 .79
321 00201 00201 00200 00201 .75 .83 .90 .72 .82 .87 .93 .79
322 00201 00201 00200 00201 .75 .83 .90 .72 .82 .87 .93 .79
323 00201 00201 00200 00201 .75 .83 .90 .72 .82 .87 .93 .79
324 00201 00201 00200 00201 .75 .83 .90 .72 .82 .87 .93 .79
325 00201 00201 00200 00201 .75 .83 .90 .72 .82 .87 .93 .79
326 00201 00201 00200 00201 .75 .83 .90 .72 .82 .87 .93 .79
327 00201 00201 00200 00201 .75 .83 .90 .72 .82 .87 .93 .79
328 00201 00201 00200 00201 .75 .83 .90 .72 .82 .87 .93 .79
329 00201 00201 00200 00201 .75 .83 .90 .72 .82 .87 .93 .79
330 00202 00202 00200 00202 .72 .72 .72 .72 .79 .79 .79 .79
331 00202 00202 00200 00202 .72 .72 .72 .72 .79 .79 .79 .79
332 00202 00202 00200 00202 .72 .72 .72 .72 .79 .79 .79 .79
333 00202 00202 00200 00202 .72 .72 .72 .72 .79 .79 .79 .79
334 00202 00202 00200 00202 .72 .72 .72 .72 .79 .79 .79 .79
335 00202 00202 00200 00202 .72 .72 .72 .72 .79 .79 .79 .79
336 00202 00202 00200 00202 .72 .72 .72 .72 .79 .79 .79 .79
337 00202 00202 00200 00202 .72 .72 .72 .72 .79 .79 .79 .79
338 00202 00202 00200 00202 .72 .72 .72 .72 .79 .79 .79 .79
