0 00022 00022 00000 00022 .36 .36 .36 .36 .55 .55 .55 .55
1 00022 00022 00020 00022 .72 .72 .72 .72 .79 .79 .79 .79
2 00022 00022 00020 00022 .72 .72 .72 .72 .79 .79 .79 .79
3 00022 00022 00020 00022 .72 .72 .72 .72 .79 .79 .79 .79
4 00022 00022 00020 00022 .72 .72 .72 .72 .79 .79 .79 .79
5 00022 00022 00020 00022 .72 .72 .72 .72 .79 .79 .79 .79
6 00022 00022 00020 00022 .72 .72 .72 .72 .79 .79 .79 .79
7 00022 00022 00020 00022 .72 .72 .72 .72 .79 .79 .79 .79
8 00022 00022 00020 00022 .72 .72 .72 .72 .79 .79 .79 .79
9 00022 00022 00020 00022 .72 .72 .72 .72 .79 .79 .79 .79
10 00022 00022 00020 00022 .72 .72 .72 .72 .79 .79 .79 .79
11 00022 00022 00020 00022 .72 .72 .72 .72 .79 .79 .79 .79
12 00022 00022 00020 00022 .72 .72 .72 .72 .79 .79 .79 .79
13 00022 00022 00020 00022 .72 .72 .72 .72 .79 .79 .79 .79
14 00022 00022 00020 00022 .72 .72 .72 .72 .79 .79 .79 .79
15 00022 00022 00020 00022 .72 .72 .72 .72 .79 .79 .79 .79
16 00022 00022 00020 00022 .72 .72 .72 .72 .79 .79 .79 .79
17 00022 00022 00020 00022 .72 .72 .72 .72 .79 .79 .79 .79
18 00022 00022 00020 00022 .72 .72 .72 .72 .79 .79 .79 .79
19 00022 00022 00020 00022 .72 .72 .72 .72 .79 .79 .79 .79
20 00022 00022 00020 00022 .72 .72 .72 .72 .79 .79 .79 .79
21 00022 00022 00020 00022 .72 .72 .72 .72 .79 .79 .79 .79
22 00022 00022 00020 00022 .72 .72 .72 .72 .79 .79 .79 .79
23 00022 00022 00020 00022 .72 .72 .72 .72 .79 .79 .79 .79
24 00022 00022 00020 00022 .72 .72 .72 .72 .79 .79 .79 .79
25 00022 00022 00020 00022 .72 .72 .72 .72 .79 .79 .79 .79
26 00022 00022 00020 00022 .72 .72 .72 .72 .79 .79 .79 .79
27 00022 00022 00020 00022 .72 .72 .72 .72 .79 .79 .79 .79
28 00022 00022 00020 00022 .72 .72 .72 .72 .79 .79 .79 .79
29 00022 00022 00020 00022 .72 .72 .72 .72 .79 .79 .79 .79
30 00022 00022 00020 00022 .72 .72 .72 .72 .79 .79 .79 .79
31 00022 00022 00020 00022 .72 .72 .72 .72 .79 .79 .79 .79
32 00022 00022 00020 00022 .72 .72 .72 .72 .79 .79 .79 .79
33 00022 00022 00020 00022 .72 .72 .72 .72 .79 .79 .79 .79
34 00022 00022 00020 00022 .72 .72 .72 .72 .79 .79 .79 .79
35 00022 00022 00020 00022 .72 .72 .72 .72 .79 .79 .79 .79
36 00022 00022 00020 00022 .72 .72 .72 .72 .79 .79 .79 .79
37 00022 00022 00020 00022 .72 .72 .72 .72 .79 .79 .79 .79
38 00022 00022 00020 00022 .72 .72 .72 .72 .79 .79 .79 .79
39 00022 00022 00020 00022 .72 .72 .72 .72 .79 .79 .79 .79
40 00202 00202 00020 00202 .16 .16 .16 .16 .37 .37 .37 .37
41 00202 00202 00020 00202 .16 .16 .16 .16 .37 .37 .37 .37
42 00202 00202 00020 00202 .16 .16 .16 .16 .37 .37 .37 .37
43 00202 00202 00020 00202 .16 .16 .16 .16 .37 .37 .37 .37
44 00202 00202 00020 00202 .16 .16 .16 .16 .37 .37 .37 .37
45 00202 00202 00020 00202 .16 .16 .16 .16 .37 .37 .37 .37
46 00202 00202 00020 00202 .16 .16 .16 .16 .37 .37 .37 .37
47 00202 00202 00200 00202 .72 .72 .72 .72 .79 .79 .79 .79
48 00202 00202 00200 00202 .72 .72 .72 .72 .79 .79 .79 .79
49 00202 00202 00200 00202 .72 .72 .72 .72 .79 .79 .79 .79
50 00202 00202 00200 00202 .72 .72 .72 .72 .79 .79 .79 .79
51 00202 00202 00200 00202 .72 .72 .72 .72 .79 .79 .79 .79
52 00202 00202 00200 00202 .72 .72 .72 .72 .79 .79 .79 .79
53 00202 00202 00200 00202 .72 .72 .72 .72 .79 .79 .79 .79
54 00202 00202 00200 00202 .72 .72 .72 .72 .79 .79 .79 .79
55 00202 00202 00200 00202 .72 .72 .72 .72 .79 .79 .79 .79
56 00202 00202 00200 00202 .72 .72 .72 .72 .79 .79 .79 .79
57 00202 00202 00200 00202 .72 .72 .72 .72 .79 .79 .79 .79
58 00202 00202 00200 00202 .72 .72 .72 .72 .79 .79 .79 .79
59 00202 00202 00200 00202 .72 .72 .72 .72 .79 .79 .79 .79
60 00202 00202 00200 00202 .72 .72 .72 .72 .79 .79 .79 .79
61 00202 00202 00200 00202 .72 .72 .72 .72 .79 .79 .79 .79
62 00202 00202 00200 00202 .72 .72 .72 .72 .79 .79 .79 .79
63 00202 00202 00200 00202 .72 .72 .72 .72 .79 .79 .79 .79
64 00202 00202 00200 00202 .72 .72 .72 .72 .79 .79 .79 .79
65 00202 00202 00200 00202 .72 .72 .72 .72 .79 .79 .79 .79
66 00202 00202 00200 00202 .72 .72 .72 .72 .79 .79 .79 .79
67 00202 00202 00200 00202 .72 .72 .72 .72 .79 .79 .79 .79
68 00202 00202 00200 00202 .72 .72 .72 .72 .79 .79 .79 .79
69 00202 00202 00200 00202 .72 .72 .72 .72 .79 .79 .79 .79
70 00200 00200 00200 00200 1.00 1.00 1.00 1.00 1.00 1.00 1.00 1.00
71 00200 00200 00200 00200 1.00 1.00 1.00 1.00 1.00 1.00 1.00 1.00
72 00200 00200 00200 00200 1.00 1.00 1.00 1.00 1.00 1.00 1.00 1.00
73 00200 00200 00200 00200 1.00 1.00 1.00 1.00 1.00 1.00 1.00 1.00
74 00200 00200 00200 00200 1.00 1.00 1.00 1.00 1.00 1.00 1.00 1.00
75 00200 00200 00200 00200 1.00 1.00 1.00 1.00 1.00 1.00 1.00 1.00
76 00200 00200 00200 00200 1.00 1.00 1.00 1.00 1.00 1.00 1.00 1.00
77 00200 00200 00200 00200 1.00 1.00 1.00 1.00 1.00 1.00 1.00 1.00
78 00200 00200 00200 00200 1.00 1.00 1.00 1.00 1.00 1.00 1.00 1.00
79 00200 00200 00200 00200 1.00 1.00 1.00 1.00 1.00 1.00 1.00 1.00
80 00200 00200 00200 00200 1.00 1.00 1.00 1.00 1.00 1.00 1.00 1.00
81 00200 00200 00200 00200 1.00 1.00 1.00 1.00 1.00 1.00 1.00 1.00
82 00200 00200 00200 00200 1.00 1.00 1.00 1.00 1.00 1.00 1.00 1.00
83 00200 00200 00200 00200 1.00 1.00 1.00 1.00 1.00 1.00 1.00 1.00
84 00200 00200 00200 00200 1.00 1.00 1.00 1.00 1.00 1.00 1.00 1.00
85 00200 00200 00200 00200 1.00 1.00 1.00 1.00 1.00 1.00 1.00 1.00
86 00200 00200 00200 00200 1.00 1.00 1.00 1.00 1.00 1.00 1.00 1.00
87 00200 00200 00200 00200 1.00 1.00 1.00 1.00 1.00 1.00 1.00 1.00
88 00200 00200 00200 00200 1.00 1.00 1.00 1.00 1.00 1.00 1.00 1.00
89 00200 00200 00200 00200 1.00 1.00 1.00 1.00 1.00 1.00 1.00 1.00
90 00200 00200 00200 00200 1.00 1.00 1.00 1.00 1.00 1.00 1.00 1.00
91 00200 00200 00200 00200 1.00 1.00 1.00 1.00 1.00 1.00 1.00 1.00
92 00200 00200 00200 00200 1.00 1.00 1.00 1.00 1.00 1.00 1.00 1.00
93 00200 00200 00200 00200 1.00 1.00 1.00 1.00 1.00 1.00 1.00 1.00
94 00200 00200 00200 00200 1.00 1.00 1.00 1.00 1.00 1.00 1.00 1.00
95 00200 00200 00200 00200 1.00 1.00 1.00 1.00 1.00 1.00 1.00 1.00
96 00200 00200 00200 00200 1.00 1.00 1.00 1.00 1.00 1.00 1.00 1.00
97 00200 00200 00200 00200 1.00 1.00 1.00 1.00 1.00 1.00 1.00 1.00
98 00200 00200 00200 00200 1.00 1.00 1.00 1.00 1.00 1.00 1.00 1.00
99 00200 00200 00200 00200 1.00 1.00 1.00 1.00 1.00 1.00 1.00 1.00
100 00200 00200 00200 00200 1.00 1.00 1.00 1.00 1.00 1.00 1.00 1.00
101 00200 00200 00200 00200 1.00 1.00 1.00 1.00 1.00 1.00 1.00 1.00
102 00200 00200 00200 00200 1.00 1.00 1.00 1.00 1.00 1.00 1.00 1.00
103 00200 00200 00200 00200 1.00 1.00 1.00 1.00 1.00 1.00 1.00 1.00
104 00200 00200 00200 00200 1.00 1.00 1.00 1.00 1.00 1.00 1.00 1.00
105 00200 00200 00200 00200 1.00 1.00 1.00 1.00 1.00 1.00 1.00 1.00
106 00200 00200 00200 00200 1.00 1.00 1.00 1.00 1.00 1.00 1.00 1.00
107 00200 00200 00200 00200 1.00 1.00 1.00 1.00 1.00 1.00 1.00 1.00
108 00200 00200 00200 00200 1.00 1.00 1.00 1.00 1.00 1.00 1.00 1.00
109 00200 00200 00200 00200 1.00 1.00 1.00 1.00 1.00 1.00 1.00 1.00
110 00200 00200 00200 00200 1.00 1.00 1.00 1.00 1.00 1.00 1.00 1.00
111 00200 00200 00200 00200 1.00 1.00 1.00 1.00 1.00 1.00 1.00 1.00
112 00200 00200 00200 00200 1.00 1.00 1.00 1.00 1.00 1.00 1.00 1.00
113 00200 00200 00200 00200 1.00 1.00 1.00 1.00 1.00 1.00 1.00 1.00
114 00200 00200 00200 00200 1.00 1.00 1.00 1.00 1.00 1.00 1.00 1.00
115 00200 00200 00200 00200 1.00 1.00 1.00 1.00 1.00 1.00 1.00 1.00
116 00200 00200 00200 00200 1.00 1.00 1.00 1.00 1.00 1.00 1.00 1.00
117 00200 00200 00200 00200 1.00 1.00 1.00 1.00 1.00 1.00 1.00 1.00
118 00200 00200 00200 00200 1.00 1.00 1.00 1.00 1.00 1.00 1.00 1.00
119 00200 00200 00200 00200 1.00 1.00 1.00 1.00 1.00 1.00 1.00 1.00
120 00200 00200 00200 00200 1.00 1.00 1.00 1.00 1.00 1.00 1.00 1.00
121 00200 00200 00200 00200 1.00 1.00 1.00 1.00 1.00 1.00 1.00 1.00
122 00200 00200 00200 00200 1.00 1.00 1.00 1.00 1.00 1.00 1.00 1.00
123 00200 00200 00200 00200 1.00 1.00 1.00 1.00 1.00 1.00 1.00 1.00
124 00200 00200 00200 00200 1.00 1.00 1.00 1.00 1.00 1.00 1.00 1.00
125 00200 00200 00200 00200 1.00 1.00 1.00 1.00 1.00 1.00 1.00 1.00
126 00200 00200 00200 00200 1.00 1.00 1.00 1.00 1.00 1.00 1.00 1.00
127 00200 00200 00200 00200 1.00 1.00 1.00 1.00 1.00 1.00 1.00 1.00
128 00200 00200 00200 00200 1.00 1.00 1.00 1.00 1.00 1.00 1.00 1.00
129 00200 00200 00200 00200 1.00 1.00 1.00 1.00 1.00 1.00 1.00 1.00
130 00200 00200 00200 00200 1.00 1.00 1.00 1.00 1.00 1.00 1.00 1.00
131 00200 00200 00200 00200 1.00 1.00 1.00 1.00 1.00 1.00 1.00 1.00
132 00200 00200 00200 00200 1.00 1.00 1.00 1.00 1.00 1.00 1.00 1.00
133 00200 00200 00200 00200 1.00 1.00 1.00 1.00 1.00 1.00 1.00 1.00
134 00200 00200 00200 00200 1.00 1.00 1.00 1.00 1.00 1.00 1.00 1.00
135 00200 00200 00200 00200 1.00 1.00 1.00 1.00 1.00 1.00 1.00 1.00
136 00200 00200 00200 00200 1.00 1.00 1.00 1.00 1.00 1.00 1.00 1.00
137 00200 00200 00200 00200 1.00 1.00 1.00 1.00 1.00 1.00 1.00 1.00
138 00200 00200 00200 00200 1.00 1.00 1.00 1.00 1.00 1.00 1.00 1.00
139 00200 00200 00200 00200 1.00 1.00 1.00 1.00 1.00 1.00 1.00 1.00
140 00200 00200 00200 00200 1.00 1.00 1.00 1.00 1.00 1.00 1.00 1.00
141 00200 00200 00200 00200 1.00 1.00 1.00 1.00 1.00 1.00 1.00 1.00
142 00200 00200 00200 00200 1.00 1.00 1.00 1.00 1.00 1.00 1.00 1.00
143 00200 00200 00200 00200 1.00 1.00 1.00 1.00 1.00 1.00 1.00 1.00
144 00200 00200 00200 00200 1.00 1.00 1.00 1.00 1.00 1.00 1.00 1.00
145 00200 00200 00200 00200 1.00 1.00 1.00 1.00 1.00 1.00 1.00 1.00
146 00200 00200 00200 00200 1.00 1.00 1.00 1.00 1.00 1.00 1.00 1.00
147 00200 00200 00200 00200 1.00 1.00 1.00 1.00 1.00 1.00 1.00 1.00
148 00200 00200 00200 00200 1.00 1.00 1.00 1.00 1.00 1.00 1.00 1.00
149 00200 00200 00200 00200 1.00 1.00 1.00 1.00 1.00 1.00 1.00 1.00
150 00201 00201 00200 00201 .75 .83 .90 .72 .82 .87 .93 .79
151 00201 00201 00200 00201 .75 .83 .90 .72 .82 .87 .93 .79
152 00201 00201 00200 00201 .75 .83 .90 .72 .82 .87 .93 .79
153 00201 00201 00200 00201 .75 .83 .90 .72 .82 .87 .93 .79
154 00201 00201 00200 00201 .75 .83 .90 .72 .82 .87 .93 .79
155 00201 00201 00200 00201 .75 .83 .90 .72 .82 .87 .93 .79
156 00201 00201 00200 00201 .75 .83 .90 .72 .82 .87 .93 .79
157 00201 00201 00200 00201 .75 .83 .90 .72 .82 .87 .93 .79
158 00201 00201 00200 00201 .75 .83 .90 .72 .82 .87 .93 .79
159 00201 00201 00200 00201 .75 .83 .90 .72 .82 .87 .93 .79
160 00201 00201 00200 00201 .75 .83 .90 .72 .82 .87 .93 .79
161 00201 00201 00200 00201 .75 .83 .90 .72 .82 .87 .93 .79
162 00201 00201 00200 00201 .75 .83 .90 .72 .82 .87 .93 .79
163 00201 00201 00200 00201 .75 .83 .90 .72 .82 .87 .93 .79
164 00201 00201 00200 00201 .75 .83 .90 .72 .82 .87 .93 .79
165 00201 00201 00200 00201 .75 .83 .90 .72 .82 .87 .93 .79
166 00201 00201 00200 00201 .75 .83 .90 .72 .82 .87 .93 .79
167 00201 00201 00200 00201 .75 .83 .90 .72 .82 .87 .93 .79
168 00201 00201 00200 00201 .75 .83 .90 .72 .82 .87 .93 .79
169 00201 00201 00200 00201 .75 .83 .90 .72 .82 .87 .93 .79
170 00202 00202 00200 00202 .72 .72 .72 .72 .79 .79 .79 .79
171 00202 00202 00200 00202 .72 .72 .72 .72 .79 .79 .79 .79
172 00202 00202 00200 00202 .72 .72 .72 .72 .79 .79 .79 .79
173 00202 00202 00200 00202 .72 .72 .72 .72 .79 .79 .79 .79
174 00202 00202 00200 00202 .72 .72 .72 .72 .79 .79 .79 .79
175 00202 00202 00200 00202 .72 .72 .72 .72 .79 .79 .79 .79
176 00202 00202 00200 00202 .72 .72 .72 .72 .79 .79 .79 .79
177 00202 00202 00200 00202 .72 .72 .72 .72 .79 .79 .79 .79
178 00202 00202 00200 00202 .72 .72 .72 .72 .79 .79 .79 .79
179 00202 00202 00200 00202 .72 .72 .72 .72 .79 .79 .79 .79
180 00202 00202 00200 00202 .72 .72 .72 .72 .79 .79 .79 .79
181 00202 00202 00200 00202 .72 .72 .72 .72 .79 .79 .79 .79
182 00202 00202 00200 00202 .72 .72 .72 .72 .79 .79 .79 .79
183 00202 00202 00200 00202 .72 .72 .72 .72 .79 .79 .79 .79
184 00202 00202 00200 00202 .72 .72 .72 .72 .79 .79 .79 .79
185 00202 00202 00200 00202 .72 .72 .72 .72 .79 .79 .79 .79
186 00202 00202 00200 00202 .72 .72 .72 .72 .79 .79 .79 .79
187 00202 00202 00000 00202 .36 .36 .36 .36 .55 .55 .55 .55
188 00202 00202 00000 00202 .36 .36 .36 .36 .55 .55 .55 .55
189 00202 00202 00000 00202 .36 .36 .36 .36 .55 .55 .55 .55
190 00202 00202 00000 00202 .36 .36 .36 .36 .55 .55 .55 .55
191 00202 00202 00000 00202 .36 .36 .36 .36 .55 .55 .55 .55
192 00202 00202 00000 00202 .36 .36 .36 .36 .55 .55 .55 .55
193 00202 00202 00000 00202 .36 .36 .36 .36 .55 .55 .55 .55
194 00202 00202 00000 00202 .36 .36 .36 .36 .55 .55 .55 .55
195 00202 00202 00000 00202 .36 .36 .36 .36 .55 .55 .55 .55
196 00202 00202 00000 00202 .36 .36 .36 .36 .55 .55 .55 .55
197 00202 00202 00000 00202 .36 .36 .36 .36 .55 .55 .55 .55
198 00202 00202 00000 00202 .36 .36 .36 .36 .55 .55 .55 .55
199 00202 00202 00000 00202 .36 .36 .36 .36 .55 .55 .55 .55
200 00202 00202 00000 00202 .36 .36 .36 .36 .55 .55 .55 .55
201 00202 00202 00000 00202 .36 .36 .36 .36 .55 .55 .55 .55
202 00202 00202 00000 00202 .36 .36 .36 .36 .55 .55 .55 .55
203 00202 00202 00000 00202 .36 .36 .36 .36 .55 .55 .55 .55
204 00202 00202 00000 00202 .36 .36 .36 .36 .55 .55 .55 .55
205 00202 00202 00000 00202 .36 .36 .36 .36 .55 .55 .55 .55
206 00202 00202 00000 00202 .36 .36 .36 .36 .55 .55 .55 .55
207 00202 00202 00000 00202 .36 .36 .36 .36 .55 .55 .55 .55
208 00202 00202 00000 00202 .36 .36 .36 .36 .55 .55 .55 .55
209 00202 00202 00000 00202 .36 .36 .36 .36 .55 .55 .55 .55
210 00202 00202 00000 00202 .36 .36 .36 .36 .55 .55 .55 .55
211 00202 00202 00000 00202 .36 .36 .36 .36 .55 .55 .55 .55
212 00202 00202 00000 00202 .36 .36 .36 .36 .55 .55 .55 .55
213 00202 00202 00000 00202 .36 .36 .36 .36 .55 .55 .55 .55
214 00202 00202 00000 00202 .36 .36 .36 .36 .55 .55 .55 .55
215 00202 00202 00000 00202 .36 .36 .36 .36 .55 .55 .55 .55
216 00202 00202 00000 00202 .36 .36 .36 .36 .55 .55 .55 .55
217 00202 00202 00200 00202 .72 .72 .72 .72 .79 .79 .79 .79
218 00202 00202 00200 00202 .72 .72 .72 .72 .79 .79 .79 .79
219 00202 00202 00200 00202 .72 .72 .72 .72 .79 .79 .79 .79
220 00202 00202 00200 00202 .72 .72 .72 .72 .79 .79 .79 .79
221 00202 00202 00200 00202 .72 .72 .72 .72 .79 .79 .79 .79
222 00202 00202 00200 00202 .72 .72 .72 .72 .79 .79 .79 .79
223 00202 00202 00200 00202 .72 .72 .72 .72 .79 .79 .79 .79
224 00202 00202 00200 00202 .72 .72 .72 .72 .79 .79 .79 .79
225 00202 00202 00200 00202 .72 .72 .72 .72 .79 .79 .79 .79
226 00202 00202 00200 00202 .72 .72 .72 .72 .79 .79 .79 .79
227 00202 00202 00200 00202 .72 .72 .72 .72 .79 .79 .79 .79
228 00202 00202 00200 00202 .72 .72 .72 .72 .79 .79 .79 .79
229 00202 00202 00200 00202 .72 .72 .72 .72 .79 .79 .79 .79
230 00202 00202 00200 00202 .72 .72 .72 .72 .79 .79 .79 .79
231 00202 00202 00200 00202 .72 .72 .72 .72 .79 .79 .79 .79
232 00202 00202 00200 00202 .72 .72 .72 .72 .79 .79 .79 .79
233 00202 00202 00200 00202 .72 .72 .72 .72 .79 .79 .79 .79
234 00202 00202 00200 00202 .72 .72 .72 .72 .79 .79 .79 .79
235 00202 00202 00200 00202 .72 .72 .72 .72 .79 .79 .79 .79
236 00202 00202 00200 00202 .72 .72 .72 .72 .79 .79 .79 .79
237 00202 00202 00200 00202 .72 .72 .72 .72 .79 .79 .79 .79
238 00202 00202 00200 00202 .72 .72 .72 .72 .79 .79 .79 .79
239 00202 00202 00200 00202 .72 .72 .72 .72 .79 .79 .79 .79
240 00202 00202 00200 00202 .72 .72 .72 .72 .79 .79 .79 .79
241 00202 00202 00200 00202 .72 .72 .72 .72 .79 .79 .79 .79
242 00202 00202 00200 00202 .72 .72 .72 .72 .79 .79 .79 .79
243 00202 00202 00200 00202 .72 .72 .72 .72 .79 .79 .79 .79
244 00202 00202 00200 00202 .72 .72 .72 .72 .79 .79 .79 .79
245 00202 00202 00200 00202 .72 .72 .72 .72 .79 .79 .79 .79
246 00202 00202 00200 00202 .72 .72 .72 .72 .79 .79 .79 .79
247 00202 00202 00200 00202 .72 .72 .72 .72 .79 .79 .79 .79
248 00202 00202 00200 00202 .72 .72 .72 .72 .79 .79 .79 .79
