0 00022 04022 00000 00022 .22 .09 1.0 .17 .41 .29 .16 .38
1 00022 04022 00000 00022 .22 .09 1.0 .17 .41 .29 .16 .38
2 00022 04022 00000 00022 .22 .09 1.0 .17 .41 .29 .16 .38
3 00022 04022 00000 00022 .22 .09 1.0 .17 .41 .29 .16 .38
4 00022 04022 00000 00022 .22 .09 1.0 .17 .41 .29 .16 .38
5 00022 04022 00000 00022 .22 .09 1.0 .17 .41 .29 .16 .38
6 00022 04022 00000 00022 .22 .09 1.0 .17 .41 .29 .16 .38
7 00022 04022 00000 00022 .22 .09 1.0 .17 .41 .29 .16 .38
8 00022 04022 00000 00022 .22 .09 1.0 .17 .41 .29 .16 .38
9 00022 04022 00000 00022 .22 .09 1.0 .17 .41 .29 .16 .38
10 00022 04022 00000 00022 .22 .09 1.0 .17 .41 .29 .16 .38
11 00022 04022 00000 00022 .22 .09 1.0 .17 .41 .29 .16 .38
12 00022 04022 00000 00022 .22 .09 1.0 .17 .41 .29 .16 .38
13 00022 04022 00000 00022 .22 .09 1.0 .17 .41 .29 .16 .38
14 00022 04022 00000 00022 .22 .09 1.0 .17 .41 .29 .16 .38
15 00022 04022 00000 00022 .22 .09 1.0 .17 .41 .29 .16 .38
16 00022 04022 00000 00022 .22 .09 1.0 .17 .41 .29 .16 .38
17 00022 04022 00000 00022 .22 .09 1.0 .17 .41 .29 .16 .38
18 00022 04022 00000 00022 .22 .09 1.0 .17 .41 .29 .16 .38
19 00022 04022 00000 00022 .22 .09 1.0 .17 .41 .29 .16 .38
20 00022 04022 00000 00022 .22 .09 1.0 .17 .41 .29 .16 .38
21 00022 04022 00000 00022 .22 .09 1.0 .17 .41 .29 .16 .38
22 00022 04022 00000 00022 .22 .09 1.0 .17 .41 .29 .16 .38
23 00022 04022 00000 00022 .22 .09 1.0 .17 .41 .29 .16 .38
24 00022 04022 00000 00022 .22 .09 1.0 .17 .41 .29 .16 .38
25 00022 04022 00000 00022 .22 .09 1.0 .17 .41 .29 .16 .38
26 00022 04022 00000 00022 .22 .09 1.0 .17 .41 .29 .16 .38
27 00022 04022 00000 00022 .22 .09 1.0 .17 .41 .29 .16 .38
28 00022 04022 00000 00022 .22 .09 1.0 .17 .41 .29 .16 .38
29 00022 04022 00000 00022 .22 .09 1.0 .17 .41 .29 .16 .38
30 00022 04022 00000 00022 .22 .09 1.0 .17 .41 .29 .16 .38
31 00022 04022 00000 00022 .22 .09 1.0 .17 .41 .29 .16 .38
32 00022 04022 00000 00022 .22 .09 1.0 .17 .41 .29 .16 .38
33 00022 04022 00000 00022 .22 .09 1.0 .17 .41 .29 .16 .38
34 00022 04022 00000 00022 .22 .09 1.0 .17 .41 .29 .16 .38
35 00022 04022 00000 00022 .22 .09 1.0 .17 .41 .29 .16 .38
36 00022 04022 00000 00022 .22 .09 1.0 .17 .41 .29 .16 .38
37 00022 04022 00000 00022 .22 .09 1.0 .17 .41 .29 .16 .38
38 00022 04022 00000 00022 .22 .09 1.0 .17 .41 .29 .16 .38
39 00022 04022 00000 00022 .22 .09 1.0 .17 .41 .29 .16 .38
40 00022 04022 00000 00022 .22 .09 1.0 .17 .41 .29 .16 .38
41 00022 04022 00000 00022 .22 .09 1.0 .17 .41 .29 .16 .38
42 00022 04022 00000 00022 .22 .09 1.0 .17 .41 .29 .16 .38
43 00022 04022 00000 00022 .22 .09 1.0 .17 .41 .29 .16 .38
44 00022 04022 00000 00022 .22 .09 1.0 .17 .41 .29 .16 .38
45 00022 04022 00000 00022 .22 .09 1.0 .17 .41 .29 .16 .38
46 00022 04022 00000 00022 .22 .09 1.0 .17 .41 .29 .16 .38
47 00022 04022 00000 00022 .22 .09 1.0 .17 .41 .29 .16 .38
48 00022 04022 00000 00022 .22 .09 1.0 .17 .41 .29 .16 .38
49 00022 04022 00000 00022 .22 .09 1.0 .17 .41 .29 .16 .38
50 00022 04022 00000 00022 .22 .09 1.0 .17 .41 .29 .16 .38
51 00022 04022 00000 00022 .22 .09 1.0 .17 .41 .29 .16 .38
52 00022 04022 00000 00022 .22 .09 1.0 .17 .41 .29 .16 .38
53 00022 04022 00000 00022 .22 .09 1.0 .17 .41 .29 .16 .38
54 00022 04022 00000 00022 .22 .09 1.0 .17 .41 .29 .16 .38
55 00022 04022 00000 00022 .22 .09 1.0 .17 .41 .29 .16 .38
56 00022 04022 00000 00022 .22 .09 1.0 .17 .41 .29 .16 .38
57 00022 04022 00000 00022 .22 .09 1.0 .17 .41 .29 .16 .38
58 00022 04022 00000 00022 .22 .09 1.0 .17 .41 .29 .16 .38
59 00022 04022 00000 00022 .22 .09 1.0 .17 .41 .29 .16 .38
60 00022 04022 00000 00022 .22 .09 1.0 .17 .41 .29 .16 .38
61 00022 04022 00000 00022 .22 .09 1.0 .17 .41 .29 .16 .38
62 00022 04022 00000 00022 .22 .09 1.0 .17 .41 .29 .16 .38
63 00022 04022 00000 00022 .22 .09 1.0 .17 .41 .29 .16 .38
64 00022 04022 00000 00022 .22 .09 1.0 .17 .41 .29 .16 .38
65 00022 04022 00000 00022 .22 .09 1.0 .17 .41 .29 .16 .38
66 00022 04022 00000 00022 .22 .09 1.0 .17 .41 .29 .16 .38
67 00022 04022 00000 00022 .22 .09 1.0 .17 .41 .29 .16 .38
68 00022 04022 00000 00022 .22 .09 1.0 .17 .41 .29 .16 .38
69 00022 04022 00000 00022 .22 .09 1.0 .17 .41 .29 .16 .38
70 00022 04022 00000 00022 .22 .09 1.0 .17 .41 .29 .16 .38
71 00022 04022 00000 00022 .22 .09 1.0 .17 .41 .29 .16 .38
72 00022 04022 00000 00022 .22 .09 1.0 .17 .41 .29 .16 .38
73 00022 04022 00020 00022 .53 .34 .19 .49 .63 .48 .32 .61
74 00022 04022 00020 00022 .53 .34 .19 .49 .63 .48 .32 .61
75 00022 04022 00020 00022 .53 .34 .19 .49 .63 .48 .32 .61
76 00022 04022 00020 00022 .53 .34 .19 .49 .63 .48 .32 .61
77 00022 04022 00020 00022 .53 .34 .19 .49 .63 .48 .32 .61
78 00022 04022 00020 00022 .53 .34 .19 .49 .63 .48 .32 .61
79 00022 04022 00020 00022 .53 .34 .19 .49 .63 .48 .32 .61
80 00002 04002 00020 00002 .11 .01 -0.05 .05 .28 .19 .08 .24
81 00002 04002 00020 00002 .11 .01 -0.05 .05 .28 .19 .08 .24
82 00002 04002 00020 00002 .11 .01 -0.05 .05 .28 .19 .08 .24
83 00002 04002 00020 00002 .11 .01 -0.05 .05 .28 .19 .08 .24
84 00002 04002 00020 00002 .11 .01 -0.05 .05 .28 .19 .08 .24
85 00002 04002 00020 00002 .11 .01 -0.05 .05 .28 .19 .08 .24
86 00002 04002 00020 00002 .11 .01 -0.05 .05 .28 .19 .08 .24
87 00002 04002 00020 00002 .11 .01 -0.05 .05 .28 .19 .08 .24
88 00002 04002 00000 00002 .26 .17 .05 .23 .43 .35 .17 .41
89 00002 04002 00000 00002 .26 .17 .05 .23 .43 .35 .17 .41
90 00002 00002 00000 00002 .46 .46 .46 .46 .63 .63 .63 .63
91 00002 00002 00000 00002 .46 .46 .46 .46 .63 .63 .63 .63
92 00002 00002 00000 00002 .46 .46 .46 .46 .63 .63 .63 .63
93 00002 00002 00000 00002 .46 .46 .46 .46 .63 .63 .63 .63
94 00002 00002 00000 00002 .46 .46 .46 .46 .63 .63 .63 .63
95 00002 00002 00000 00002 .46 .46 .46 .46 .63 .63 .63 .63
96 00002 00002 00000 00002 .46 .46 .46 .46 .63 .63 .63 .63
97 00002 00002 00000 00002 .46 .46 .46 .46 .63 .63 .63 .63
98 00002 00002 00000 00002 .46 .46 .46 .46 .63 .63 .63 .63
99 00002 00002 00000 00002 .46 .46 .46 .46 .63 .63 .63 .63
100 00002 00002 00000 00002 .46 .46 .46 .46 .63 .63 .63 .63
101 00002 00002 00000 00002 .46 .46 .46 .46 .63 .63 .63 .63
102 00002 00002 00000 00002 .46 .46 .46 .46 .63 .63 .63 .63
103 00002 00002 00000 00002 .46 .46 .46 .46 .63 .63 .63 .63
104 00002 00002 00000 00002 .46 .46 .46 .46 .63 .63 .63 .63
105 00002 00002 00000 00002 .46 .46 .46 .46 .63 .63 .63 .63
106 00002 00002 00000 00002 .46 .46 .46 .46 .63 .63 .63 .63
107 00002 00002 00000 00002 .46 .46 .46 .46 .63 .63 .63 .63
108 00002 00002 00000 00002 .46 .46 .46 .46 .63 .63 .63 .63
109 00002 00002 00000 00002 .46 .46 .46 .46 .63 .63 .63 .63
110 00002 00002 00000 00002 .46 .46 .46 .46 .63 .63 .63 .63
111 00002 00002 00000 00002 .46 .46 .46 .46 .63 .63 .63 .63
112 00002 00002 00000 00002 .46 .46 .46 .46 .63 .63 .63 .63
113 00002 00002 00000 00002 .46 .46 .46 .46 .63 .63 .63 .63
114 00002 00002 00000 00002 .46 .46 .46 .46 .63 .63 .63 .63
115 00002 00002 00000 00002 .46 .46 .46 .46 .63 .63 .63 .63
116 00002 00002 00000 00002 .46 .46 .46 .46 .63 .63 .63 .63
117 00002 00002 00000 00002 .46 .46 .46 .46 .63 .63 .63 .63
118 00002 00002 00020 00002 .22 .22 .22 .22 .41 .41 .41 .41
119 00002 00002 00020 00002 .22 .22 .22 .22 .41 .41 .41 .41
120 00002 00002 00020 00002 .22 .22 .22 .22 .41 .41 .41 .41
121 00002 00002 00020 00002 .22 .22 .22 .22 .41 .41 .41 .41
122 00002 00002 00020 00002 .22 .22 .22 .22 .41 .41 .41 .41
123 00002 00002 00020 00002 .22 .22 .22 .22 .41 .41 .41 .41
124 00002 00002 00020 00002 .22 .22 .22 .22 .41 .41 .41 .41
125 00002 00002 00020 00002 .22 .22 .22 .22 .41 .41 .41 .41
126 00002 00002 00020 00002 .22 .22 .22 .22 .41 .41 .41 .41
127 00002 00002 00020 00002 .22 .22 .22 .22 .41 .41 .41 .41
128 00002 00002 00020 00002 .22 .22 .22 .22 .41 .41 .41 .41
129 00002 00002 00020 00002 .22 .22 .22 .22 .41 .41 .41 .41
130 00002 00002 00020 00002 .22 .22 .22 .22 .41 .41 .41 .41
131 00002 00002 00020 00002 .22 .22 .22 .22 .41 .41 .41 .41
132 00002 00002 00020 00002 .22 .22 .22 .22 .41 .41 .41 .41
133 00002 00002 00020 00002 .22 .22 .22 .22 .41 .41 .41 .41
134 00002 00002 00020 00002 .22 .22 .22 .22 .41 .41 .41 .41
135 00002 00002 00020 00002 .22 .22 .22 .22 .41 .41 .41 .41
136 00002 00002 00020 00002 .22 .22 .22 .22 .41 .41 .41 .41
137 00002 00002 00020 00002 .22 .22 .22 .22 .41 .41 .41 .41
138 00002 00002 00020 00002 .22 .22 .22 .22 .41 .41 .41 .41
139 00002 00002 00020 00002 .22 .22 .22 .22 .41 .41 .41 .41
140 00002 00002 00020 00002 .22 .22 .22 .22 .41 .41 .41 .41
141 00002 00002 00020 00002 .22 .22 .22 .22 .41 .41 .41 .41
142 00002 00002 00020 00002 .22 .22 .22 .22 .41 .41 .41 .41
143 00002 00002 00020 00002 .22 .22 .22 .22 .41 .41 .41 .41
144 00002 00002 00020 00002 .22 .22 .22 .22 .41 .41 .41 .41
145 00002 00002 00020 00002 .22 .22 .22 .22 .41 .41 .41 .41
146 00002 00002 00020 00002 .22 .22 .22 .22 .41 .41 .41 .41
147 00002 00002 00020 00002 .22 .22 .22 .22 .41 .41 .41 .41
148 00002 00002 00020 00002 .22 .22 .22 .22 .41 .41 .41 .41
149 00002 00002 00020 00002 .22 .22 .22 .22 .41 .41 .41 .41
150 00002 00002 00020 00002 .22 .22 .22 .22 .41 .41 .41 .41
151 00002 00002 00020 00002 .22 .22 .22 .22 .41 .41 .41 .41
152 00002 00002 00020 00002 .22 .22 .22 .22 .41 .41 .41 .41
153 00002 00002 00020 00002 .22 .22 .22 .22 .41 .41 .41 .41
154 00002 00002 00020 00002 .22 .22 .22 .22 .41 .41 .41 .41
155 00002 00002 00020 00002 .22 .22 .22 .22 .41 .41 .41 .41
156 00002 00002 00020 00002 .22 .22 .22 .22 .41 .41 .41 .41
157 00002 00002 00020 00002 .22 .22 .22 .22 .41 .41 .41 .41
158 00002 00002 00020 00002 .22 .22 .22 .22 .41 .41 .41 .41
159 00002 00002 00020 00002 .22 .22 .22 .22 .41 .41 .41 .41
160 00202 00202 00020 00202 .16 .16 .16 .16 .37 .37 .37 .37
161 00202 00202 00020 00202 .16 .16 .16 .16 .37 .37 .37 .37
162 00202 00202 00020 00202 .16 .16 .16 .16 .37 .37 .37 .37
163 00202 00202 00020 00202 .16 .16 .16 .16 .37 .37 .37 .37
164 00202 00202 00020 00202 .16 .16 .16 .16 .37 .37 .37 .37
165 00202 00202 00020 00202 .16 .16 .16 .16 .37 .37 .37 .37
166 00202 00202 00020 00202 .16 .16 .16 .16 .37 .37 .37 .37
167 00202 00202 00020 00202 .16 .16 .16 .16 .37 .37 .37 .37
168 00202 00202 00020 00202 .16 .16 .16 .16 .37 .37 .37 .37
169 00202 00202 00020 00202 .16 .16 .16 .16 .37 .37 .37 .37
170 00200 00200 00020 00200 .22 .22 .22 .22 .41 .41 .41 .41
171 00200 00200 00020 00200 .22 .22 .22 .22 .41 .41 .41 .41
172 00200 00200 00020 00200 .22 .22 .22 .22 .41 .41 .41 .41
173 00200 00200 00020 00200 .22 .22 .22 .22 .41 .41 .41 .41
174 00200 00200 00020 00200 .22 .22 .22 .22 .41 .41 .41 .41
175 00200 00200 00020 00200 .22 .22 .22 .22 .41 .41 .41 .41
176 00200 00200 00020 00200 .22 .22 .22 .22 .41 .41 .41 .41
177 00200 00200 00020 00200 .22 .22 .22 .22 .41 .41 .41 .41
178 00200 00200 00020 00200 .22 .22 .22 .22 .41 .41 .41 .41
179 00200 00200 00020 00200 .22 .22 .22 .22 .41 .41 .41 .41
180 00200 00200 00020 00200 .22 .22 .22 .22 .41 .41 .41 .41
181 00200 00200 00020 00200 .22 .22 .22 .22 .41 .41 .41 .41
182 00200 00200 00020 00200 .22 .22 .22 .22 .41 .41 .41 .41
183 00200 00200 00020 00200 .22 .22 .22 .22 .41 .41 .41 .41
184 00200 00200 00020 00200 .22 .22 .22 .22 .41 .41 .41 .41
185 00200 00200 00020 00200 .22 .22 .22 .22 .41 .41 .41 .41
186 00200 00200 00020 00200 .22 .22 .22 .22 .41 .41 .41 .41
187 00200 00200 00020 00200 .22 .22 .22 .22 .41 .41 .41 .41
188 00200 00200 00020 00200 .22 .22 .22 .22 .41 .41 .41 .41
189 00200 00200 00020 00200 .22 .22 .22 .22 .41 .41 .41 .41
190 00200 00200 00020 00200 .22 .22 .22 .22 .41 .41 .41 .41
191 00200 00200 00020 00200 .22 .22 .22 .22 .41 .41 .41 .41
192 00200 00200 00020 00200 .22 .22 .22 .22 .41 .41 .41 .41
193 00200 00200 00020 00200 .22 .22 .22 .22 .41 .41 .41 .41
194 00200 00200 00020 00200 .22 .22 .22 .22 .41 .41 .41 .41
195 00200 00200 00020 00200 .22 .22 .22 .22 .41 .41 .41 .41
196 00200 00200 00020 00200 .22 .22 .22 .22 .41 .41 .41 .41
197 00200 00200 00200 00200 1.00 1.00 1.00 1.00 1.00 1.00 1.00 1.00
198 00200 00200 00200 00200 1.00 1.00 1.00 1.00 1.00 1.00 1.00 1.00
199 00200 00200 00200 00200 1.00 1.00 1.00 1.00 1.00 1.00 1.00 1.00
200 00200 00200 00200 00200 1.00 1.00 1.00 1.00 1.00 1.00 1.00 1.00
201 00200 00200 00200 00200 1.00 1.00 1.00 1.00 1.00 1.00 1.00 1.00
202 00200 00200 00200 00200 1.00 1.00 1.00 1.00 1.00 1.00 1.00 1.00
203 00200 00200 00200 00200 1.00 1.00 1.00 1.00 1.00 1.00 1.00 1.00
204 00200 00200 00200 00200 1.00 1.00 1.00 1.00 1.00 1.00 1.00 1.00
205 00200 00200 00200 00200 1.00 1.00 1.00 1.00 1.00 1.00 1.00 1.00
206 00200 00200 00200 00200 1.00 1.00 1.00 1.00 1.00 1.00 1.00 1.00
207 00200 00200 00200 00200 1.00 1.00 1.00 1.00 1.00 1.00 1.00 1.00
208 00200 00200 00200 00200 1.00 1.00 1.00 1.00 1.00 1.00 1.00 1.00
209 00200 00200 00200 00200 1.00 1.00 1.00 1.00 1.00 1.00 1.00 1.00
210 00200 00200 00200 00200 1.00 1.00 1.00 1.00 1.00 1.00 1.00 1.00
211 00200 00200 00200 00200 1.00 1.00 1.00 1.00 1.00 1.00 1.00 1.00
212 00200 00200 00020 00200 .22 .22 .22 .22 .41 .41 .41 .41
213 00200 00200 00020 00200 .22 .22 .22 .22 .41 .41 .41 .41
214 00200 00200 00020 00200 .22 .22 .22 .22 .41 .41 .41 .41
215 00200 00200 00020 00200 .22 .22 .22 .22 .41 .41 .41 .41
216 00200 00200 00020 00200 .22 .22 .22 .22 .41 .41 .41 .41
217 00200 00200 00020 00200 .22 .22 .22 .22 .41 .41 .41 .41
218 00200 00200 00020 00200 .22 .22 .22 .22 .41 .41 .41 .41
219 00200 00200 00020 00200 .22 .22 .22 .22 .41 .41 .41 .41
220 00200 00200 00020 00200 .22 .22 .22 .22 .41 .41 .41 .41
221 00200 00200 00020 00200 .22 .22 .22 .22 .41 .41 .41 .41
222 00200 00200 00020 00200 .22 .22 .22 .22 .41 .41 .41 .41
223 00200 00200 00020 00200 .22 .22 .22 .22 .41 .41 .41 .41
224 00200 00200 00020 00200 .22 .22 .22 .22 .41 .41 .41 .41
225 00200 00200 00020 00200 .22 .22 .22 .22 .41 .41 .41 .41
226 00200 00200 00020 00200 .22 .22 .22 .22 .41 .41 .41 .41
227 00200 00200 00000 00200 .46 .46 .46 .46 .63 .63 .63 .63
228 00200 00200 00000 00200 .46 .46 .46 .46 .63 .63 .63 .63
229 00200 00200 00000 00200 .46 .46 .46 .46 .63 .63 .63 .63
230 00200 00200 00000 00200 .46 .46 .46 .46 .63 .63 .63 .63
231 00200 00200 00000 00200 .46 .46 .46 .46 .63 .63 .63 .63
232 00200 00200 00000 00200 .46 .46 .46 .46 .63 .63 .63 .63
233 00200 00200 00000 00200 .46 .46 .46 .46 .63 .63 .63 .63
234 00200 00200 00000 00200 .46 .46 .46 .46 .63 .63 .63 .63
235 00200 00200 00000 00200 .46 .46 .46 .46 .63 .63 .63 .63
236 00200 00200 00000 00200 .46 .46 .46 .46 .63 .63 .63 .63
237 00200 00200 00000 00200 .46 .46 .46 .46 .63 .63 .63 .63
238 00200 00200 00000 00200 .46 .46 .46 .46 .63 .63 .63 .63
239 00200 00200 00200 00200 1.00 1.00 1.00 1.00 1.00 1.00 1.00 1.00
240 00200 00200 00200 00200 1.00 1.00 1.00 1.00 1.00 1.00 1.00 1.00
241 00200 00200 00200 00200 1.00 1.00 1.00 1.00 1.00 1.00 1.00 1.00
242 00200 00200 00000 00200 .46 .46 .46 .46 .63 .63 .63 .63
243 00200 00200 00000 00200 .46 .46 .46 .46 .63 .63 .63 .63
244 00200 00200 00000 00200 .46 .46 .46 .46 .63 .63 .63 .63
245 00200 00200 00000 00200 .46 .46 .46 .46 .63 .63 .63 .63
246 00200 00200 00000 00200 .46 .46 .46 .46 .63 .63 .63 .63
247 00200 00200 00000 00200 .46 .46 .46 .46 .63 .63 .63 .63
248 00200 00200 00000 00200 .46 .46 .46 .46 .63 .63 .63 .63
249 00200 00200 00000 00200 .46 .46 .46 .46 .63 .63 .63 .63
250 00200 00200 00000 00200 .46 .46 .46 .46 .63 .63 .63 .63
251 00200 00200 00000 00200 .46 .46 .46 .46 .63 .63 .63 .63
252 00200 00200 00000 00200 .46 .46 .46 .46 .63 .63 .63 .63
253 00200 00200 00000 00200 .46 .46 .46 .46 .63 .63 .63 .63
254 00200 00200 00000 00200 .46 .46 .46 .46 .63 .63 .63 .63
255 00200 00200 00000 00200 .46 .46 .46 .46 .63 .63 .63 .63
256 00200 00200 00000 00200 .46 .46 .46 .46 .63 .63 .63 .63
257 00200 00200 02200 00200 .68 .68 .68 .68 .75 .75 .75 .75
258 00200 00200 02200 00200 .68 .68 .68 .68 .75 .75 .75 .75
259 00200 00200 02200 00200 .68 .68 .68 .68 .75 .75 .75 .75
260 00200 00200 02200 00200 .68 .68 .68 .68 .75 .75 .75 .75
261 00200 00200 02200 00200 .68 .68 .68 .68 .75 .75 .75 .75
262 00200 00200 02200 00200 .68 .68 .68 .68 .75 .75 .75 .75
263 00200 00200 02200 00200 .68 .68 .68 .68 .75 .75 .75 .75
264 00200 00200 02200 00200 .68 .68 .68 .68 .75 .75 .75 .75
265 00200 00200 02200 00200 .68 .68 .68 .68 .75 .75 .75 .75
266 00200 00200 02200 00200 .68 .68 .68 .68 .75 .75 .75 .75
267 00200 00200 02200 00200 .68 .68 .68 .68 .75 .75 .75 .75
268 00200 00200 02200 00200 .68 .68 .68 .68 .75 .75 .75 .75
269 00200 00200 02200 00200 .68 .68 .68 .68 .75 .75 .75 .75
270 00200 00200 02200 00200 .68 .68 .68 .68 .75 .75 .75 .75
271 00200 00200 02200 00200 .68 .68 .68 .68 .75 .75 .75 .75
272 00200 00200 00200 00200 1.00 1.00 1.00 1.00 1.00 1.00 1.00 1.00
273 00200 00200 00200 00200 1.00 1.00 1.00 1.00 1.00 1.00 1.00 1.00
274 00200 00200 00200 00200 1.00 1.00 1.00 1.00 1.00 1.00 1.00 1.00
275 00200 00200 00200 00200 1.00 1.00 1.00 1.00 1.00 1.00 1.00 1.00
276 00200 00200 00200 00200 1.00 1.00 1.00 1.00 1.00 1.00 1.00 1.00
277 00200 00200 00200 00200 1.00 1.00 1.00 1.00 1.00 1.00 1.00 1.00
278 00200 00200 00200 00200 1.00 1.00 1.00 1.00 1.00 1.00 1.00 1.00
279 00200 00200 00200 00200 1.00 1.00 1.00 1.00 1.00 1.00 1.00 1.00
280 00200 00200 00200 00200 1.00 1.00 1.00 1.00 1.00 1.00 1.00 1.00
281 00200 00200 00200 00200 1.00 1.00 1.00 1.00 1.00 1.00 1.00 1.00
282 00200 00200 00200 00200 1.00 1.00 1.00 1.00 1.00 1.00 1.00 1.00
283 00200 00200 00200 00200 1.00 1.00 1.00 1.00 1.00 1.00 1.00 1.00
284 00200 00200 00200 00200 1.00 1.00 1.00 1.00 1.00 1.00 1.00 1.00
285 00200 00200 00200 00200 1.00 1.00 1.00 1.00 1.00 1.00 1.00 1.00
286 00200 00200 00200 00200 1.00 1.00 1.00 1.00 1.00 1.00 1.00 1.00
287 00200 00200 02200 00200 .68 .68 .68 .68 .75 .75 .75 .75
288 00200 00200 02200 00200 .68 .68 .68 .68 .75 .75 .75 .75
289 00200 00200 02200 00200 .68 .68 .68 .68 .75 .75 .75 .75
290 00200 00200 02200 00200 .68 .68 .68 .68 .75 .75 .75 .75
291 00200 00200 02200 00200 .68 .68 .68 .68 .75 .75 .75 .75
292 00200 00200 02200 00200 .68 .68 .68 .68 .75 .75 .75 .75
293 00200 00200 02200 00200 .68 .68 .68 .68 .75 .75 .75 .75
294 00200 00200 02200 00200 .68 .68 .68 .68 .75 .75 .75 .75
295 00200 00200 02200 00200 .68 .68 .68 .68 .75 .75 .75 .75
296 00200 00200 02200 00200 .68 .68 .68 .68 .75 .75 .75 .75
297 00200 00200 02200 00200 .68 .68 .68 .68 .75 .75 .75 .75
298 00200 00200 02200 00200 .68 .68 .68 .68 .75 .75 .75 .75
299 00200 00200 02200 00200 .68 .68 .68 .68 .75 .75 .75 .75
300 02200 00200 02200 02200 .72 .72 .72 .72 .79 .79 .79 .79
301 02200 00200 02200 02200 .72 .72 .72 .72 .79 .79 .79 .79
302 02200 00200 02200 02200 .72 .72 .72 .72 .79 .79 .79 .79
303 02200 00200 02200 02200 .72 .72 .72 .72 .79 .79 .79 .79
304 02200 00200 02200 02200 .72 .72 .72 .72 .79 .79 .79 .79
305 02200 00200 02200 02200 .72 .72 .72 .72 .79 .79 .79 .79
306 02200 00200 02200 02200 .72 .72 .72 .72 .79 .79 .79 .79
307 02200 00200 02200 02200 .72 .72 .72 .72 .79 .79 .79 .79
308 02200 00200 02200 02200 .72 .72 .72 .72 .79 .79 .79 .79
309 02200 00200 02200 02200 .72 .72 .72 .72 .79 .79 .79 .79
310 20200 20200 02200 20200 .48 .48 .48 .48 .60 .60 .60 .60
311 20200 20200 02200 20200 .48 .48 .48 .48 .60 .60 .60 .60
312 20200 20200 02200 20200 .48 .48 .48 .48 .60 .60 .60 .60
313 20200 20200 02200 20200 .48 .48 .48 .48 .60 .60 .60 .60
314 20200 20200 02200 20200 .48 .48 .48 .48 .60 .60 .60 .60
315 20200 20200 02200 20200 .48 .48 .48 .48 .60 .60 .60 .60
316 20200 20200 02200 20200 .48 .48 .48 .48 .60 .60 .60 .60
317 20200 20200 02020 20200 -0.04 -0.04 -0.04 -0.04 .21 .21 .21 .21
318 20200 20200 02020 20200 -0.04 -0.04 -0.04 -0.04 .21 .21 .21 .21
319 20200 20200 02020 20200 -0.04 -0.04 -0.04 -0.04 .21 .21 .21 .21
320 20020 20000 02020 20020 .16 .16 .16 .16 .37 .37 .37 .37
321 20020 20000 02020 20020 .16 .16 .16 .16 .37 .37 .37 .37
322 20020 20000 02020 20020 .16 .16 .16 .16 .37 .37 .37 .37
323 20020 20000 02020 20020 .16 .16 .16 .16 .37 .37 .37 .37
324 20020 20000 02020 20020 .16 .16 .16 .16 .37 .37 .37 .37
325 20020 20000 02020 20020 .16 .16 .16 .16 .37 .37 .37 .37
326 20020 20000 02020 20020 .16 .16 .16 .16 .37 .37 .37 .37
327 20020 20000 02020 20020 .16 .16 .16 .16 .37 .37 .37 .37
328 20020 20000 02020 20020 .16 .16 .16 .16 .37 .37 .37 .37
329 20020 20000 02020 20020 .16 .16 .16 .16 .37 .37 .37 .37
330 20020 20000 02020 20020 .16 .16 .16 .16 .37 .37 .37 .37
331 20020 20000 02020 20020 .16 .16 .16 .16 .37 .37 .37 .37
332 20020 20000 02020 20020 .16 .16 .16 .16 .37 .37 .37 .37
333 20020 20000 02020 20020 .16 .16 .16 .16 .37 .37 .37 .37
334 20020 20000 02020 20020 .16 .16 .16 .16 .37 .37 .37 .37
335 20020 20000 02020 20020 .16 .16 .16 .16 .37 .37 .37 .37
336 20020 20000 02020 20020 .16 .16 .16 .16 .37 .37 .37 .37
337 20020 20000 02020 20020 .16 .16 .16 .16 .37 .37 .37 .37
338 20020 20000 02020 20020 .16 .16 .16 .16 .37 .37 .37 .37
339 20020 20000 02020 20020 .16 .16 .16 .16 .37 .37 .37 .37
340 20000 20000 02020 20000 .05 .05 .05 .05 .24 .24 .24 .24
341 20000 20000 02020 20000 .05 .05 .05 .05 .24 .24 .24 .24
342 20000 20000 02020 20000 .05 .05 .05 .05 .24 .24 .24 .24
343 20000 20000 02020 20000 .05 .05 .05 .05 .24 .24 .24 .24
344 20000 20000 02020 20000 .05 .05 .05 .05 .24 .24 .24 .24
345 20000 20000 02020 20000 .05 .05 .05 .05 .24 .24 .24 .24
346 20000 20000 02020 20000 .05 .05 .05 .05 .24 .24 .24 .24
347 20000 20000 02020 20000 .05 .05 .05 .05 .24 .24 .24 .24
348 20000 20000 02020 20000 .05 .05 .05 .05 .24 .24 .24 .24
349 20000 20000 02020 20000 .05 .05 .05 .05 .24 .24 .24 .24
350 20000 20000 02020 20000 .05 .05 .05 .05 .24 .24 .24 .24
351 20000 20000 02020 20000 .05 .05 .05 .05 .24 .24 .24 .24
352 20000 20000 02020 20000 .05 .05 .05 .05 .24 .24 .24 .24
353 20000 20000 02020 20000 .05 .05 .05 .05 .24 .24 .24 .24
354 20000 20000 02020 20000 .05 .05 .05 .05 .24 .24 .24 .24
355 20000 20000 02020 20000 .05 .05 .05 .05 .24 .24 .24 .24
356 20000 20000 02020 20000 .05 .05 .05 .05 .24 .24 .24 .24
357 20000 20000 02020 20000 .05 .05 .05 .05 .24 .24 .24 .24
358 20000 20000 02020 20000 .05 .05 .05 .05 .24 .24 .24 .24
359 20000 20000 02020 20000 .05 .05 .05 .05 .24 .24 .24 .24
360 20000 20000 02020 20000 .05 .05 .05 .05 .24 .24 .24 .24
361 20000 20000 02020 20000 .05 .05 .05 .05 .24 .24 .24 .24
362 20000 20000 02000 20000 .22 .22 .22 .22 .41 .41 .41 .41
363 20000 20000 02000 20000 .22 .22 .22 .22 .41 .41 .41 .41
364 20000 20000 02000 20000 .22 .22 .22 .22 .41 .41 .41 .41
365 20000 20000 02000 20000 .22 .22 .22 .22 .41 .41 .41 .41
366 20000 20000 02000 20000 .22 .22 .22 .22 .41 .41 .41 .41
367 20000 20000 02000 20000 .22 .22 .22 .22 .41 .41 .41 .41
368 20000 20000 02000 20000 .22 .22 .22 .22 .41 .41 .41 .41
369 20000 20000 02000 20000 .22 .22 .22 .22 .41 .41 .41 .41
370 20000 20000 02000 20000 .22 .22 .22 .22 .41 .41 .41 .41
371 20000 20000 02000 20000 .22 .22 .22 .22 .41 .41 .41 .41
372 20000 20000 02000 20000 .22 .22 .22 .22 .41 .41 .41 .41
373 20000 20000 02000 20000 .22 .22 .22 .22 .41 .41 .41 .41
374 20000 20000 02000 20000 .22 .22 .22 .22 .41 .41 .41 .41
375 20000 20000 02000 20000 .22 .22 .22 .22 .41 .41 .41 .41
376 20000 20000 02000 20000 .22 .22 .22 .22 .41 .41 .41 .41
377 20000 20000 20000 20000 1.00 1.00 1.00 1.00 1.00 1.00 1.00 1.00
