0 00022 04042 00000 00022 .12 .10 .03 .16 .31 .29 .19 .37
1 00022 04042 00000 00022 .12 .10 .03 .16 .31 .29 .19 .37
2 00022 04042 00000 00022 .12 .10 .03 .16 .31 .29 .19 .37
3 00022 04042 00000 00022 .12 .10 .03 .16 .31 .29 .19 .37
4 00022 04042 00000 00022 .12 .10 .03 .16 .31 .29 .19 .37
5 00022 04042 00000 00022 .12 .10 .03 .16 .31 .29 .19 .37
6 00022 04042 00000 00022 .12 .10 .03 .16 .31 .29 .19 .37
7 00022 04042 00000 00022 .12 .10 .03 .16 .31 .29 .19 .37
8 00022 04042 00000 00022 .12 .10 .03 .16 .31 .29 .19 .37
9 00022 04042 00000 00022 .12 .10 .03 .16 .31 .29 .19 .37
10 00022 04042 00000 00022 .12 .10 .03 .16 .31 .29 .19 .37
11 00022 04042 00000 00022 .12 .10 .03 .16 .31 .29 .19 .37
12 00022 04042 00000 00022 .12 .10 .03 .16 .31 .29 .19 .37
13 00022 04042 00000 00022 .12 .10 .03 .16 .31 .29 .19 .37
14 00022 04042 00000 00022 .12 .10 .03 .16 .31 .29 .19 .37
15 00022 04042 00000 00022 .12 .10 .03 .16 .31 .29 .19 .37
16 00022 04042 00000 00022 .12 .10 .03 .16 .31 .29 .19 .37
17 00022 04042 00000 00022 .12 .10 .03 .16 .31 .29 .19 .37
18 00022 04042 00000 00022 .12 .10 .03 .16 .31 .29 .19 .37
19 00022 04042 00000 00022 .12 .10 .03 .16 .31 .29 .19 .37
20 00022 04042 00000 00022 .12 .10 .03 .16 .31 .29 .19 .37
21 00022 04042 00000 00022 .12 .10 .03 .16 .31 .29 .19 .37
22 00022 04042 00000 00022 .12 .10 .03 .16 .31 .29 .19 .37
23 00022 04042 00000 00022 .12 .10 .03 .16 .31 .29 .19 .37
24 00022 04042 00000 00022 .12 .10 .03 .16 .31 .29 .19 .37
25 00022 04042 00000 00022 .12 .10 .03 .16 .31 .29 .19 .37
26 00022 04042 00000 00022 .12 .10 .03 .16 .31 .29 .19 .37
27 00022 04042 00000 00022 .12 .10 .03 .16 .31 .29 .19 .37
28 00022 04042 00000 00022 .12 .10 .03 .16 .31 .29 .19 .37
29 00022 04042 00000 00022 .12 .10 .03 .16 .31 .29 .19 .37
30 00022 04042 00000 00022 .12 .10 .03 .16 .31 .29 .19 .37
31 00022 04042 00000 00022 .12 .10 .03 .16 .31 .29 .19 .37
32 00022 04042 00000 00022 .12 .10 .03 .16 .31 .29 .19 .37
33 00022 04042 00000 00022 .12 .10 .03 .16 .31 .29 .19 .37
34 00022 04042 00000 00022 .12 .10 .03 .16 .31 .29 .19 .37
35 00022 04042 00000 00022 .12 .10 .03 .16 .31 .29 .19 .37
36 00022 04042 00000 00022 .12 .10 .03 .16 .31 .29 .19 .37
37 00022 04042 00000 00022 .12 .10 .03 .16 .31 .29 .19 .37
38 00022 04042 00000 00022 .12 .10 .03 .16 .31 .29 .19 .37
39 00022 04042 00000 00022 .12 .10 .03 .16 .31 .29 .19 .37
40 00022 04042 00000 00022 .12 .10 .03 .16 .31 .29 .19 .37
41 00022 04042 00000 00022 .12 .10 .03 .16 .31 .29 .19 .37
42 00022 04042 00000 00022 .12 .10 .03 .16 .31 .29 .19 .37
43 00022 04042 00000 00022 .12 .10 .03 .16 .31 .29 .19 .37
44 00022 04042 00000 00022 .12 .10 .03 .16 .31 .29 .19 .37
45 00022 04042 00000 00022 .12 .10 .03 .16 .31 .29 .19 .37
46 00022 04042 00000 00022 .12 .10 .03 .16 .31 .29 .19 .37
47 00022 04042 00000 00022 .12 .10 .03 .16 .31 .29 .19 .37
48 00022 04042 00000 00022 .12 .10 .03 .16 .31 .29 .19 .37
49 00022 04042 00000 00022 .12 .10 .03 .16 .31 .29 .19 .37
50 00022 04042 00000 00022 .12 .10 .03 .16 .31 .29 .19 .37
51 00022 04042 00000 00022 .12 .10 .03 .16 .31 .29 .19 .37
52 00022 04042 00000 00022 .12 .10 .03 .16 .31 .29 .19 .37
53 00022 04042 00000 00022 .12 .10 .03 .16 .31 .29 .19 .37
54 00022 04042 00000 00022 .12 .10 .03 .16 .31 .29 .19 .37
55 00022 04042 00000 00022 .12 .10 .03 .16 .31 .29 .19 .37
56 00022 04042 00000 00022 .12 .10 .03 .16 .31 .29 .19 .37
57 00022 04042 00000 00022 .12 .10 .03 .16 .31 .29 .19 .37
58 00022 04042 00000 00022 .12 .10 .03 .16 .31 .29 .19 .37
59 00022 04042 00000 00022 .12 .10 .03 .16 .31 .29 .19 .37
60 00002 00002 00000 00002 .46 .46 .46 .46 .63 .63 .63 .63
61 00002 00002 00000 00002 .46 .46 .46 .46 .63 .63 .63 .63
62 00002 00002 00000 00002 .46 .46 .46 .46 .63 .63 .63 .63
63 00002 00002 00000 00002 .46 .46 .46 .46 .63 .63 .63 .63
64 00002 00002 00000 00002 .46 .46 .46 .46 .63 .63 .63 .63
65 00002 00002 00000 00002 .46 .46 .46 .46 .63 .63 .63 .63
66 00002 00002 00000 00002 .46 .46 .46 .46 .63 .63 .63 .63
67 00002 00002 00000 00002 .46 .46 .46 .46 .63 .63 .63 .63
68 00002 00002 00000 00002 .46 .46 .46 .46 .63 .63 .63 .63
69 00002 00002 00000 00002 .46 .46 .46 .46 .63 .63 .63 .63
70 00002 00002 00000 00002 .46 .46 .46 .46 .63 .63 .63 .63
71 00002 00002 00000 00002 .46 .46 .46 .46 .63 .63 .63 .63
72 00002 00002 00000 00002 .46 .46 .46 .46 .63 .63 .63 .63
73 00002 00002 00000 00002 .46 .46 .46 .46 .63 .63 .63 .63
74 00002 00002 00000 00002 .46 .46 .46 .46 .63 .63 .63 .63
75 00002 00002 00000 00002 .46 .46 .46 .46 .63 .63 .63 .63
76 00002 00002 00000 00002 .46 .46 .46 .46 .63 .63 .63 .63
77 00002 00002 00000 00002 .46 .46 .46 .46 .63 .63 .63 .63
78 00002 00002 00000 00002 .46 .46 .46 .46 .63 .63 .63 .63
79 00002 00002 00000 00002 .46 .46 .46 .46 .63 .63 .63 .63
80 00002 00002 00000 00002 .46 .46 .46 .46 .63 .63 .63 .63
81 00002 00002 00000 00002 .46 .46 .46 .46 .63 .63 .63 .63
82 00002 00002 00000 00002 .46 .46 .46 .46 .63 .63 .63 .63
83 00002 00002 00000 00002 .46 .46 .46 .46 .63 .63 .63 .63
84 00002 00002 00000 00002 .46 .46 .46 .46 .63 .63 .63 .63
85 00002 00002 00000 00002 .46 .46 .46 .46 .63 .63 .63 .63
86 00002 00002 00000 00002 .46 .46 .46 .46 .63 .63 .63 .63
87 00002 00002 00000 00002 .46 .46 .46 .46 .63 .63 .63 .63
88 00002 00002 00000 00002 .46 .46 .46 .46 .63 .63 .63 .63
89 00002 00002 00000 00002 .46 .46 .46 .46 .63 .63 .63 .63
90 00002 00002 00000 00002 .46 .46 .46 .46 .63 .63 .63 .63
91 00002 00002 00000 00002 .46 .46 .46 .46 .63 .63 .63 .63
92 00002 00002 00000 00002 .46 .46 .46 .46 .63 .63 .63 .63
93 00002 00002 00000 00002 .46 .46 .46 .46 .63 .63 .63 .63
94 00002 00002 00000 00002 .46 .46 .46 .46 .63 .63 .63 .63
95 00002 00002 00000 00002 .46 .46 .46 .46 .63 .63 .63 .63
96 00002 00002 00000 00002 .46 .46 .46 .46 .63 .63 .63 .63
97 00002 00002 00000 00002 .46 .46 .46 .46 .63 .63 .63 .63
98 00002 00002 00000 00002 .46 .46 .46 .46 .63 .63 .63 .63
99 00002 00002 00000 00002 .46 .46 .46 .46 .63 .63 .63 .63
100 00002 00002 00000 00002 .46 .46 .46 .46 .63 .63 .63 .63
101 00002 00002 00000 00002 .46 .46 .46 .46 .63 .63 .63 .63
102 00002 00002 00020 00002 .22 .22 .22 .22 .41 .41 .41 .41
103 00002 00002 00020 00002 .22 .22 .22 .22 .41 .41 .41 .41
104 00002 00002 00020 00002 .22 .22 .22 .22 .41 .41 .41 .41
105 00002 00002 00020 00002 .22 .22 .22 .22 .41 .41 .41 .41
106 00002 00002 00020 00002 .22 .22 .22 .22 .41 .41 .41 .41
107 00002 00002 00020 00002 .22 .22 .22 .22 .41 .41 .41 .41
108 00002 00002 00020 00002 .22 .22 .22 .22 .41 .41 .41 .41
109 00002 00002 00020 00002 .22 .22 .22 .22 .41 .41 .41 .41
110 00002 00002 00020 00002 .22 .22 .22 .22 .41 .41 .41 .41
111 00002 00002 00020 00002 .22 .22 .22 .22 .41 .41 .41 .41
112 00002 00002 00020 00002 .22 .22 .22 .22 .41 .41 .41 .41
113 00002 00002 00020 00002 .22 .22 .22 .22 .41 .41 .41 .41
114 00002 00002 00020 00002 .22 .22 .22 .22 .41 .41 .41 .41
115 00002 00002 00020 00002 .22 .22 .22 .22 .41 .41 .41 .41
116 00002 00002 00020 00002 .22 .22 .22 .22 .41 .41 .41 .41
117 00002 00002 00020 00002 .22 .22 .22 .22 .41 .41 .41 .41
118 00002 00002 00020 00002 .22 .22 .22 .22 .41 .41 .41 .41
119 00002 00002 00020 00002 .22 .22 .22 .22 .41 .41 .41 .41
120 00022 00202 00020 00022 .16 .16 .16 .16 .37 .37 .37 .37
121 00022 00202 00020 00022 .16 .16 .16 .16 .37 .37 .37 .37
122 00022 00202 00020 00022 .16 .16 .16 .16 .37 .37 .37 .37
123 00022 00202 00020 00022 .16 .16 .16 .16 .37 .37 .37 .37
124 00022 00202 00020 00022 .16 .16 .16 .16 .37 .37 .37 .37
125 00022 00202 00020 00022 .16 .16 .16 .16 .37 .37 .37 .37
126 00022 00202 00020 00022 .16 .16 .16 .16 .37 .37 .37 .37
127 00022 00202 00020 00022 .16 .16 .16 .16 .37 .37 .37 .37
128 00022 00202 00200 00202 .16 .16 .16 .16 .37 .37 .37 .37
129 00022 00202 00200 00202 .16 .16 .16 .16 .37 .37 .37 .37
130 00202 00202 00200 00202 .72 .72 .72 .72 .79 .79 .79 .79
131 00202 00202 00200 00202 .72 .72 .72 .72 .79 .79 .79 .79
132 00202 00202 00200 00202 .72 .72 .72 .72 .79 .79 .79 .79
133 00202 00202 00200 00202 .72 .72 .72 .72 .79 .79 .79 .79
134 00202 00202 00200 00202 .72 .72 .72 .72 .79 .79 .79 .79
135 00202 00202 00200 00202 .72 .72 .72 .72 .79 .79 .79 .79
136 00202 00202 00200 00202 .72 .72 .72 .72 .79 .79 .79 .79
137 00202 00202 00200 00202 .72 .72 .72 .72 .79 .79 .79 .79
138 00202 00202 00200 00202 .72 .72 .72 .72 .79 .79 .79 .79
139 00202 00202 00200 00202 .72 .72 .72 .72 .79 .79 .79 .79
140 00200 00200 00200 00200 1.00 1.00 1.00 1.00 1.00 1.00 1.00 1.00
141 00200 00200 00200 00200 1.00 1.00 1.00 1.00 1.00 1.00 1.00 1.00
142 00200 00200 00200 00200 1.00 1.00 1.00 1.00 1.00 1.00 1.00 1.00
143 00200 00200 00200 00200 1.00 1.00 1.00 1.00 1.00 1.00 1.00 1.00
144 00200 00200 00200 00200 1.00 1.00 1.00 1.00 1.00 1.00 1.00 1.00
145 00200 00200 00200 00200 1.00 1.00 1.00 1.00 1.00 1.00 1.00 1.00
146 00200 00200 00200 00200 1.00 1.00 1.00 1.00 1.00 1.00 1.00 1.00
147 00200 00200 00200 00200 1.00 1.00 1.00 1.00 1.00 1.00 1.00 1.00
148 00200 00200 00200 00200 1.00 1.00 1.00 1.00 1.00 1.00 1.00 1.00
149 00200 00200 00200 00200 1.00 1.00 1.00 1.00 1.00 1.00 1.00 1.00
150 00200 00200 00200 00200 1.00 1.00 1.00 1.00 1.00 1.00 1.00 1.00
151 00200 00200 00200 00200 1.00 1.00 1.00 1.00 1.00 1.00 1.00 1.00
152 00200 00200 00200 00200 1.00 1.00 1.00 1.00 1.00 1.00 1.00 1.00
153 00200 00200 00200 00200 1.00 1.00 1.00 1.00 1.00 1.00 1.00 1.00
154 00200 00200 00200 00200 1.00 1.00 1.00 1.00 1.00 1.00 1.00 1.00
155 00200 00200 00200 00200 1.00 1.00 1.00 1.00 1.00 1.00 1.00 1.00
156 00200 00200 00200 00200 1.00 1.00 1.00 1.00 1.00 1.00 1.00 1.00
157 00200 00200 00200 00200 1.00 1.00 1.00 1.00 1.00 1.00 1.00 1.00
158 00200 00200 00200 00200 1.00 1.00 1.00 1.00 1.00 1.00 1.00 1.00
159 00200 00200 00200 00200 1.00 1.00 1.00 1.00 1.00 1.00 1.00 1.00
160 00200 00200 00200 00200 1.00 1.00 1.00 1.00 1.00 1.00 1.00 1.00
161 00200 00200 00200 00200 1.00 1.00 1.00 1.00 1.00 1.00 1.00 1.00
162 00200 00200 00200 00200 1.00 1.00 1.00 1.00 1.00 1.00 1.00 1.00
163 00200 00200 00200 00200 1.00 1.00 1.00 1.00 1.00 1.00 1.00 1.00
164 00200 00200 00200 00200 1.00 1.00 1.00 1.00 1.00 1.00 1.00 1.00
165 00200 00200 00200 00200 1.00 1.00 1.00 1.00 1.00 1.00 1.00 1.00
166 00200 00200 00200 00200 1.00 1.00 1.00 1.00 1.00 1.00 1.00 1.00
167 00200 00200 00200 00200 1.00 1.00 1.00 1.00 1.00 1.00 1.00 1.00
168 00200 00200 00200 00200 1.00 1.00 1.00 1.00 1.00 1.00 1.00 1.00
169 00200 00200 00200 00200 1.00 1.00 1.00 1.00 1.00 1.00 1.00 1.00
170 00200 00200 00200 00200 1.00 1.00 1.00 1.00 1.00 1.00 1.00 1.00
171 00200 00200 00200 00200 1.00 1.00 1.00 1.00 1.00 1.00 1.00 1.00
172 00200 00200 00200 00200 1.00 1.00 1.00 1.00 1.00 1.00 1.00 1.00
173 00200 00200 00200 00200 1.00 1.00 1.00 1.00 1.00 1.00 1.00 1.00
174 00200 00200 00200 00200 1.00 1.00 1.00 1.00 1.00 1.00 1.00 1.00
175 00200 00200 00200 00200 1.00 1.00 1.00 1.00 1.00 1.00 1.00 1.00
176 00200 00200 00200 00200 1.00 1.00 1.00 1.00 1.00 1.00 1.00 1.00
177 00200 00200 00200 00200 1.00 1.00 1.00 1.00 1.00 1.00 1.00 1.00
178 00200 00200 00200 00200 1.00 1.00 1.00 1.00 1.00 1.00 1.00 1.00
179 00200 00200 00200 00200 1.00 1.00 1.00 1.00 1.00 1.00 1.00 1.00
180 00200 00200 00200 00200 1.00 1.00 1.00 1.00 1.00 1.00 1.00 1.00
181 00200 00200 00200 00200 1.00 1.00 1.00 1.00 1.00 1.00 1.00 1.00
182 00200 00200 00200 00200 1.00 1.00 1.00 1.00 1.00 1.00 1.00 1.00
183 00200 00200 00200 00200 1.00 1.00 1.00 1.00 1.00 1.00 1.00 1.00
184 00200 00200 00200 00200 1.00 1.00 1.00 1.00 1.00 1.00 1.00 1.00
185 00200 00200 00200 00200 1.00 1.00 1.00 1.00 1.00 1.00 1.00 1.00
186 00200 00200 00200 00200 1.00 1.00 1.00 1.00 1.00 1.00 1.00 1.00
187 00200 00200 00200 00200 1.00 1.00 1.00 1.00 1.00 1.00 1.00 1.00
188 00200 00200 00200 00200 1.00 1.00 1.00 1.00 1.00 1.00 1.00 1.00
189 00200 00200 00200 00200 1.00 1.00 1.00 1.00 1.00 1.00 1.00 1.00
190 00200 00200 00200 00200 1.00 1.00 1.00 1.00 1.00 1.00 1.00 1.00
191 00200 00200 00200 00200 1.00 1.00 1.00 1.00 1.00 1.00 1.00 1.00
192 00200 00200 00200 00200 1.00 1.00 1.00 1.00 1.00 1.00 1.00 1.00
193 00200 00200 00200 00200 1.00 1.00 1.00 1.00 1.00 1.00 1.00 1.00
194 00200 00200 00200 00200 1.00 1.00 1.00 1.00 1.00 1.00 1.00 1.00
195 00200 00200 00200 00200 1.00 1.00 1.00 1.00 1.00 1.00 1.00 1.00
196 00200 00200 00200 00200 1.00 1.00 1.00 1.00 1.00 1.00 1.00 1.00
197 00200 00200 00200 00200 1.00 1.00 1.00 1.00 1.00 1.00 1.00 1.00
198 00200 00200 00200 00200 1.00 1.00 1.00 1.00 1.00 1.00 1.00 1.00
199 00200 00200 00200 00200 1.00 1.00 1.00 1.00 1.00 1.00 1.00 1.00
200 00200 00200 00200 00200 1.00 1.00 1.00 1.00 1.00 1.00 1.00 1.00
201 00200 00200 00200 00200 1.00 1.00 1.00 1.00 1.00 1.00 1.00 1.00
202 00200 00200 00200 00200 1.00 1.00 1.00 1.00 1.00 1.00 1.00 1.00
203 00200 00200 00200 00200 1.00 1.00 1.00 1.00 1.00 1.00 1.00 1.00
204 00200 00200 00200 00200 1.00 1.00 1.00 1.00 1.00 1.00 1.00 1.00
205 00200 00200 00200 00200 1.00 1.00 1.00 1.00 1.00 1.00 1.00 1.00
206 00200 00200 00200 00200 1.00 1.00 1.00 1.00 1.00 1.00 1.00 1.00
207 00200 00200 00200 00200 1.00 1.00 1.00 1.00 1.00 1.00 1.00 1.00
208 00200 00200 00200 00200 1.00 1.00 1.00 1.00 1.00 1.00 1.00 1.00
209 00200 00200 00200 00200 1.00 1.00 1.00 1.00 1.00 1.00 1.00 1.00
210 00200 00200 00200 00200 1.00 1.00 1.00 1.00 1.00 1.00 1.00 1.00
211 00200 00200 00200 00200 1.00 1.00 1.00 1.00 1.00 1.00 1.00 1.00
212 00200 00200 00200 00200 1.00 1.00 1.00 1.00 1.00 1.00 1.00 1.00
213 00200 00200 00200 00200 1.00 1.00 1.00 1.00 1.00 1.00 1.00 1.00
214 00200 00200 00200 00200 1.00 1.00 1.00 1.00 1.00 1.00 1.00 1.00
215 00200 00200 00200 00200 1.00 1.00 1.00 1.00 1.00 1.00 1.00 1.00
216 00200 00200 00200 00200 1.00 1.00 1.00 1.00 1.00 1.00 1.00 1.00
217 00200 00200 00200 00200 1.00 1.00 1.00 1.00 1.00 1.00 1.00 1.00
218 00200 00200 00200 00200 1.00 1.00 1.00 1.00 1.00 1.00 1.00 1.00
219 00200 00200 00200 00200 1.00 1.00 1.00 1.00 1.00 1.00 1.00 1.00
220 00200 00200 00200 00200 1.00 1.00 1.00 1.00 1.00 1.00 1.00 1.00
221 00200 00200 00200 00200 1.00 1.00 1.00 1.00 1.00 1.00 1.00 1.00
222 00200 00200 00200 00200 1.00 1.00 1.00 1.00 1.00 1.00 1.00 1.00
223 00200 00200 00200 00200 1.00 1.00 1.00 1.00 1.00 1.00 1.00 1.00
224 00200 00200 00200 00200 1.00 1.00 1.00 1.00 1.00 1.00 1.00 1.00
225 00200 00200 00200 00200 1.00 1.00 1.00 1.00 1.00 1.00 1.00 1.00
226 00200 00200 00200 00200 1.00 1.00 1.00 1.00 1.00 1.00 1.00 1.00
227 00200 00200 00200 00200 1.00 1.00 1.00 1.00 1.00 1.00 1.00 1.00
228 00200 00200 00200 00200 1.00 1.00 1.00 1.00 1.00 1.00 1.00 1.00
229 00200 00200 00200 00200 1.00 1.00 1.00 1.00 1.00 1.00 1.00 1.00
230 00200 00200 00200 00200 1.00 1.00 1.00 1.00 1.00 1.00 1.00 1.00
231 00200 00200 00200 00200 1.00 1.00 1.00 1.00 1.00 1.00 1.00 1.00
232 00200 00200 00200 00200 1.00 1.00 1.00 1.00 1.00 1.00 1.00 1.00
233 00200 00200 00200 00200 1.00 1.00 1.00 1.00 1.00 1.00 1.00 1.00
234 00200 00200 00200 00200 1.00 1.00 1.00 1.00 1.00 1.00 1.00 1.00
235 00200 00200 00200 00200 1.00 1.00 1.00 1.00 1.00 1.00 1.00 1.00
236 00200 00200 00200 00200 1.00 1.00 1.00 1.00 1.00 1.00 1.00 1.00
237 00200 00200 00200 00200 1.00 1.00 1.00 1.00 1.00 1.00 1.00 1.00
238 00200 00200 00200 00200 1.00 1.00 1.00 1.00 1.00 1.00 1.00 1.00
239 00200 00200 00200 00200 1.00 1.00 1.00 1.00 1.00 1.00 1.00 1.00
240 00200 00200 00200 00200 1.00 1.00 1.00 1.00 1.00 1.00 1.00 1.00
241 00200 00200 00200 00200 1.00 1.00 1.00 1.00 1.00 1.00 1.00 1.00
242 00200 00200 00200 00200 1.00 1.00 1.00 1.00 1.00 1.00 1.00 1.00
243 00200 00200 00200 00200 1.00 1.00 1.00 1.00 1.00 1.00 1.00 1.00
244 00200 00200 00200 00200 1.00 1.00 1.00 1.00 1.00 1.00 1.00 1.00
245 00200 00200 00200 00200 1.00 1.00 1.00 1.00 1.00 1.00 1.00 1.00
246 00200 00200 00200 00200 1.00 1.00 1.00 1.00 1.00 1.00 1.00 1.00
247 00200 00200 00200 00200 1.00 1.00 1.00 1.00 1.00 1.00 1.00 1.00
248 00200 00200 00200 00200 1.00 1.00 1.00 1.00 1.00 1.00 1.00 1.00
249 00200 00200 00200 00200 1.00 1.00 1.00 1.00 1.00 1.00 1.00 1.00
250 00201 00201 00200 00201 .75 .83 .90 .72 .82 .87 .93 .79
251 00201 00201 00200 00201 .75 .83 .90 .72 .82 .87 .93 .79
252 00201 00201 00200 00201 .75 .83 .90 .72 .82 .87 .93 .79
253 00201 00201 00200 00201 .75 .83 .90 .72 .82 .87 .93 .79
254 00201 00201 00200 00201 .75 .83 .90 .72 .82 .87 .93 .79
255 00201 00201 00200 00201 .75 .83 .90 .72 .82 .87 .93 .79
256 00201 00201 00200 00201 .75 .83 .90 .72 .82 .87 .93 .79
257 00201 00201 00200 00201 .75 .83 .90 .72 .82 .87 .93 .79
258 00201 00201 00200 00201 .75 .83 .90 .72 .82 .87 .93 .79
259 00201 00201 00200 00201 .75 .83 .90 .72 .82 .87 .93 .79
260 00201 00201 00200 00201 .75 .83 .90 .72 .82 .87 .93 .79
261 00201 00201 00200 00201 .75 .83 .90 .72 .82 .87 .93 .79
262 00201 00201 00200 00201 .75 .83 .90 .72 .82 .87 .93 .79
263 00201 00201 00200 00201 .75 .83 .90 .72 .82 .87 .93 .79
264 00201 00201 00200 00201 .75 .83 .90 .72 .82 .87 .93 .79
265 00201 00201 00200 00201 .75 .83 .90 .72 .82 .87 .93 .79
266 00201 00201 00200 00201 .75 .83 .90 .72 .82 .87 .93 .79
267 00201 00201 00200 00201 .75 .83 .90 .72 .82 .87 .93 .79
268 00201 00201 00200 00201 .75 .83 .90 .72 .82 .87 .93 .79
269 00201 00201 00200 00201 .75 .83 .90 .72 .82 .87 .93 .79
270 00201 00201 00200 00201 .75 .83 .90 .72 .82 .87 .93 .79
271 00201 00201 00200 00201 .75 .83 .90 .72 .82 .87 .93 .79
272 00201 00201 00200 00201 .75 .83 .90 .72 .82 .87 .93 .79
273 00201 00201 00200 00201 .75 .83 .90 .72 .82 .87 .93 .79
274 00201 00201 00200 00201 .75 .83 .90 .72 .82 .87 .93 .79
275 00201 00201 00200 00201 .75 .83 .90 .72 .82 .87 .93 .79
276 00201 00201 00200 00201 .75 .83 .90 .72 .82 .87 .93 .79
277 00201 00201 00200 00201 .75 .83 .90 .72 .82 .87 .93 .79
278 00201 00201 00200 00201 .75 .83 .90 .72 .82 .87 .93 .79
279 00201 00201 00200 00201 .75 .83 .90 .72 .82 .87 .93 .79
280 00201 00201 00200 00201 .75 .83 .90 .72 .82 .87 .93 .79
281 00201 00201 00200 00201 .75 .83 .90 .72 .82 .87 .93 .79
282 00201 00201 00200 00201 .75 .83 .90 .72 .82 .87 .93 .79
283 00201 00201 00200 00201 .75 .83 .90 .72 .82 .87 .93 .79
284 00201 00201 00200 00201 .75 .83 .90 .72 .82 .87 .93 .79
285 00201 00201 00200 00201 .75 .83 .90 .72 .82 .87 .93 .79
286 00201 00201 00200 00201 .75 .83 .90 .72 .82 .87 .93 .79
287 00201 00201 00200 00201 .75 .83 .90 .72 .82 .87 .93 .79
288 00201 00201 00200 00201 .75 .83 .90 .72 .82 .87 .93 .79
289 00201 00201 00200 00201 .75 .83 .90 .72 .82 .87 .93 .79
290 00201 00201 00200 00201 .75 .83 .90 .72 .82 .87 .93 .79
291 00201 00201 00200 00201 .75 .83 .90 .72 .82 .87 .93 .79
292 00201 00201 00200 00201 .75 .83 .90 .72 .82 .87 .93 .79
