0 00002 00002 00000 00002 .46 .46 .46 .46 .63 .63 .63 .63
1 00002 00002 00000 00002 .46 .46 .46 .46 .63 .63 .63 .63
2 00002 00002 00000 00002 .46 .46 .46 .46 .63 .63 .63 .63
3 00002 00002 00000 00002 .46 .46 .46 .46 .63 .63 .63 .63
4 00002 00002 00000 00002 .46 .46 .46 .46 .63 .63 .63 .63
5 00002 00002 00020 00002 .22 .22 .22 .22 .41 .41 .41 .41
6 00002 00002 00020 00002 .22 .22 .22 .22 .41 .41 .41 .41
7 00002 00002 00020 00002 .22 .22 .22 .22 .41 .41 .41 .41
8 00002 00002 00020 00002 .22 .22 .22 .22 .41 .41 .41 .41
9 00002 00002 00020 00002 .22 .22 .22 .22 .41 .41 .41 .41
10 00002 00002 00020 00002 .22 .22 .22 .22 .41 .41 .41 .41
11 00002 00002 00020 00002 .22 .22 .22 .22 .41 .41 .41 .41
12 00002 00002 00020 00002 .22 .22 .22 .22 .41 .41 .41 .41
13 00002 00002 00020 00002 .22 .22 .22 .22 .41 .41 .41 .41
14 00002 00002 00020 00002 .22 .22 .22 .22 .41 .41 .41 .41
15 00002 00002 00020 00002 .22 .22 .22 .22 .41 .41 .41 .41
16 00002 00002 00020 00002 .22 .22 .22 .22 .41 .41 .41 .41
17 00002 00002 00020 00002 .22 .22 .22 .22 .41 .41 .41 .41
18 00002 00002 00020 00002 .22 .22 .22 .22 .41 .41 .41 .41
19 00002 00002 00020 00002 .22 .22 .22 .22 .41 .41 .41 .41
20 00002 00002 00020 00002 .22 .22 .22 .22 .41 .41 .41 .41
21 00002 00002 00020 00002 .22 .22 .22 .22 .41 .41 .41 .41
22 00002 00002 00020 00002 .22 .22 .22 .22 .41 .41 .41 .41
23 00002 00002 00020 00002 .22 .22 .22 .22 .41 .41 .41 .41
24 00002 00002 00020 00002 .22 .22 .22 .22 .41 .41 .41 .41
25 00002 00002 00020 00002 .22 .22 .22 .22 .41 .41 .41 .41
26 00002 00002 00020 00002 .22 .22 .22 .22 .41 .41 .41 .41
27 00002 00002 00020 00002 .22 .22 .22 .22 .41 .41 .41 .41
28 00002 00002 00020 00002 .22 .22 .22 .22 .41 .41 .41 .41
29 00002 00002 00020 00002 .22 .22 .22 .22 .41 .41 .41 .41
30 00002 00002 00020 00002 .22 .22 .22 .22 .41 .41 .41 .41
31 00002 00002 00020 00002 .22 .22 .22 .22 .41 .41 .41 .41
32 00002 00002 00020 00002 .22 .22 .22 .22 .41 .41 .41 .41
33 00002 00002 00020 00002 .22 .22 .22 .22 .41 .41 .41 .41
34 00002 00002 00020 00002 .22 .22 .22 .22 .41 .41 .41 .41
35 00002 00002 00000 00002 .46 .46 .46 .46 .63 .63 .63 .63
36 00002 00002 00000 00002 .46 .46 .46 .46 .63 .63 .63 .63
37 00002 00002 00000 00002 .46 .46 .46 .46 .63 .63 .63 .63
38 00002 00002 00000 00002 .46 .46 .46 .46 .63 .63 .63 .63
39 00002 00002 00000 00002 .46 .46 .46 .46 .63 .63 .63 .63
40 00002 00002 00000 00002 .46 .46 .46 .46 .63 .63 .63 .63
41 00002 00002 00000 00002 .46 .46 .46 .46 .63 .63 .63 .63
42 00002 00002 00000 00002 .46 .46 .46 .46 .63 .63 .63 .63
43 00002 00002 00000 00002 .46 .46 .46 .46 .63 .63 .63 .63
44 00002 00002 00000 00002 .46 .46 .46 .46 .63 .63 .63 .63
45 00002 00002 00000 00002 .46 .46 .46 .46 .63 .63 .63 .63
46 00002 00002 00000 00002 .46 .46 .46 .46 .63 .63 .63 .63
47 00002 00002 00000 00002 .46 .46 .46 .46 .63 .63 .63 .63
48 00002 00002 00000 00002 .46 .46 .46 .46 .63 .63 .63 .63
49 00002 00002 00000 00002 .46 .46 .46 .46 .63 .63 .63 .63
50 00002 00002 00000 00002 .46 .46 .46 .46 .63 .63 .63 .63
51 00002 00002 00000 00002 .46 .46 .46 .46 .63 .63 .63 .63
52 00002 00002 00000 00002 .46 .46 .46 .46 .63 .63 .63 .63
53 00002 00002 00000 00002 .46 .46 .46 .46 .63 .63 .63 .63
54 00002 00002 00000 00002 .46 .46 .46 .46 .63 .63 .63 .63
55 00002 00002 00000 00002 .46 .46 .46 .46 .63 .63 .63 .63
56 00002 00002 00000 00002 .46 .46 .46 .46 .63 .63 .63 .63
57 00002 00002 00000 00002 .46 .46 .46 .46 .63 .63 .63 .63
58 00002 00002 00000 00002 .46 .46 .46 .46 .63 .63 .63 .63
59 00002 00002 00000 00002 .46 .46 .46 .46 .63 .63 .63 .63
60 00002 00002 00000 00002 .46 .46 .46 .46 .63 .63 .63 .63
61 00002 00002 00000 00002 .46 .46 .46 .46 .63 .63 .63 .63
62 00002 00002 00000 00002 .46 .46 .46 .46 .63 .63 .63 .63
63 00002 00002 00000 00002 .46 .46 .46 .46 .63 .63 .63 .63
64 00002 00002 00000 00002 .46 .46 .46 .46 .63 .63 .63 .63
65 00002 00002 00000 00002 .46 .46 .46 .46 .63 .63 .63 .63
66 00002 00002 00000 00002 .46 .46 .46 .46 .63 .63 .63 .63
67 00002 00002 00000 00002 .46 .46 .46 .46 .63 .63 .63 .63
68 00002 00002 00000 00002 .46 .46 .46 .46 .63 .63 .63 .63
69 00002 00002 00000 00002 .46 .46 .46 .46 .63 .63 .63 .63
70 00002 00002 00000 00002 .46 .46 .46 .46 .63 .63 .63 .63
71 00002 00002 00000 00002 .46 .46 .46 .46 .63 .63 .63 .63
72 00002 00002 00000 00002 .46 .46 .46 .46 .63 .63 .63 .63
73 00002 00002 00000 00002 .46 .46 .46 .46 .63 .63 .63 .63
74 00002 00002 00000 00002 .46 .46 .46 .46 .63 .63 .63 .63
75 00002 00002 00000 00002 .46 .46 .46 .46 .63 .63 .63 .63
76 00002 00002 00020 00002 .22 .22 .22 .22 .41 .41 .41 .41
77 00002 00002 00020 00002 .22 .22 .22 .22 .41 .41 .41 .41
78 00002 00002 00020 00002 .22 .22 .22 .22 .41 .41 .41 .41
79 00002 00002 00020 00002 .22 .22 .22 .22 .41 .41 .41 .41
80 00022 00022 00020 00022 .72 .72 .72 .72 .79 .79 .79 .79
81 00022 00022 00020 00022 .72 .72 .72 .72 .79 .79 .79 .79
82 00022 00022 00020 00022 .72 .72 .72 .72 .79 .79 .79 .79
83 00022 00022 00020 00022 .72 .72 .72 .72 .79 .79 .79 .79
84 00022 00022 00020 00022 .72 .72 .72 .72 .79 .79 .79 .79
85 00022 00022 00020 00022 .72 .72 .72 .72 .79 .79 .79 .79
86 00022 00022 00020 00022 .72 .72 .72 .72 .79 .79 .79 .79
87 00022 00022 00020 00022 .72 .72 .72 .72 .79 .79 .79 .79
88 00022 00022 00020 00022 .72 .72 .72 .72 .79 .79 .79 .79
89 00022 00022 00020 00022 .72 .72 .72 .72 .79 .79 .79 .79
90 00202 00202 00020 00202 .16 .16 .16 .16 .37 .37 .37 .37
91 00202 00202 00020 00202 .16 .16 .16 .16 .37 .37 .37 .37
92 00202 00202 00020 00202 .16 .16 .16 .16 .37 .37 .37 .37
93 00202 00202 00020 00202 .16 .16 .16 .16 .37 .37 .37 .37
94 00202 00202 00020 00202 .16 .16 .16 .16 .37 .37 .37 .37
95 00202 00202 00020 00202 .16 .16 .16 .16 .37 .37 .37 .37
96 00202 00202 00020 00202 .16 .16 .16 .16 .37 .37 .37 .37
97 00202 00202 00020 00202 .16 .16 .16 .16 .37 .37 .37 .37
98 00202 00202 00020 00202 .16 .16 .16 .16 .37 .37 .37 .37
99 00202 00202 00020 00202 .16 .16 .16 .16 .37 .37 .37 .37
100 00202 00202 00020 00202 .16 .16 .16 .16 .37 .37 .37 .37
101 00202 00202 00020 00202 .16 .16 .16 .16 .37 .37 .37 .37
102 00202 00202 00020 00202 .16 .16 .16 .16 .37 .37 .37 .37
103 00202 00202 00020 00202 .16 .16 .16 .16 .37 .37 .37 .37
104 00202 00202 00020 00202 .16 .16 .16 .16 .37 .37 .37 .37
105 00202 00202 00020 00202 .16 .16 .16 .16 .37 .37 .37 .37
106 00202 00202 00020 00202 .16 .16 .16 .16 .37 .37 .37 .37
107 00202 00202 00020 00202 .16 .16 .16 .16 .37 .37 .37 .37
108 00202 00202 00020 00202 .16 .16 .16 .16 .37 .37 .37 .37
109 00202 00202 00020 00202 .16 .16 .16 .16 .37 .37 .37 .37
110 00202 00202 00020 00202 .16 .16 .16 .16 .37 .37 .37 .37
111 00202 00202 00020 00202 .16 .16 .16 .16 .37 .37 .37 .37
112 00202 00202 00020 00202 .16 .16 .16 .16 .37 .37 .37 .37
113 00202 00202 00020 00202 .16 .16 .16 .16 .37 .37 .37 .37
114 00202 00202 00020 00202 .16 .16 .16 .16 .37 .37 .37 .37
115 00202 00202 00020 00202 .16 .16 .16 .16 .37 .37 .37 .37
116 00202 00202 00020 00202 .16 .16 .16 .16 .37 .37 .37 .37
117 00202 00202 00020 00202 .16 .16 .16 .16 .37 .37 .37 .37
118 00202 00202 00020 00202 .16 .16 .16 .16 .37 .37 .37 .37
119 00202 00202 00020 00202 .16 .16 .16 .16 .37 .37 .37 .37
120 00202 00202 00020 00202 .16 .16 .16 .16 .37 .37 .37 .37
121 00202 00202 00020 00202 .16 .16 .16 .16 .37 .37 .37 .37
122 00202 00202 00020 00202 .16 .16 .16 .16 .37 .37 .37 .37
123 00202 00202 00020 00202 .16 .16 .16 .16 .37 .37 .37 .37
124 00202 00202 00020 00202 .16 .16 .16 .16 .37 .37 .37 .37
125 00202 00202 00020 00202 .16 .16 .16 .16 .37 .37 .37 .37
126 00202 00202 00020 00202 .16 .16 .16 .16 .37 .37 .37 .37
127 00202 00202 00020 00202 .16 .16 .16 .16 .37 .37 .37 .37
128 00202 00202 00020 00202 .16 .16 .16 .16 .37 .37 .37 .37
129 00202 00202 00020 00202 .16 .16 .16 .16 .37 .37 .37 .37
130 00202 00202 00020 00202 .16 .16 .16 .16 .37 .37 .37 .37
131 00202 00202 00020 00202 .16 .16 .16 .16 .37 .37 .37 .37
132 00202 00202 00020 00202 .16 .16 .16 .16 .37 .37 .37 .37
133 00202 00202 00020 00202 .16 .16 .16 .16 .37 .37 .37 .37
134 00202 00202 00020 00202 .16 .16 .16 .16 .37 .37 .37 .37
135 00202 00202 00020 00202 .16 .16 .16 .16 .37 .37 .37 .37
136 00202 00202 00020 00202 .16 .16 .16 .16 .37 .37 .37 .37
137 00202 00202 00020 00202 .16 .16 .16 .16 .37 .37 .37 .37
138 00202 00202 00020 00202 .16 .16 .16 .16 .37 .37 .37 .37
139 00202 00202 00020 00202 .16 .16 .16 .16 .37 .37 .37 .37
140 00200 00200 00020 00200 .22 .22 .22 .22 .41 .41 .41 .41
141 00200 00200 00020 00200 .22 .22 .22 .22 .41 .41 .41 .41
142 00200 00200 00020 00200 .22 .22 .22 .22 .41 .41 .41 .41
143 00200 00200 00020 00200 .22 .22 .22 .22 .41 .41 .41 .41
144 00200 00200 00020 00200 .22 .22 .22 .22 .41 .41 .41 .41
145 00200 00200 00020 00200 .22 .22 .22 .22 .41 .41 .41 .41
146 00200 00200 00020 00200 .22 .22 .22 .22 .41 .41 .41 .41
147 00200 00200 00020 00200 .22 .22 .22 .22 .41 .41 .41 .41
148 00200 00200 00020 00200 .22 .22 .22 .22 .41 .41 .41 .41
149 00200 00200 00020 00200 .22 .22 .22 .22 .41 .41 .41 .41
150 00200 00200 00020 00200 .22 .22 .22 .22 .41 .41 .41 .41
151 00200 00200 00020 00200 .22 .22 .22 .22 .41 .41 .41 .41
152 00200 00200 00020 00200 .22 .22 .22 .22 .41 .41 .41 .41
153 00200 00200 00020 00200 .22 .22 .22 .22 .41 .41 .41 .41
154 00200 00200 00020 00200 .22 .22 .22 .22 .41 .41 .41 .41
155 00200 00200 00020 00200 .22 .22 .22 .22 .41 .41 .41 .41
156 00200 00200 00020 00200 .22 .22 .22 .22 .41 .41 .41 .41
157 00200 00200 00020 00200 .22 .22 .22 .22 .41 .41 .41 .41
158 00200 00200 00020 00200 .22 .22 .22 .22 .41 .41 .41 .41
159 00200 00200 00020 00200 .22 .22 .22 .22 .41 .41 .41 .41
160 00200 00200 00020 00200 .22 .22 .22 .22 .41 .41 .41 .41
161 00200 00200 00020 00200 .22 .22 .22 .22 .41 .41 .41 .41
162 00200 00200 00020 00200 .22 .22 .22 .22 .41 .41 .41 .41
163 00200 00200 00020 00200 .22 .22 .22 .22 .41 .41 .41 .41
164 00200 00200 00020 00200 .22 .22 .22 .22 .41 .41 .41 .41
165 00200 00200 00020 00200 .22 .22 .22 .22 .41 .41 .41 .41
166 00200 00200 00020 00200 .22 .22 .22 .22 .41 .41 .41 .41
167 00200 00200 00020 00200 .22 .22 .22 .22 .41 .41 .41 .41
168 00200 00200 00020 00200 .22 .22 .22 .22 .41 .41 .41 .41
169 00200 00200 00200 00200 1.00 1.00 1.00 1.00 1.00 1.00 1.00 1.00
170 00200 00200 00200 00200 1.00 1.00 1.00 1.00 1.00 1.00 1.00 1.00
171 00200 00200 00200 00200 1.00 1.00 1.00 1.00 1.00 1.00 1.00 1.00
172 00200 00200 00200 00200 1.00 1.00 1.00 1.00 1.00 1.00 1.00 1.00
173 00200 00200 00200 00200 1.00 1.00 1.00 1.00 1.00 1.00 1.00 1.00
174 00200 00200 00200 00200 1.00 1.00 1.00 1.00 1.00 1.00 1.00 1.00
175 00200 00200 00200 00200 1.00 1.00 1.00 1.00 1.00 1.00 1.00 1.00
176 00200 00200 00200 00200 1.00 1.00 1.00 1.00 1.00 1.00 1.00 1.00
177 00200 00200 00200 00200 1.00 1.00 1.00 1.00 1.00 1.00 1.00 1.00
178 00200 00200 00200 00200 1.00 1.00 1.00 1.00 1.00 1.00 1.00 1.00
179 00200 00200 00200 00200 1.00 1.00 1.00 1.00 1.00 1.00 1.00 1.00
180 00200 00200 00200 00200 1.00 1.00 1.00 1.00 1.00 1.00 1.00 1.00
181 00200 00200 00200 00200 1.00 1.00 1.00 1.00 1.00 1.00 1.00 1.00
182 00200 00200 00200 00200 1.00 1.00 1.00 1.00 1.00 1.00 1.00 1.00
183 00200 00200 00200 00200 1.00 1.00 1.00 1.00 1.00 1.00 1.00 1.00
184 00200 00200 00200 00200 1.00 1.00 1.00 1.00 1.00 1.00 1.00 1.00
185 00200 00200 00200 00200 1.00 1.00 1.00 1.00 1.00 1.00 1.00 1.00
186 00200 00200 00200 00200 1.00 1.00 1.00 1.00 1.00 1.00 1.00 1.00
187 00200 00200 00200 00200 1.00 1.00 1.00 1.00 1.00 1.00 1.00 1.00
188 00200 00200 00200 00200 1.00 1.00 1.00 1.00 1.00 1.00 1.00 1.00
189 00200 00200 00200 00200 1.00 1.00 1.00 1.00 1.00 1.00 1.00 1.00
190 00200 00200 00200 00200 1.00 1.00 1.00 1.00 1.00 1.00 1.00 1.00
191 00200 00200 00200 00200 1.00 1.00 1.00 1.00 1.00 1.00 1.00 1.00
192 00200 00200 00200 00200 1.00 1.00 1.00 1.00 1.00 1.00 1.00 1.00
193 00200 00200 00200 00200 1.00 1.00 1.00 1.00 1.00 1.00 1.00 1.00
194 00200 00200 00200 00200 1.00 1.00 1.00 1.00 1.00 1.00 1.00 1.00
195 00200 00200 00200 00200 1.00 1.00 1.00 1.00 1.00 1.00 1.00 1.00
196 00200 00200 00200 00200 1.00 1.00 1.00 1.00 1.00 1.00 1.00 1.00
197 00200 00200 00200 00200 1.00 1.00 1.00 1.00 1.00 1.00 1.00 1.00
198 00200 00200 00200 00200 1.00 1.00 1.00 1.00 1.00 1.00 1.00 1.00
199 00200 00200 00200 00200 1.00 1.00 1.00 1.00 1.00 1.00 1.00 1.00
200 00200 00200 00200 00200 1.00 1.00 1.00 1.00 1.00 1.00 1.00 1.00
201 00200 00200 00200 00200 1.00 1.00 1.00 1.00 1.00 1.00 1.00 1.00
202 00200 00200 00200 00200 1.00 1.00 1.00 1.00 1.00 1.00 1.00 1.00
203 00200 00200 00200 00200 1.00 1.00 1.00 1.00 1.00 1.00 1.00 1.00
204 00200 00200 00200 00200 1.00 1.00 1.00 1.00 1.00 1.00 1.00 1.00
205 00200 00200 00200 00200 1.00 1.00 1.00 1.00 1.00 1.00 1.00 1.00
206 00200 00200 00200 00200 1.00 1.00 1.00 1.00 1.00 1.00 1.00 1.00
207 00200 00200 00200 00200 1.00 1.00 1.00 1.00 1.00 1.00 1.00 1.00
208 00200 00200 00200 00200 1.00 1.00 1.00 1.00 1.00 1.00 1.00 1.00
209 00200 00200 00200 00200 1.00 1.00 1.00 1.00 1.00 1.00 1.00 1.00
210 00200 00200 00200 00200 1.00 1.00 1.00 1.00 1.00 1.00 1.00 1.00
211 00200 00200 00200 00200 1.00 1.00 1.00 1.00 1.00 1.00 1.00 1.00
212 00200 00200 00200 00200 1.00 1.00 1.00 1.00 1.00 1.00 1.00 1.00
213 00200 00200 00200 00200 1.00 1.00 1.00 1.00 1.00 1.00 1.00 1.00
214 00200 00200 00200 00200 1.00 1.00 1.00 1.00 1.00 1.00 1.00 1.00
215 00200 00200 00200 00200 1.00 1.00 1.00 1.00 1.00 1.00 1.00 1.00
216 00200 00200 00200 00200 1.00 1.00 1.00 1.00 1.00 1.00 1.00 1.00
217 00200 00200 00200 00200 1.00 1.00 1.00 1.00 1.00 1.00 1.00 1.00
218 00200 00200 00200 00200 1.00 1.00 1.00 1.00 1.00 1.00 1.00 1.00
219 00200 00200 00200 00200 1.00 1.00 1.00 1.00 1.00 1.00 1.00 1.00
220 00200 00200 00200 00200 1.00 1.00 1.00 1.00 1.00 1.00 1.00 1.00
221 00200 00200 00200 00200 1.00 1.00 1.00 1.00 1.00 1.00 1.00 1.00
222 00200 00200 00200 00200 1.00 1.00 1.00 1.00 1.00 1.00 1.00 1.00
223 00200 00200 00200 00200 1.00 1.00 1.00 1.00 1.00 1.00 1.00 1.00
224 00200 00200 00200 00200 1.00 1.00 1.00 1.00 1.00 1.00 1.00 1.00
225 00200 00200 00200 00200 1.00 1.00 1.00 1.00 1.00 1.00 1.00 1.00
226 00200 00200 00200 00200 1.00 1.00 1.00 1.00 1.00 1.00 1.00 1.00
227 00200 00200 00200 00200 1.00 1.00 1.00 1.00 1.00 1.00 1.00 1.00
228 00200 00200 00200 00200 1.00 1.00 1.00 1.00 1.00 1.00 1.00 1.00
229 00200 00200 00200 00200 1.00 1.00 1.00 1.00 1.00 1.00 1.00 1.00
230 00200 00200 00200 00200 1.00 1.00 1.00 1.00 1.00 1.00 1.00 1.00
231 00200 00200 00200 00200 1.00 1.00 1.00 1.00 1.00 1.00 1.00 1.00
232 00200 00200 00200 00200 1.00 1.00 1.00 1.00 1.00 1.00 1.00 1.00
233 00200 00200 00200 00200 1.00 1.00 1.00 1.00 1.00 1.00 1.00 1.00
234 00200 00200 00200 00200 1.00 1.00 1.00 1.00 1.00 1.00 1.00 1.00
235 00200 00200 00200 00200 1.00 1.00 1.00 1.00 1.00 1.00 1.00 1.00
236 00200 00200 00200 00200 1.00 1.00 1.00 1.00 1.00 1.00 1.00 1.00
237 00200 00200 00200 00200 1.00 1.00 1.00 1.00 1.00 1.00 1.00 1.00
238 00200 00200 00200 00200 1.00 1.00 1.00 1.00 1.00 1.00 1.00 1.00
239 00200 00200 00200 00200 1.00 1.00 1.00 1.00 1.00 1.00 1.00 1.00
240 00200 00200 00200 00200 1.00 1.00 1.00 1.00 1.00 1.00 1.00 1.00
241 00200 00200 00200 00200 1.00 1.00 1.00 1.00 1.00 1.00 1.00 1.00
242 00200 00200 00200 00200 1.00 1.00 1.00 1.00 1.00 1.00 1.00 1.00
243 00200 00200 00200 00200 1.00 1.00 1.00 1.00 1.00 1.00 1.00 1.00
244 00200 00200 00200 00200 1.00 1.00 1.00 1.00 1.00 1.00 1.00 1.00
245 00200 00200 00200 00200 1.00 1.00 1.00 1.00 1.00 1.00 1.00 1.00
246 00200 00200 00200 00200 1.00 1.00 1.00 1.00 1.00 1.00 1.00 1.00
247 00200 00200 00200 00200 1.00 1.00 1.00 1.00 1.00 1.00 1.00 1.00
248 00200 00200 00200 00200 1.00 1.00 1.00 1.00 1.00 1.00 1.00 1.00
249 00200 00200 02200 00200 .68 .68 .68 .68 .75 .75 .75 .75
250 02200 00200 02200 02200 .72 .72 .72 .72 .79 .79 .79 .79
251 02200 00200 02200 02200 .72 .72 .72 .72 .79 .79 .79 .79
252 02200 00200 02200 02200 .72 .72 .72 .72 .79 .79 .79 .79
253 02200 00200 02200 02200 .72 .72 .72 .72 .79 .79 .79 .79
254 02200 00200 02200 02200 .72 .72 .72 .72 .79 .79 .79 .79
255 02200 00200 02200 02200 .72 .72 .72 .72 .79 .79 .79 .79
256 02200 00200 02200 02200 .72 .72 .72 .72 .79 .79 .79 .79
257 02200 00200 02200 02200 .72 .72 .72 .72 .79 .79 .79 .79
258 02200 00200 02200 02200 .72 .72 .72 .72 .79 .79 .79 .79
259 02200 00200 02200 02200 .72 .72 .72 .72 .79 .79 .79 .79
260 02200 00200 02200 02200 .72 .72 .72 .72 .79 .79 .79 .79
261 02200 00200 02200 02200 .72 .72 .72 .72 .79 .79 .79 .79
262 02200 00200 02200 02200 .72 .72 .72 .72 .79 .79 .79 .79
263 02200 00200 02200 02200 .72 .72 .72 .72 .79 .79 .79 .79
264 02200 00200 00200 00200 .68 .68 .68 .68 .75 .75 .75 .75
265 02200 00200 00200 00200 .68 .68 .68 .68 .75 .75 .75 .75
266 02200 00200 00200 00200 .68 .68 .68 .68 .75 .75 .75 .75
267 02200 00200 00200 00200 .68 .68 .68 .68 .75 .75 .75 .75
268 02200 00200 00200 00200 .68 .68 .68 .68 .75 .75 .75 .75
269 02200 00200 00200 00200 .68 .68 .68 .68 .75 .75 .75 .75
270 00200 00200 00200 00200 1.00 1.00 1.00 1.00 1.00 1.00 1.00 1.00
271 00200 00200 00200 00200 1.00 1.00 1.00 1.00 1.00 1.00 1.00 1.00
272 00200 00200 00200 00200 1.00 1.00 1.00 1.00 1.00 1.00 1.00 1.00
273 00200 00200 00200 00200 1.00 1.00 1.00 1.00 1.00 1.00 1.00 1.00
274 00200 00200 00200 00200 1.00 1.00 1.00 1.00 1.00 1.00 1.00 1.00
275 00200 00200 00200 00200 1.00 1.00 1.00 1.00 1.00 1.00 1.00 1.00
276 00200 00200 00200 00200 1.00 1.00 1.00 1.00 1.00 1.00 1.00 1.00
277 00200 00200 00200 00200 1.00 1.00 1.00 1.00 1.00 1.00 1.00 1.00
278 00200 00200 00200 00200 1.00 1.00 1.00 1.00 1.00 1.00 1.00 1.00
279 00200 00200 00200 00200 1.00 1.00 1.00 1.00 1.00 1.00 1.00 1.00
280 00200 00200 00200 00200 1.00 1.00 1.00 1.00 1.00 1.00 1.00 1.00
281 00200 00200 00200 00200 1.00 1.00 1.00 1.00 1.00 1.00 1.00 1.00
282 00200 00200 00200 00200 1.00 1.00 1.00 1.00 1.00 1.00 1.00 1.00
283 00200 00200 00200 00200 1.00 1.00 1.00 1.00 1.00 1.00 1.00 1.00
284 00200 00200 00200 00200 1.00 1.00 1.00 1.00 1.00 1.00 1.00 1.00
285 00200 00200 00200 00200 1.00 1.00 1.00 1.00 1.00 1.00 1.00 1.00
286 00200 00200 00200 00200 1.00 1.00 1.00 1.00 1.00 1.00 1.00 1.00
287 00200 00200 00200 00200 1.00 1.00 1.00 1.00 1.00 1.00 1.00 1.00
288 00200 00200 00200 00200 1.00 1.00 1.00 1.00 1.00 1.00 1.00 1.00
289 00200 00200 00200 00200 1.00 1.00 1.00 1.00 1.00 1.00 1.00 1.00
290 00200 00200 00200 00200 1.00 1.00 1.00 1.00 1.00 1.00 1.00 1.00
291 00200 00200 00200 00200 1.00 1.00 1.00 1.00 1.00 1.00 1.00 1.00
292 00200 00200 00200 00200 1.00 1.00 1.00 1.00 1.00 1.00 1.00 1.00
293 00200 00200 00200 00200 1.00 1.00 1.00 1.00 1.00 1.00 1.00 1.00
294 00200 00200 00200 00200 1.00 1.00 1.00 1.00 1.00 1.00 1.00 1.00
295 00200 00200 00200 00200 1.00 1.00 1.00 1.00 1.00 1.00 1.00 1.00
296 00200 00200 00200 00200 1.00 1.00 1.00 1.00 1.00 1.00 1.00 1.00
297 00200 00200 00200 00200 1.00 1.00 1.00 1.00 1.00 1.00 1.00 1.00
298 00200 00200 00200 00200 1.00 1.00 1.00 1.00 1.00 1.00 1.00 1.00
299 00200 00200 00200 00200 1.00 1.00 1.00 1.00 1.00 1.00 1.00 1.00
300 00200 00200 00200 00200 1.00 1.00 1.00 1.00 1.00 1.00 1.00 1.00
301 00200 00200 00200 00200 1.00 1.00 1.00 1.00 1.00 1.00 1.00 1.00
302 00200 00200 00200 00200 1.00 1.00 1.00 1.00 1.00 1.00 1.00 1.00
303 00200 00200 00200 00200 1.00 1.00 1.00 1.00 1.00 1.00 1.00 1.00
304 00200 00200 00200 00200 1.00 1.00 1.00 1.00 1.00 1.00 1.00 1.00
305 00200 00200 00200 00200 1.00 1.00 1.00 1.00 1.00 1.00 1.00 1.00
306 00200 00200 00200 00200 1.00 1.00 1.00 1.00 1.00 1.00 1.00 1.00
307 00200 00200 00200 00200 1.00 1.00 1.00 1.00 1.00 1.00 1.00 1.00
308 00200 00200 00200 00200 1.00 1.00 1.00 1.00 1.00 1.00 1.00 1.00
309 00200 00200 00020 00200 .22 .22 .22 .22 .41 .41 .41 .41
310 00201 00201 00020 00201 .25 .14 .14 .17 .45 .34 .34 .38
311 00201 00201 00020 00201 .25 .14 .14 .17 .45 .34 .34 .38
312 00201 00201 00020 00201 .25 .14 .14 .17 .45 .34 .34 .38
313 00201 00201 00020 00201 .25 .14 .14 .17 .45 .34 .34 .38
314 00201 00201 00020 00201 .25 .14 .14 .17 .45 .34 .34 .38
315 00201 00201 00020 00201 .25 .14 .14 .17 .45 .34 .34 .38
316 00201 00201 00020 00201 .25 .14 .14 .17 .45 .34 .34 .38
317 00201 00201 00020 00201 .25 .14 .14 .17 .45 .34 .34 .38
318 00201 00201 00020 00201 .25 .14 .14 .17 .45 .34 .34 .38
319 00201 00201 00020 00201 .25 .14 .14 .17 .45 .34 .34 .38
320 00201 00201 00020 00201 .25 .14 .14 .17 .45 .34 .34 .38
321 00201 00201 00020 00201 .25 .14 .14 .17 .45 .34 .34 .38
322 00201 00201 00020 00201 .25 .14 .14 .17 .45 .34 .34 .38
323 00201 00201 00020 00201 .25 .14 .14 .17 .45 .34 .34 .38
324 00201 00201 00020 00201 .25 .14 .14 .17 .45 .34 .34 .38
325 00201 00201 00020 00201 .25 .14 .14 .17 .45 .34 .34 .38
326 00201 00201 00020 00201 .25 .14 .14 .17 .45 .34 .34 .38
327 00201 00201 00020 00201 .25 .14 .14 .17 .45 .34 .34 .38
328 00201 00201 00020 00201 .25 .14 .14 .17 .45 .34 .34 .38
329 00201 00201 00020 00201 .25 .14 .14 .17 .45 .34 .34 .38
330 00201 00201 00020 00201 .25 .14 .14 .17 .45 .34 .34 .38
331 00201 00201 00020 00201 .25 .14 .14 .17 .45 .34 .34 .38
332 00201 00201 00020 00201 .25 .14 .14 .17 .45 .34 .34 .38
333 00201 00201 00020 00201 .25 .14 .14 .17 .45 .34 .34 .38
334 00201 00201 00020 00201 .25 .14 .14 .17 .45 .34 .34 .38
335 00201 00201 00020 00201 .25 .14 .14 .17 .45 .34 .34 .38
336 00201 00201 00020 00201 .25 .14 .14 .17 .45 .34 .34 .38
337 00201 00201 00020 00201 .25 .14 .14 .17 .45 .34 .34 .38
338 00201 00201 00020 00201 .25 .14 .14 .17 .45 .34 .34 .38
339 00201 00201 00000 00201 .42 .37 .39 .37 .59 .55 .57 .55
340 00001 00001 00000 00001 .46 .46 .46 .46 .63 .63 .63 .63
341 00001 00001 00000 00001 .46 .46 .46 .46 .63 .63 .63 .63
342 00001 00001 00000 00001 .46 .46 .46 .46 .63 .63 .63 .63
343 00001 00001 00000 00001 .46 .46 .46 .46 .63 .63 .63 .63
344 00001 00001 00000 00001 .46 .46 .46 .46 .63 .63 .63 .63
345 00001 00001 00000 00001 .46 .46 .46 .46 .63 .63 .63 .63
