0 00200 00200 00000 00200 .46 .46 .46 .46 .63 .63 .63 .63
1 00200 00200 00200 00200 1.00 1.00 1.00 1.00 1.00 1.00 1.00 1.00
2 00200 00200 00200 00200 1.00 1.00 1.00 1.00 1.00 1.00 1.00 1.00
3 00200 00200 00200 00200 1.00 1.00 1.00 1.00 1.00 1.00 1.00 1.00
4 00200 00200 00200 00200 1.00 1.00 1.00 1.00 1.00 1.00 1.00 1.00
5 00200 00200 00200 00200 1.00 1.00 1.00 1.00 1.00 1.00 1.00 1.00
6 00200 00200 00200 00200 1.00 1.00 1.00 1.00 1.00 1.00 1.00 1.00
7 00200 00200 00200 00200 1.00 1.00 1.00 1.00 1.00 1.00 1.00 1.00
8 00200 00200 00200 00200 1.00 1.00 1.00 1.00 1.00 1.00 1.00 1.00
9 00200 00200 00200 00200 1.00 1.00 1.00 1.00 1.00 1.00 1.00 1.00
10 00200 00200 00200 00200 1.00 1.00 1.00 1.00 1.00 1.00 1.00 1.00
11 00200 00200 00200 00200 1.00 1.00 1.00 1.00 1.00 1.00 1.00 1.00
12 00200 00200 00200 00200 1.00 1.00 1.00 1.00 1.00 1.00 1.00 1.00
13 00200 00200 00200 00200 1.00 1.00 1.00 1.00 1.00 1.00 1.00 1.00
14 00200 00200 00200 00200 1.00 1.00 1.00 1.00 1.00 1.00 1.00 1.00
15 00200 00200 00200 00200 1.00 1.00 1.00 1.00 1.00 1.00 1.00 1.00
16 00200 00200 00200 00200 1.00 1.00 1.00 1.00 1.00 1.00 1.00 1.00
17 00200 00200 00200 00200 1.00 1.00 1.00 1.00 1.00 1.00 1.00 1.00
18 00200 00200 00200 00200 1.00 1.00 1.00 1.00 1.00 1.00 1.00 1.00
19 00200 00200 00200 00200 1.00 1.00 1.00 1.00 1.00 1.00 1.00 1.00
20 00200 00200 00200 00200 1.00 1.00 1.00 1.00 1.00 1.00 1.00 1.00
21 00200 00200 00200 00200 1.00 1.00 1.00 1.00 1.00 1.00 1.00 1.00
22 00200 00200 00200 00200 1.00 1.00 1.00 1.00 1.00 1.00 1.00 1.00
23 00200 00200 00200 00200 1.00 1.00 1.00 1.00 1.00 1.00 1.00 1.00
24 00200 00200 00200 00200 1.00 1.00 1.00 1.00 1.00 1.00 1.00 1.00
25 00200 00200 00200 00200 1.00 1.00 1.00 1.00 1.00 1.00 1.00 1.00
26 00200 00200 00200 00200 1.00 1.00 1.00 1.00 1.00 1.00 1.00 1.00
27 00200 00200 00200 00200 1.00 1.00 1.00 1.00 1.00 1.00 1.00 1.00
28 00200 00200 00200 00200 1.00 1.00 1.00 1.00 1.00 1.00 1.00 1.00
29 00200 00200 00200 00200 1.00 1.00 1.00 1.00 1.00 1.00 1.00 1.00
30 00200 00200 00200 00200 1.00 1.00 1.00 1.00 1.00 1.00 1.00 1.00
31 00200 00200 00200 00200 1.00 1.00 1.00 1.00 1.00 1.00 1.00 1.00
32 00200 00200 00200 00200 1.00 1.00 1.00 1.00 1.00 1.00 1.00 1.00
33 00200 00200 00200 00200 1.00 1.00 1.00 1.00 1.00 1.00 1.00 1.00
34 00200 00200 00200 00200 1.00 1.00 1.00 1.00 1.00 1.00 1.00 1.00
35 00200 00200 00200 00200 1.00 1.00 1.00 1.00 1.00 1.00 1.00 1.00
36 00200 00200 00200 00200 1.00 1.00 1.00 1.00 1.00 1.00 1.00 1.00
37 00200 00200 00200 00200 1.00 1.00 1.00 1.00 1.00 1.00 1.00 1.00
38 00200 00200 00200 00200 1.00 1.00 1.00 1.00 1.00 1.00 1.00 1.00
39 00200 00200 00200 00200 1.00 1.00 1.00 1.00 1.00 1.00 1.00 1.00
40 00200 00200 00200 00200 1.00 1.00 1.00 1.00 1.00 1.00 1.00 1.00
41 00200 00200 00200 00200 1.00 1.00 1.00 1.00 1.00 1.00 1.00 1.00
42 00200 00200 00200 00200 1.00 1.00 1.00 1.00 1.00 1.00 1.00 1.00
43 00200 00200 00200 00200 1.00 1.00 1.00 1.00 1.00 1.00 1.00 1.00
44 00200 00200 00200 00200 1.00 1.00 1.00 1.00 1.00 1.00 1.00 1.00
45 00200 00200 00200 00200 1.00 1.00 1.00 1.00 1.00 1.00 1.00 1.00
46 00200 00200 00000 00200 .46 .46 .46 .46 .63 .63 .63 .63
47 00200 00200 00000 00200 .46 .46 .46 .46 .63 .63 .63 .63
48 00200 00200 00000 00200 .46 .46 .46 .46 .63 .63 .63 .63
49 00200 00200 00000 00200 .46 .46 .46 .46 .63 .63 .63 .63
50 00200 00200 00000 00200 .46 .46 .46 .46 .63 .63 .63 .63
51 00200 00200 00000 00200 .46 .46 .46 .46 .63 .63 .63 .63
52 00200 00200 00000 00200 .46 .46 .46 .46 .63 .63 .63 .63
53 00200 00200 00000 00200 .46 .46 .46 .46 .63 .63 .63 .63
54 00200 00200 00000 00200 .46 .46 .46 .46 .63 .63 .63 .63
55 00200 00200 00000 00200 .46 .46 .46 .46 .63 .63 .63 .63
56 00200 00200 00000 00200 .46 .46 .46 .46 .63 .63 .63 .63
57 00200 00200 00000 00200 .46 .46 .46 .46 .63 .63 .63 .63
58 00200 00200 00000 00200 .46 .46 .46 .46 .63 .63 .63 .63
59 00200 00200 00000 00200 .46 .46 .46 .46 .63 .63 .63 .63
60 00200 00200 00000 00200 .46 .46 .46 .46 .63 .63 .63 .63
61 00200 00200 02000 00200 .22 .22 .22 .22 .41 .41 .41 .41
62 00200 00200 02000 00200 .22 .22 .22 .22 .41 .41 .41 .41
63 00200 00200 02000 00200 .22 .22 .22 .22 .41 .41 .41 .41
64 00200 00200 02000 00200 .22 .22 .22 .22 .41 .41 .41 .41
65 00200 00200 02000 00200 .22 .22 .22 .22 .41 .41 .41 .41
66 00200 00200 02000 00200 .22 .22 .22 .22 .41 .41 .41 .41
67 00200 00200 02000 00200 .22 .22 .22 .22 .41 .41 .41 .41
68 00200 00200 02000 00200 .22 .22 .22 .22 .41 .41 .41 .41
69 00200 00200 02000 00200 .22 .22 .22 .22 .41 .41 .41 .41
70 00200 00200 02000 00200 .22 .22 .22 .22 .41 .41 .41 .41
71 00200 00200 02000 00200 .22 .22 .22 .22 .41 .41 .41 .41
72 00200 00200 02000 00200 .22 .22 .22 .22 .41 .41 .41 .41
73 00200 00200 02000 00200 .22 .22 .22 .22 .41 .41 .41 .41
74 00200 00200 02000 00200 .22 .22 .22 .22 .41 .41 .41 .41
75 00200 00200 02000 00200 .22 .22 .22 .22 .41 .41 .41 .41
76 00200 00200 02200 00200 .68 .68 .68 .68 .75 .75 .75 .75
77 00200 00200 02200 00200 .68 .68 .68 .68 .75 .75 .75 .75
78 00200 00200 02200 00200 .68 .68 .68 .68 .75 .75 .75 .75
79 00200 00200 02200 00200 .68 .68 .68 .68 .75 .75 .75 .75
80 00200 00200 02200 00200 .68 .68 .68 .68 .75 .75 .75 .75
81 00200 00200 02200 00200 .68 .68 .68 .68 .75 .75 .75 .75
82 00200 00200 02200 00200 .68 .68 .68 .68 .75 .75 .75 .75
83 00200 00200 02200 00200 .68 .68 .68 .68 .75 .75 .75 .75
84 00200 00200 02200 00200 .68 .68 .68 .68 .75 .75 .75 .75
85 00200 00200 02200 00200 .68 .68 .68 .68 .75 .75 .75 .75
86 00200 00200 02200 00200 .68 .68 .68 .68 .75 .75 .75 .75
87 00200 00200 02200 00200 .68 .68 .68 .68 .75 .75 .75 .75
88 00200 00200 02200 00200 .68 .68 .68 .68 .75 .75 .75 .75
89 00200 00200 02200 00200 .68 .68 .68 .68 .75 .75 .75 .75
90 00200 00200 02200 00200 .68 .68 .68 .68 .75 .75 .75 .75
91 00200 00200 02200 00200 .68 .68 .68 .68 .75 .75 .75 .75
92 00200 00200 02200 00200 .68 .68 .68 .68 .75 .75 .75 .75
93 00200 00200 02200 00200 .68 .68 .68 .68 .75 .75 .75 .75
94 00200 00200 02200 00200 .68 .68 .68 .68 .75 .75 .75 .75
95 00200 00200 02200 00200 .68 .68 .68 .68 .75 .75 .75 .75
96 00200 00200 02200 00200 .68 .68 .68 .68 .75 .75 .75 .75
97 00200 00200 02200 00200 .68 .68 .68 .68 .75 .75 .75 .75
98 00200 00200 02200 00200 .68 .68 .68 .68 .75 .75 .75 .75
99 00200 00200 02200 00200 .68 .68 .68 .68 .75 .75 .75 .75
100 00200 00200 02200 00200 .68 .68 .68 .68 .75 .75 .75 .75
101 00200 00200 02200 00200 .68 .68 .68 .68 .75 .75 .75 .75
102 00200 00200 02200 00200 .68 .68 .68 .68 .75 .75 .75 .75
103 00200 00200 02200 00200 .68 .68 .68 .68 .75 .75 .75 .75
104 00200 00200 02200 00200 .68 .68 .68 .68 .75 .75 .75 .75
105 00200 00200 02200 00200 .68 .68 .68 .68 .75 .75 .75 .75
106 00200 00200 02200 00200 .68 .68 .68 .68 .75 .75 .75 .75
107 00200 00200 02200 00200 .68 .68 .68 .68 .75 .75 .75 .75
108 00200 00200 02200 00200 .68 .68 .68 .68 .75 .75 .75 .75
109 00200 00200 02200 00200 .68 .68 .68 .68 .75 .75 .75 .75
110 00200 00200 02200 00200 .68 .68 .68 .68 .75 .75 .75 .75
111 00200 00200 02200 00200 .68 .68 .68 .68 .75 .75 .75 .75
112 00200 00200 02200 00200 .68 .68 .68 .68 .75 .75 .75 .75
113 00200 00200 02200 00200 .68 .68 .68 .68 .75 .75 .75 .75
114 00200 00200 02200 00200 .68 .68 .68 .68 .75 .75 .75 .75
115 00200 00200 02200 00200 .68 .68 .68 .68 .75 .75 .75 .75
116 00200 00200 02200 00200 .68 .68 .68 .68 .75 .75 .75 .75
117 00200 00200 02200 00200 .68 .68 .68 .68 .75 .75 .75 .75
118 00200 00200 02200 00200 .68 .68 .68 .68 .75 .75 .75 .75
119 00200 00200 02200 00200 .68 .68 .68 .68 .75 .75 .75 .75
120 00200 00200 02200 00200 .68 .68 .68 .68 .75 .75 .75 .75
121 00200 00200 02200 00200 .68 .68 .68 .68 .75 .75 .75 .75
122 00200 00200 02200 00200 .68 .68 .68 .68 .75 .75 .75 .75
123 00200 00200 02200 00200 .68 .68 .68 .68 .75 .75 .75 .75
124 00200 00200 02200 00200 .68 .68 .68 .68 .75 .75 .75 .75
125 00200 00200 02200 00200 .68 .68 .68 .68 .75 .75 .75 .75
126 00200 00200 02200 00200 .68 .68 .68 .68 .75 .75 .75 .75
127 00200 00200 02200 00200 .68 .68 .68 .68 .75 .75 .75 .75
128 00200 00200 02200 00200 .68 .68 .68 .68 .75 .75 .75 .75
129 00200 00200 02000 00200 .22 .22 .22 .22 .41 .41 .41 .41
130 00200 00200 02000 00200 .22 .22 .22 .22 .41 .41 .41 .41
131 00200 00200 02000 00200 .22 .22 .22 .22 .41 .41 .41 .41
132 00200 00200 02000 00200 .22 .22 .22 .22 .41 .41 .41 .41
133 00200 00200 02000 00200 .22 .22 .22 .22 .41 .41 .41 .41
134 00200 00200 02000 00200 .22 .22 .22 .22 .41 .41 .41 .41
135 00200 00200 02000 00200 .22 .22 .22 .22 .41 .41 .41 .41
136 00200 00200 02000 00200 .22 .22 .22 .22 .41 .41 .41 .41
137 00200 00200 02000 00200 .22 .22 .22 .22 .41 .41 .41 .41
138 00200 00200 02000 00200 .22 .22 .22 .22 .41 .41 .41 .41
139 00200 00200 02000 00200 .22 .22 .22 .22 .41 .41 .41 .41
140 20200 20200 02000 20200 .16 .16 .16 .16 .37 .37 .37 .37
141 20200 20200 02000 20200 .16 .16 .16 .16 .37 .37 .37 .37
142 20200 20200 02000 20200 .16 .16 .16 .16 .37 .37 .37 .37
143 20200 20200 02000 20200 .16 .16 .16 .16 .37 .37 .37 .37
144 20200 20200 02000 20200 .16 .16 .16 .16 .37 .37 .37 .37
145 20200 20200 02000 20200 .16 .16 .16 .16 .37 .37 .37 .37
146 20200 20200 02000 20200 .16 .16 .16 .16 .37 .37 .37 .37
147 20200 20200 00000 20200 .36 .36 .36 .36 .55 .55 .55 .55
148 20200 20200 00000 20200 .36 .36 .36 .36 .55 .55 .55 .55
149 20200 20200 00000 20200 .36 .36 .36 .36 .55 .55 .55 .55
150 20000 20000 00000 20000 .46 .46 .46 .46 .63 .63 .63 .63
151 20000 20000 00000 20000 .46 .46 .46 .46 .63 .63 .63 .63
152 20000 20000 00000 20000 .46 .46 .46 .46 .63 .63 .63 .63
153 20000 20000 00000 20000 .46 .46 .46 .46 .63 .63 .63 .63
154 20000 20000 00000 20000 .46 .46 .46 .46 .63 .63 .63 .63
155 20000 20000 00000 20000 .46 .46 .46 .46 .63 .63 .63 .63
156 20000 20000 00000 20000 .46 .46 .46 .46 .63 .63 .63 .63
157 20000 20000 00000 20000 .46 .46 .46 .46 .63 .63 .63 .63
158 20000 20000 00000 20000 .46 .46 .46 .46 .63 .63 .63 .63
159 20000 20000 00000 20000 .46 .46 .46 .46 .63 .63 .63 .63
160 20000 20000 00000 20000 .46 .46 .46 .46 .63 .63 .63 .63
161 20000 20000 00000 20000 .46 .46 .46 .46 .63 .63 .63 .63
162 20000 20000 00000 20000 .46 .46 .46 .46 .63 .63 .63 .63
163 20000 20000 00000 20000 .46 .46 .46 .46 .63 .63 .63 .63
164 20000 20000 00000 20000 .46 .46 .46 .46 .63 .63 .63 .63
165 20000 20000 00000 20000 .46 .46 .46 .46 .63 .63 .63 .63
166 20000 20000 00000 20000 .46 .46 .46 .46 .63 .63 .63 .63
167 20000 20000 00000 20000 .46 .46 .46 .46 .63 .63 .63 .63
168 20000 20000 00000 20000 .46 .46 .46 .46 .63 .63 .63 .63
169 20000 20000 00000 20000 .46 .46 .46 .46 .63 .63 .63 .63
170 20000 20000 00000 20000 .46 .46 .46 .46 .63 .63 .63 .63
171 20000 20000 00000 20000 .46 .46 .46 .46 .63 .63 .63 .63
172 20000 20000 00000 20000 .46 .46 .46 .46 .63 .63 .63 .63
173 20000 20000 00000 20000 .46 .46 .46 .46 .63 .63 .63 .63
174 20000 20000 00000 20000 .46 .46 .46 .46 .63 .63 .63 .63
175 20000 20000 00000 20000 .46 .46 .46 .46 .63 .63 .63 .63
176 20000 20000 00000 20000 .46 .46 .46 .46 .63 .63 .63 .63
177 20000 20000 20000 20000 1.00 1.00 1.00 1.00 1.00 1.00 1.00 1.00
178 20000 20000 20000 20000 1.00 1.00 1.00 1.00 1.00 1.00 1.00 1.00
179 20000 20000 20000 20000 1.00 1.00 1.00 1.00 1.00 1.00 1.00 1.00
180 20000 20000 20000 20000 1.00 1.00 1.00 1.00 1.00 1.00 1.00 1.00
181 20000 20000 20000 20000 1.00 1.00 1.00 1.00 1.00 1.00 1.00 1.00
182 20000 20000 20000 20000 1.00 1.00 1.00 1.00 1.00 1.00 1.00 1.00
183 20000 20000 20000 20000 1.00 1.00 1.00 1.00 1.00 1.00 1.00 1.00
184 20000 20000 20000 20000 1.00 1.00 1.00 1.00 1.00 1.00 1.00 1.00
185 20000 20000 20000 20000 1.00 1.00 1.00 1.00 1.00 1.00 1.00 1.00
186 20000 20000 20000 20000 1.00 1.00 1.00 1.00 1.00 1.00 1.00 1.00
187 20000 20000 20000 20000 1.00 1.00 1.00 1.00 1.00 1.00 1.00 1.00
188 20000 20000 20000 20000 1.00 1.00 1.00 1.00 1.00 1.00 1.00 1.00
189 20000 20000 20000 20000 1.00 1.00 1.00 1.00 1.00 1.00 1.00 1.00
190 20000 20000 20000 20000 1.00 1.00 1.00 1.00 1.00 1.00 1.00 1.00
191 20000 20000 20000 20000 1.00 1.00 1.00 1.00 1.00 1.00 1.00 1.00
192 20000 20000 20000 20000 1.00 1.00 1.00 1.00 1.00 1.00 1.00 1.00
193 20000 20000 20000 20000 1.00 1.00 1.00 1.00 1.00 1.00 1.00 1.00
194 20000 20000 20000 20000 1.00 1.00 1.00 1.00 1.00 1.00 1.00 1.00
195 20000 20000 20000 20000 1.00 1.00 1.00 1.00 1.00 1.00 1.00 1.00
196 20000 20000 20000 20000 1.00 1.00 1.00 1.00 1.00 1.00 1.00 1.00
197 20000 20000 20000 20000 1.00 1.00 1.00 1.00 1.00 1.00 1.00 1.00
198 20000 20000 20000 20000 1.00 1.00 1.00 1.00 1.00 1.00 1.00 1.00
199 20000 20000 20000 20000 1.00 1.00 1.00 1.00 1.00 1.00 1.00 1.00
200 20000 20000 20000 20000 1.00 1.00 1.00 1.00 1.00 1.00 1.00 1.00
201 20000 20000 20000 20000 1.00 1.00 1.00 1.00 1.00 1.00 1.00 1.00
202 20000 20000 20000 20000 1.00 1.00 1.00 1.00 1.00 1.00 1.00 1.00
203 20000 20000 20000 20000 1.00 1.00 1.00 1.00 1.00 1.00 1.00 1.00
204 20000 20000 20000 20000 1.00 1.00 1.00 1.00 1.00 1.00 1.00 1.00
205 20000 20000 20000 20000 1.00 1.00 1.00 1.00 1.00 1.00 1.00 1.00
206 20000 20000 20000 20000 1.00 1.00 1.00 1.00 1.00 1.00 1.00 1.00
207 20000 20000 20000 20000 1.00 1.00 1.00 1.00 1.00 1.00 1.00 1.00
208 20000 20000 20000 20000 1.00 1.00 1.00 1.00 1.00 1.00 1.00 1.00
209 20000 20000 20000 20000 1.00 1.00 1.00 1.00 1.00 1.00 1.00 1.00
210 20000 20000 20000 20000 1.00 1.00 1.00 1.00 1.00 1.00 1.00 1.00
211 20000 20000 20000 20000 1.00 1.00 1.00 1.00 1.00 1.00 1.00 1.00
212 20000 20000 20000 20000 1.00 1.00 1.00 1.00 1.00 1.00 1.00 1.00
213 20000 20000 20000 20000 1.00 1.00 1.00 1.00 1.00 1.00 1.00 1.00
214 20000 20000 20000 20000 1.00 1.00 1.00 1.00 1.00 1.00 1.00 1.00
215 20000 20000 20000 20000 1.00 1.00 1.00 1.00 1.00 1.00 1.00 1.00
216 20000 20000 20000 20000 1.00 1.00 1.00 1.00 1.00 1.00 1.00 1.00
217 20000 20000 20000 20000 1.00 1.00 1.00 1.00 1.00 1.00 1.00 1.00
218 20000 20000 20000 20000 1.00 1.00 1.00 1.00 1.00 1.00 1.00 1.00
219 20000 20000 20000 20000 1.00 1.00 1.00 1.00 1.00 1.00 1.00 1.00
220 20000 20000 20000 20000 1.00 1.00 1.00 1.00 1.00 1.00 1.00 1.00
221 20000 20000 20000 20000 1.00 1.00 1.00 1.00 1.00 1.00 1.00 1.00
222 20000 20000 20020 20000 .68 .68 .68 .68 .75 .75 .75 .75
223 20000 20000 20020 20000 .68 .68 .68 .68 .75 .75 .75 .75
224 20000 20000 20020 20000 .68 .68 .68 .68 .75 .75 .75 .75
225 20000 20000 20020 20000 .68 .68 .68 .68 .75 .75 .75 .75
226 20000 20000 20020 20000 .68 .68 .68 .68 .75 .75 .75 .75
227 20000 20000 20020 20000 .68 .68 .68 .68 .75 .75 .75 .75
228 20000 20000 20020 20000 .68 .68 .68 .68 .75 .75 .75 .75
229 20000 20000 20020 20000 .68 .68 .68 .68 .75 .75 .75 .75
230 20020 20000 20020 20020 .72 .72 .72 .72 .79 .79 .79 .79
231 20020 20000 20020 20020 .72 .72 .72 .72 .79 .79 .79 .79
232 20020 20000 20020 20020 .72 .72 .72 .72 .79 .79 .79 .79
233 20020 20000 20020 20020 .72 .72 .72 .72 .79 .79 .79 .79
234 20020 20000 20020 20020 .72 .72 .72 .72 .79 .79 .79 .79
235 20020 20000 20020 20020 .72 .72 .72 .72 .79 .79 .79 .79
236 20020 20000 20020 20020 .72 .72 .72 .72 .79 .79 .79 .79
237 20020 20000 20020 20020 .72 .72 .72 .72 .79 .79 .79 .79
238 20020 20000 20020 20020 .72 .72 .72 .72 .79 .79 .79 .79
239 20020 20000 20020 20020 .72 .72 .72 .72 .79 .79 .79 .79
240 20020 20000 20020 20020 .72 .72 .72 .72 .79 .79 .79 .79
241 20020 20000 20020 20020 .72 .72 .72 .72 .79 .79 .79 .79
242 20020 20000 20020 20020 .72 .72 .72 .72 .79 .79 .79 .79
243 20020 20000 20020 20020 .72 .72 .72 .72 .79 .79 .79 .79
244 20020 20000 20020 20020 .72 .72 .72 .72 .79 .79 .79 .79
245 20020 20000 20020 20020 .72 .72 .72 .72 .79 .79 .79 .79
246 20020 20000 20020 20020 .72 .72 .72 .72 .79 .79 .79 .79
247 20020 20000 20020 20020 .72 .72 .72 .72 .79 .79 .79 .79
248 20020 20000 20020 20020 .72 .72 .72 .72 .79 .79 .79 .79
249 20020 20000 20020 20020 .72 .72 .72 .72 .79 .79 .79 .79
250 20020 20000 20020 20020 .72 .72 .72 .72 .79 .79 .79 .79
251 20020 20000 20020 20020 .72 .72 .72 .72 .79 .79 .79 .79
252 20020 20000 20020 20020 .72 .72 .72 .72 .79 .79 .79 .79
253 20020 20000 20020 20020 .72 .72 .72 .72 .79 .79 .79 .79
254 20020 20000 20020 20020 .72 .72 .72 .72 .79 .79 .79 .79
255 20020 20000 20020 20020 .72 .72 .72 .72 .79 .79 .79 .79
256 20020 20000 20020 20020 .72 .72 .72 .72 .79 .79 .79 .79
257 20020 20000 20020 20020 .72 .72 .72 .72 .79 .79 .79 .79
258 20020 20000 20020 20020 .72 .72 .72 .72 .79 .79 .79 .79
259 20020 20000 20020 20020 .72 .72 .72 .72 .79 .79 .79 .79
260 20020 20000 20020 20020 .72 .72 .72 .72 .79 .79 .79 .79
261 20020 20000 20020 20020 .72 .72 .72 .72 .79 .79 .79 .79
262 20020 20000 20020 20020 .72 .72 .72 .72 .79 .79 .79 .79
263 20020 20000 20020 20020 .72 .72 .72 .72 .79 .79 .79 .79
264 20020 20000 20020 20020 .72 .72 .72 .72 .79 .79 .79 .79
265 20020 20000 20020 20020 .72 .72 .72 .72 .79 .79 .79 .79
266 20020 20000 20020 20020 .72 .72 .72 .72 .79 .79 .79 .79
267 20020 20000 20020 20020 .72 .72 .72 .72 .79 .79 .79 .79
268 20020 20000 20020 20020 .72 .72 .72 .72 .79 .79 .79 .79
269 20020 20000 20020 20020 .72 .72 .72 .72 .79 .79 .79 .79
270 20020 20000 20020 20020 .72 .72 .72 .72 .79 .79 .79 .79
271 20020 20000 20020 20020 .72 .72 .72 .72 .79 .79 .79 .79
272 20020 20000 20020 20020 .72 .72 .72 .72 .79 .79 .79 .79
273 20020 20000 20020 20020 .72 .72 .72 .72 .79 .79 .79 .79
274 20020 20000 20020 20020 .72 .72 .72 .72 .79 .79 .79 .79
275 20020 20000 20020 20020 .72 .72 .72 .72 .79 .79 .79 .79
276 20020 20000 20020 20020 .72 .72 .72 .72 .79 .79 .79 .79
277 20020 20000 20020 20020 .72 .72 .72 .72 .79 .79 .79 .79
278 20020 20000 20020 20020 .72 .72 .72 .72 .79 .79 .79 .79
279 20020 20000 20020 20020 .72 .72 .72 .72 .79 .79 .79 .79
280 20020 20000 20020 20020 .72 .72 .72 .72 .79 .79 .79 .79
281 20020 20000 20020 20020 .72 .72 .72 .72 .79 .79 .79 .79
282 20020 20000 20020 20020 .72 .72 .72 .72 .79 .79 .79 .79
283 20020 20000 20020 20020 .72 .72 .72 .72 .79 .79 .79 .79
284 20020 20000 20020 20020 .72 .72 .72 .72 .79 .79 .79 .79
285 20020 20000 20020 20020 .72 .72 .72 .72 .79 .79 .79 .79
286 20020 20000 20020 20020 .72 .72 .72 .72 .79 .79 .79 .79
287 20020 20000 20020 20020 .72 .72 .72 .72 .79 .79 .79 .79
288 20020 20000 20020 20020 .72 .72 .72 .72 .79 .79 .79 .79
289 20020 20000 20020 20020 .72 .72 .72 .72 .79 .79 .79 .79
290 20020 20000 20020 20020 .72 .72 .72 .72 .79 .79 .79 .79
291 20020 20000 20020 20020 .72 .72 .72 .72 .79 .79 .79 .79
292 20020 20000 20020 20020 .72 .72 .72 .72 .79 .79 .79 .79
293 20020 20000 20020 20020 .72 .72 .72 .72 .79 .79 .79 .79
294 20020 20000 20020 20020 .72 .72 .72 .72 .79 .79 .79 .79
295 20020 20000 20020 20020 .72 .72 .72 .72 .79 .79 .79 .79
296 20020 20000 20020 20020 .72 .72 .72 .72 .79 .79 .79 .79
297 20020 20000 20020 20020 .72 .72 .72 .72 .79 .79 .79 .79
298 20020 20000 20020 20020 .72 .72 .72 .72 .79 .79 .79 .79
299 20020 20000 20020 20020 .72 .72 .72 .72 .79 .79 .79 .79
300 20020 20000 20020 20020 .72 .72 .72 .72 .79 .79 .79 .79
301 20020 20000 20020 20020 .72 .72 .72 .72 .79 .79 .79 .79
302 20020 20000 20020 20020 .72 .72 .72 .72 .79 .79 .79 .79
303 20020 20000 20020 20020 .72 .72 .72 .72 .79 .79 .79 .79
304 20020 20000 20020 20020 .72 .72 .72 .72 .79 .79 .79 .79
305 20020 20000 20020 20020 .72 .72 .72 .72 .79 .79 .79 .79
306 20020 20000 20020 20020 .72 .72 .72 .72 .79 .79 .79 .79
307 20020 20000 20020 20020 .72 .72 .72 .72 .79 .79 .79 .79
308 20020 20000 20020 20020 .72 .72 .72 .72 .79 .79 .79 .79
309 20020 20000 20020 20020 .72 .72 .72 .72 .79 .79 .79 .79
310 20020 20200 20020 20020 .48 .48 .48 .48 .60 .60 .60 .60
311 20020 20200 20020 20020 .48 .48 .48 .48 .60 .60 .60 .60
312 20020 20200 02200 20200 -0.04 -0.04 -0.04 -0.04 .21 .21 .21 .21
313 20020 20200 02200 20200 -0.04 -0.04 -0.04 -0.04 .21 .21 .21 .21
314 20020 20200 02200 20200 -0.04 -0.04 -0.04 -0.04 .21 .21 .21 .21
315 20020 20200 02200 20200 -0.04 -0.04 -0.04 -0.04 .21 .21 .21 .21
316 20020 20200 02200 20200 -0.04 -0.04 -0.04 -0.04 .21 .21 .21 .21
317 20020 20200 02200 20200 -0.04 -0.04 -0.04 -0.04 .21 .21 .21 .21
318 20020 20200 02200 20200 -0.04 -0.04 -0.04 -0.04 .21 .21 .21 .21
319 20020 20200 02200 20200 -0.04 -0.04 -0.04 -0.04 .21 .21 .21 .21
320 20200 20200 02200 20200 .48 .48 .48 .48 .60 .60 .60 .60
321 20200 20200 00200 20200 .72 .72 .72 .72 .79 .79 .79 .79
322 20200 20200 00200 20200 .72 .72 .72 .72 .79 .79 .79 .79
323 20200 20200 00200 20200 .72 .72 .72 .72 .79 .79 .79 .79
324 20200 20200 00200 20200 .72 .72 .72 .72 .79 .79 .79 .79
325 20200 20200 00200 20200 .72 .72 .72 .72 .79 .79 .79 .79
326 20200 20200 00200 20200 .72 .72 .72 .72 .79 .79 .79 .79
327 20200 20200 00200 20200 .72 .72 .72 .72 .79 .79 .79 .79
328 20200 20200 00200 20200 .72 .72 .72 .72 .79 .79 .79 .79
329 20200 20200 00200 20200 .72 .72 .72 .72 .79 .79 .79 .79
330 00200 00200 00200 00200 1.00 1.00 1.00 1.00 1.00 1.00 1.00 1.00
331 00200 00200 00200 00200 1.00 1.00 1.00 1.00 1.00 1.00 1.00 1.00
332 00200 00200 00200 00200 1.00 1.00 1.00 1.00 1.00 1.00 1.00 1.00
333 00200 00200 00200 00200 1.00 1.00 1.00 1.00 1.00 1.00 1.00 1.00
334 00200 00200 00200 00200 1.00 1.00 1.00 1.00 1.00 1.00 1.00 1.00
335 00200 00200 00200 00200 1.00 1.00 1.00 1.00 1.00 1.00 1.00 1.00
336 00200 00200 00200 00200 1.00 1.00 1.00 1.00 1.00 1.00 1.00 1.00
337 00200 00200 00200 00200 1.00 1.00 1.00 1.00 1.00 1.00 1.00 1.00
338 00200 00200 00200 00200 1.00 1.00 1.00 1.00 1.00 1.00 1.00 1.00
339 00200 00200 00200 00200 1.00 1.00 1.00 1.00 1.00 1.00 1.00 1.00
340 00200 00200 00200 00200 1.00 1.00 1.00 1.00 1.00 1.00 1.00 1.00
341 00200 00200 00200 00200 1.00 1.00 1.00 1.00 1.00 1.00 1.00 1.00
342 00200 00200 00200 00200 1.00 1.00 1.00 1.00 1.00 1.00 1.00 1.00
343 00200 00200 00200 00200 1.00 1.00 1.00 1.00 1.00 1.00 1.00 1.00
