0 00022 00022 00000 00022 .36 .36 .36 .36 .55 .55 .55 .55
1 00022 00022 00000 00022 .36 .36 .36 .36 .55 .55 .55 .55
2 00022 00022 00000 00022 .36 .36 .36 .36 .55 .55 .55 .55
3 00022 00022 00000 00022 .36 .36 .36 .36 .55 .55 .55 .55
4 00022 00022 00000 00022 .36 .36 .36 .36 .55 .55 .55 .55
5 00022 00022 00000 00022 .36 .36 .36 .36 .55 .55 .55 .55
6 00022 00022 00000 00022 .36 .36 .36 .36 .55 .55 .55 .55
7 00022 00022 00000 00022 .36 .36 .36 .36 .55 .55 .55 .55
8 00022 00022 00000 00022 .36 .36 .36 .36 .55 .55 .55 .55
9 00022 00022 00000 00022 .36 .36 .36 .36 .55 .55 .55 .55
10 00022 00022 00000 00022 .36 .36 .36 .36 .55 .55 .55 .55
11 00022 00022 00000 00022 .36 .36 .36 .36 .55 .55 .55 .55
12 00022 00022 00000 00022 .36 .36 .36 .36 .55 .55 .55 .55
13 00022 00022 00000 00022 .36 .36 .36 .36 .55 .55 .55 .55
14 00022 00022 00000 00022 .36 .36 .36 .36 .55 .55 .55 .55
15 00022 00022 00000 00022 .36 .36 .36 .36 .55 .55 .55 .55
16 00022 00022 00000 00022 .36 .36 .36 .36 .55 .55 .55 .55
17 00022 00022 00000 00022 .36 .36 .36 .36 .55 .55 .55 .55
18 00022 00022 00000 00022 .36 .36 .36 .36 .55 .55 .55 .55
19 00022 00022 00000 00022 .36 .36 .36 .36 .55 .55 .55 .55
20 00002 00002 00000 00002 .46 .46 .46 .46 .63 .63 .63 .63
21 00002 00002 00000 00002 .46 .46 .46 .46 .63 .63 .63 .63
22 00002 00002 00000 00002 .46 .46 .46 .46 .63 .63 .63 .63
23 00002 00002 00000 00002 .46 .46 .46 .46 .63 .63 .63 .63
24 00002 00002 00000 00002 .46 .46 .46 .46 .63 .63 .63 .63
25 00002 00002 00000 00002 .46 .46 .46 .46 .63 .63 .63 .63
26 00002 00002 00000 00002 .46 .46 .46 .46 .63 .63 .63 .63
27 00002 00002 00000 00002 .46 .46 .46 .46 .63 .63 .63 .63
28 00002 00002 00000 00002 .46 .46 .46 .46 .63 .63 .63 .63
29 00002 00002 00000 00002 .46 .46 .46 .46 .63 .63 .63 .63
30 00002 00002 00000 00002 .46 .46 .46 .46 .63 .63 .63 .63
31 00002 00002 00000 00002 .46 .46 .46 .46 .63 .63 .63 .63
32 00002 00002 00000 00002 .46 .46 .46 .46 .63 .63 .63 .63
33 00002 00002 00000 00002 .46 .46 .46 .46 .63 .63 .63 .63
34 00002 00002 00000 00002 .46 .46 .46 .46 .63 .63 .63 .63
35 00002 00002 00000 00002 .46 .46 .46 .46 .63 .63 .63 .63
36 00002 00002 00000 00002 .46 .46 .46 .46 .63 .63 .63 .63
37 00002 00002 00000 00002 .46 .46 .46 .46 .63 .63 .63 .63
38 00002 00002 00000 00002 .46 .46 .46 .46 .63 .63 .63 .63
39 00002 00002 00000 00002 .46 .46 .46 .46 .63 .63 .63 .63
40 00002 00002 00000 00002 .46 .46 .46 .46 .63 .63 .63 .63
41 00002 00002 00000 00002 .46 .46 .46 .46 .63 .63 .63 .63
42 00002 00002 00000 00002 .46 .46 .46 .46 .63 .63 .63 .63
43 00002 00002 00000 00002 .46 .46 .46 .46 .63 .63 .63 .63
44 00002 00002 00000 00002 .46 .46 .46 .46 .63 .63 .63 .63
45 00002 00002 00000 00002 .46 .46 .46 .46 .63 .63 .63 .63
46 00002 00002 00000 00002 .46 .46 .46 .46 .63 .63 .63 .63
47 00002 00002 00000 00002 .46 .46 .46 .46 .63 .63 .63 .63
48 00002 00002 00000 00002 .46 .46 .46 .46 .63 .63 .63 .63
49 00002 00002 00000 00002 .46 .46 .46 .46 .63 .63 .63 .63
50 00002 00002 00000 00002 .46 .46 .46 .46 .63 .63 .63 .63
51 00002 00002 00000 00002 .46 .46 .46 .46 .63 .63 .63 .63
52 00002 00002 00000 00002 .46 .46 .46 .46 .63 .63 .63 .63
53 00002 00002 00000 00002 .46 .46 .46 .46 .63 .63 .63 .63
54 00002 00002 00000 00002 .46 .46 .46 .46 .63 .63 .63 .63
55 00002 00002 00000 00002 .46 .46 .46 .46 .63 .63 .63 .63
56 00002 00002 00020 00002 .22 .22 .22 .22 .41 .41 .41 .41
57 00002 00002 00020 00002 .22 .22 .22 .22 .41 .41 .41 .41
58 00002 00002 00020 00002 .22 .22 .22 .22 .41 .41 .41 .41
59 00002 00002 00020 00002 .22 .22 .22 .22 .41 .41 .41 .41
60 00022 00022 00020 00022 .72 .72 .72 .72 .79 .79 .79 .79
61 00022 00022 00020 00022 .72 .72 .72 .72 .79 .79 .79 .79
62 00022 00022 00020 00022 .72 .72 .72 .72 .79 .79 .79 .79
63 00022 00022 00020 00022 .72 .72 .72 .72 .79 .79 .79 .79
64 00022 00022 00020 00022 .72 .72 .72 .72 .79 .79 .79 .79
65 00022 00022 00020 00022 .72 .72 .72 .72 .79 .79 .79 .79
66 00022 00022 00020 00022 .72 .72 .72 .72 .79 .79 .79 .79
67 00022 00022 00020 00022 .72 .72 .72 .72 .79 .79 .79 .79
68 00022 00022 00020 00022 .72 .72 .72 .72 .79 .79 .79 .79
69 00022 00022 00020 00022 .72 .72 .72 .72 .79 .79 .79 .79
70 00202 00202 00020 00202 .16 .16 .16 .16 .37 .37 .37 .37
71 00202 00202 00020 00202 .16 .16 .16 .16 .37 .37 .37 .37
72 00202 00202 00020 00202 .16 .16 .16 .16 .37 .37 .37 .37
73 00202 00202 00020 00202 .16 .16 .16 .16 .37 .37 .37 .37
74 00202 00202 00020 00202 .16 .16 .16 .16 .37 .37 .37 .37
75 00202 00202 00020 00202 .16 .16 .16 .16 .37 .37 .37 .37
76 00202 00202 00020 00202 .16 .16 .16 .16 .37 .37 .37 .37
77 00202 00202 00020 00202 .16 .16 .16 .16 .37 .37 .37 .37
78 00202 00202 00020 00202 .16 .16 .16 .16 .37 .37 .37 .37
79 00202 00202 00020 00202 .16 .16 .16 .16 .37 .37 .37 .37
80 00202 00202 00020 00202 .16 .16 .16 .16 .37 .37 .37 .37
81 00202 00202 00020 00202 .16 .16 .16 .16 .37 .37 .37 .37
82 00202 00202 00020 00202 .16 .16 .16 .16 .37 .37 .37 .37
83 00202 00202 00200 00202 .72 .72 .72 .72 .79 .79 .79 .79
84 00202 00202 00200 00202 .72 .72 .72 .72 .79 .79 .79 .79
85 00202 00202 00200 00202 .72 .72 .72 .72 .79 .79 .79 .79
86 00202 00202 00200 00202 .72 .72 .72 .72 .79 .79 .79 .79
87 00202 00202 00200 00202 .72 .72 .72 .72 .79 .79 .79 .79
88 00202 00202 00200 00202 .72 .72 .72 .72 .79 .79 .79 .79
89 00202 00202 00200 00202 .72 .72 .72 .72 .79 .79 .79 .79
90 00202 00200 00200 00200 .68 .68 .68 .68 .75 .75 .75 .75
91 00202 00200 00200 00200 .68 .68 .68 .68 .75 .75 .75 .75
92 00202 00200 00200 00200 .68 .68 .68 .68 .75 .75 .75 .75
93 00202 00200 00200 00200 .68 .68 .68 .68 .75 .75 .75 .75
94 00202 00200 00200 00200 .68 .68 .68 .68 .75 .75 .75 .75
95 00202 00200 00200 00200 .68 .68 .68 .68 .75 .75 .75 .75
96 00202 00200 00200 00200 .68 .68 .68 .68 .75 .75 .75 .75
97 00202 00200 00200 00200 .68 .68 .68 .68 .75 .75 .75 .75
98 00202 00200 00200 00200 .68 .68 .68 .68 .75 .75 .75 .75
99 00202 00200 00200 00200 .68 .68 .68 .68 .75 .75 .75 .75
100 00200 00200 00200 00200 1.00 1.00 1.00 1.00 1.00 1.00 1.00 1.00
101 00200 00200 00200 00200 1.00 1.00 1.00 1.00 1.00 1.00 1.00 1.00
102 00200 00200 00200 00200 1.00 1.00 1.00 1.00 1.00 1.00 1.00 1.00
103 00200 00200 00200 00200 1.00 1.00 1.00 1.00 1.00 1.00 1.00 1.00
104 00200 00200 00200 00200 1.00 1.00 1.00 1.00 1.00 1.00 1.00 1.00
105 00200 00200 00200 00200 1.00 1.00 1.00 1.00 1.00 1.00 1.00 1.00
106 00200 00200 00200 00200 1.00 1.00 1.00 1.00 1.00 1.00 1.00 1.00
107 00200 00200 00200 00200 1.00 1.00 1.00 1.00 1.00 1.00 1.00 1.00
108 00200 00200 00200 00200 1.00 1.00 1.00 1.00 1.00 1.00 1.00 1.00
109 00200 00200 00200 00200 1.00 1.00 1.00 1.00 1.00 1.00 1.00 1.00
110 00200 00200 00200 00200 1.00 1.00 1.00 1.00 1.00 1.00 1.00 1.00
111 00200 00200 00200 00200 1.00 1.00 1.00 1.00 1.00 1.00 1.00 1.00
112 00200 00200 00200 00200 1.00 1.00 1.00 1.00 1.00 1.00 1.00 1.00
113 00200 00200 00200 00200 1.00 1.00 1.00 1.00 1.00 1.00 1.00 1.00
114 00200 00200 00200 00200 1.00 1.00 1.00 1.00 1.00 1.00 1.00 1.00
115 00200 00200 00200 00200 1.00 1.00 1.00 1.00 1.00 1.00 1.00 1.00
116 00200 00200 00200 00200 1.00 1.00 1.00 1.00 1.00 1.00 1.00 1.00
117 00200 00200 00200 00200 1.00 1.00 1.00 1.00 1.00 1.00 1.00 1.00
118 00200 00200 00200 00200 1.00 1.00 1.00 1.00 1.00 1.00 1.00 1.00
119 00200 00200 00200 00200 1.00 1.00 1.00 1.00 1.00 1.00 1.00 1.00
120 00200 00200 00200 00200 1.00 1.00 1.00 1.00 1.00 1.00 1.00 1.00
121 00200 00200 00200 00200 1.00 1.00 1.00 1.00 1.00 1.00 1.00 1.00
122 00200 00200 00200 00200 1.00 1.00 1.00 1.00 1.00 1.00 1.00 1.00
123 00200 00200 00200 00200 1.00 1.00 1.00 1.00 1.00 1.00 1.00 1.00
124 00200 00200 00200 00200 1.00 1.00 1.00 1.00 1.00 1.00 1.00 1.00
125 00200 00200 00200 00200 1.00 1.00 1.00 1.00 1.00 1.00 1.00 1.00
126 00200 00200 00200 00200 1.00 1.00 1.00 1.00 1.00 1.00 1.00 1.00
127 00200 00200 00200 00200 1.00 1.00 1.00 1.00 1.00 1.00 1.00 1.00
128 00200 00200 00200 00200 1.00 1.00 1.00 1.00 1.00 1.00 1.00 1.00
129 00200 00200 00200 00200 1.00 1.00 1.00 1.00 1.00 1.00 1.00 1.00
130 00200 00200 00200 00200 1.00 1.00 1.00 1.00 1.00 1.00 1.00 1.00
131 00200 00200 00200 00200 1.00 1.00 1.00 1.00 1.00 1.00 1.00 1.00
132 00200 00200 00200 00200 1.00 1.00 1.00 1.00 1.00 1.00 1.00 1.00
133 00200 00200 00200 00200 1.00 1.00 1.00 1.00 1.00 1.00 1.00 1.00
134 00200 00200 00200 00200 1.00 1.00 1.00 1.00 1.00 1.00 1.00 1.00
135 00200 00200 00200 00200 1.00 1.00 1.00 1.00 1.00 1.00 1.00 1.00
136 00200 00200 00200 00200 1.00 1.00 1.00 1.00 1.00 1.00 1.00 1.00
137 00200 00200 00200 00200 1.00 1.00 1.00 1.00 1.00 1.00 1.00 1.00
138 00200 00200 00200 00200 1.00 1.00 1.00 1.00 1.00 1.00 1.00 1.00
139 00200 00200 00200 00200 1.00 1.00 1.00 1.00 1.00 1.00 1.00 1.00
140 00200 00200 00200 00200 1.00 1.00 1.00 1.00 1.00 1.00 1.00 1.00
141 00200 00200 00200 00200 1.00 1.00 1.00 1.00 1.00 1.00 1.00 1.00
142 00200 00200 00200 00200 1.00 1.00 1.00 1.00 1.00 1.00 1.00 1.00
143 00200 00200 00200 00200 1.00 1.00 1.00 1.00 1.00 1.00 1.00 1.00
144 00200 00200 00200 00200 1.00 1.00 1.00 1.00 1.00 1.00 1.00 1.00
145 00200 00200 00200 00200 1.00 1.00 1.00 1.00 1.00 1.00 1.00 1.00
146 00200 00200 00200 00200 1.00 1.00 1.00 1.00 1.00 1.00 1.00 1.00
147 00200 00200 00200 00200 1.00 1.00 1.00 1.00 1.00 1.00 1.00 1.00
148 00200 00200 00200 00200 1.00 1.00 1.00 1.00 1.00 1.00 1.00 1.00
149 00200 00200 00200 00200 1.00 1.00 1.00 1.00 1.00 1.00 1.00 1.00
150 00200 00200 00200 00200 1.00 1.00 1.00 1.00 1.00 1.00 1.00 1.00
151 00200 00200 00200 00200 1.00 1.00 1.00 1.00 1.00 1.00 1.00 1.00
152 00200 00200 00200 00200 1.00 1.00 1.00 1.00 1.00 1.00 1.00 1.00
153 00200 00200 00200 00200 1.00 1.00 1.00 1.00 1.00 1.00 1.00 1.00
154 00200 00200 00200 00200 1.00 1.00 1.00 1.00 1.00 1.00 1.00 1.00
155 00200 00200 00200 00200 1.00 1.00 1.00 1.00 1.00 1.00 1.00 1.00
156 00200 00200 00200 00200 1.00 1.00 1.00 1.00 1.00 1.00 1.00 1.00
157 00200 00200 00200 00200 1.00 1.00 1.00 1.00 1.00 1.00 1.00 1.00
158 00200 00200 02200 00200 .68 .68 .68 .68 .75 .75 .75 .75
159 00200 00200 02200 00200 .68 .68 .68 .68 .75 .75 .75 .75
160 00200 00200 02200 00200 .68 .68 .68 .68 .75 .75 .75 .75
161 00200 00200 02200 00200 .68 .68 .68 .68 .75 .75 .75 .75
162 00200 00200 02200 00200 .68 .68 .68 .68 .75 .75 .75 .75
163 00200 00200 02200 00200 .68 .68 .68 .68 .75 .75 .75 .75
164 00200 00200 02200 00200 .68 .68 .68 .68 .75 .75 .75 .75
165 00200 00200 02200 00200 .68 .68 .68 .68 .75 .75 .75 .75
166 00200 00200 02200 00200 .68 .68 .68 .68 .75 .75 .75 .75
167 00200 00200 02200 00200 .68 .68 .68 .68 .75 .75 .75 .75
168 00200 00200 02200 00200 .68 .68 .68 .68 .75 .75 .75 .75
169 00200 00200 02200 00200 .68 .68 .68 .68 .75 .75 .75 .75
170 00200 00200 02200 00200 .68 .68 .68 .68 .75 .75 .75 .75
171 00200 00200 02200 00200 .68 .68 .68 .68 .75 .75 .75 .75
172 00200 00200 02200 00200 .68 .68 .68 .68 .75 .75 .75 .75
173 00200 00200 02200 00200 .68 .68 .68 .68 .75 .75 .75 .75
174 00200 00200 02200 00200 .68 .68 .68 .68 .75 .75 .75 .75
175 00200 00200 02200 00200 .68 .68 .68 .68 .75 .75 .75 .75
176 00200 00200 02200 00200 .68 .68 .68 .68 .75 .75 .75 .75
177 00200 00200 02200 00200 .68 .68 .68 .68 .75 .75 .75 .75
178 00200 00200 02200 00200 .68 .68 .68 .68 .75 .75 .75 .75
179 00200 00200 02200 00200 .68 .68 .68 .68 .75 .75 .75 .75
180 00200 00200 02200 00200 .68 .68 .68 .68 .75 .75 .75 .75
181 00200 00200 02200 00200 .68 .68 .68 .68 .75 .75 .75 .75
182 00200 00200 02200 00200 .68 .68 .68 .68 .75 .75 .75 .75
183 00200 00200 02200 00200 .68 .68 .68 .68 .75 .75 .75 .75
184 00200 00200 02200 00200 .68 .68 .68 .68 .75 .75 .75 .75
185 00200 00200 02200 00200 .68 .68 .68 .68 .75 .75 .75 .75
186 00200 00200 02200 00200 .68 .68 .68 .68 .75 .75 .75 .75
187 00200 00200 02200 00200 .68 .68 .68 .68 .75 .75 .75 .75
188 00200 00200 02200 00200 .68 .68 .68 .68 .75 .75 .75 .75
189 00200 00200 02200 00200 .68 .68 .68 .68 .75 .75 .75 .75
190 20200 20200 02200 20200 .48 .48 .48 .48 .60 .60 .60 .60
191 20200 20200 02200 20200 .48 .48 .48 .48 .60 .60 .60 .60
192 20200 20200 02200 20200 .48 .48 .48 .48 .60 .60 .60 .60
193 20200 20200 02200 20200 .48 .48 .48 .48 .60 .60 .60 .60
194 20200 20200 02200 20200 .48 .48 .48 .48 .60 .60 .60 .60
195 20200 20200 02200 20200 .48 .48 .48 .48 .60 .60 .60 .60
196 20200 20200 02200 20200 .48 .48 .48 .48 .60 .60 .60 .60
197 20200 20200 02200 20200 .48 .48 .48 .48 .60 .60 .60 .60
198 20200 20200 02200 20200 .48 .48 .48 .48 .60 .60 .60 .60
199 20200 20200 02200 20200 .48 .48 .48 .48 .60 .60 .60 .60
200 20200 20200 02200 20200 .48 .48 .48 .48 .60 .60 .60 .60
201 20200 20200 02200 20200 .48 .48 .48 .48 .60 .60 .60 .60
202 20200 20200 02200 20200 .48 .48 .48 .48 .60 .60 .60 .60
203 20200 20200 02200 20200 .48 .48 .48 .48 .60 .60 .60 .60
204 20200 20200 02200 20200 .48 .48 .48 .48 .60 .60 .60 .60
205 20200 20200 02200 20200 .48 .48 .48 .48 .60 .60 .60 .60
206 20200 20200 02200 20200 .48 .48 .48 .48 .60 .60 .60 .60
207 20200 20200 20020 20200 .48 .48 .48 .48 .60 .60 .60 .60
208 20200 20200 20020 20200 .48 .48 .48 .48 .60 .60 .60 .60
209 20200 20200 20020 20200 .48 .48 .48 .48 .60 .60 .60 .60
210 20200 20200 20020 20200 .48 .48 .48 .48 .60 .60 .60 .60
211 20200 20200 20020 20200 .48 .48 .48 .48 .60 .60 .60 .60
212 20200 20200 20020 20200 .48 .48 .48 .48 .60 .60 .60 .60
213 20200 20200 20020 20200 .48 .48 .48 .48 .60 .60 .60 .60
214 20200 20200 20020 20200 .48 .48 .48 .48 .60 .60 .60 .60
215 20200 20200 20020 20200 .48 .48 .48 .48 .60 .60 .60 .60
216 20200 20200 20020 20200 .48 .48 .48 .48 .60 .60 .60 .60
217 20200 20200 20020 20200 .48 .48 .48 .48 .60 .60 .60 .60
218 20200 20200 20020 20200 .48 .48 .48 .48 .60 .60 .60 .60
219 20200 20200 20020 20200 .48 .48 .48 .48 .60 .60 .60 .60
220 20000 20000 20020 20000 .68 .68 .68 .68 .75 .75 .75 .75
221 20000 20000 20020 20000 .68 .68 .68 .68 .75 .75 .75 .75
222 20000 20000 20000 20000 1.00 1.00 1.00 1.00 1.00 1.00 1.00 1.00
223 20000 20000 20000 20000 1.00 1.00 1.00 1.00 1.00 1.00 1.00 1.00
224 20000 20000 20000 20000 1.00 1.00 1.00 1.00 1.00 1.00 1.00 1.00
225 20000 20000 20000 20000 1.00 1.00 1.00 1.00 1.00 1.00 1.00 1.00
226 20000 20000 20000 20000 1.00 1.00 1.00 1.00 1.00 1.00 1.00 1.00
227 20000 20000 20000 20000 1.00 1.00 1.00 1.00 1.00 1.00 1.00 1.00
228 20000 20000 20000 20000 1.00 1.00 1.00 1.00 1.00 1.00 1.00 1.00
229 20000 20000 20000 20000 1.00 1.00 1.00 1.00 1.00 1.00 1.00 1.00
230 20000 20000 20000 20000 1.00 1.00 1.00 1.00 1.00 1.00 1.00 1.00
231 20000 20000 20000 20000 1.00 1.00 1.00 1.00 1.00 1.00 1.00 1.00
232 20000 20000 20000 20000 1.00 1.00 1.00 1.00 1.00 1.00 1.00 1.00
233 20000 20000 20000 20000 1.00 1.00 1.00 1.00 1.00 1.00 1.00 1.00
234 20000 20000 20000 20000 1.00 1.00 1.00 1.00 1.00 1.00 1.00 1.00
235 20000 20000 20000 20000 1.00 1.00 1.00 1.00 1.00 1.00 1.00 1.00
236 20000 20000 20000 20000 1.00 1.00 1.00 1.00 1.00 1.00 1.00 1.00
237 20000 20000 20020 20000 .68 .68 .68 .68 .75 .75 .75 .75
238 20000 20000 20020 20000 .68 .68 .68 .68 .75 .75 .75 .75
239 20000 20000 20020 20000 .68 .68 .68 .68 .75 .75 .75 .75
240 20000 20000 20020 20000 .68 .68 .68 .68 .75 .75 .75 .75
241 20000 20000 20020 20000 .68 .68 .68 .68 .75 .75 .75 .75
242 20000 20000 20020 20000 .68 .68 .68 .68 .75 .75 .75 .75
243 20000 20000 20020 20000 .68 .68 .68 .68 .75 .75 .75 .75
244 20000 20000 20020 20000 .68 .68 .68 .68 .75 .75 .75 .75
245 20000 20000 20020 20000 .68 .68 .68 .68 .75 .75 .75 .75
246 20000 20000 20020 20000 .68 .68 .68 .68 .75 .75 .75 .75
247 20000 20000 20020 20000 .68 .68 .68 .68 .75 .75 .75 .75
248 20000 20000 20020 20000 .68 .68 .68 .68 .75 .75 .75 .75
249 20000 20000 20020 20000 .68 .68 .68 .68 .75 .75 .75 .75
250 20000 20000 20020 20000 .68 .68 .68 .68 .75 .75 .75 .75
251 20000 20000 20020 20000 .68 .68 .68 .68 .75 .75 .75 .75
252 20000 20000 00000 20000 .46 .46 .46 .46 .63 .63 .63 .63
253 20000 20000 00000 20000 .46 .46 .46 .46 .63 .63 .63 .63
254 20000 20000 00000 20000 .46 .46 .46 .46 .63 .63 .63 .63
255 20000 20000 00000 20000 .46 .46 .46 .46 .63 .63 .63 .63
256 20000 20000 00000 20000 .46 .46 .46 .46 .63 .63 .63 .63
257 20000 20000 00000 20000 .46 .46 .46 .46 .63 .63 .63 .63
258 20000 20000 00000 20000 .46 .46 .46 .46 .63 .63 .63 .63
259 20000 20000 00000 20000 .46 .46 .46 .46 .63 .63 .63 .63
260 20000 20000 00000 20000 .46 .46 .46 .46 .63 .63 .63 .63
261 20000 20000 00000 20000 .46 .46 .46 .46 .63 .63 .63 .63
262 20000 20000 00000 20000 .46 .46 .46 .46 .63 .63 .63 .63
263 20000 20000 00000 20000 .46 .46 .46 .46 .63 .63 .63 .63
264 20000 20000 00000 20000 .46 .46 .46 .46 .63 .63 .63 .63
265 20000 20000 00000 20000 .46 .46 .46 .46 .63 .63 .63 .63
266 20000 20000 00000 20000 .46 .46 .46 .46 .63 .63 .63 .63
267 20000 20000 20020 20000 .68 .68 .68 .68 .75 .75 .75 .75
268 20000 20000 20020 20000 .68 .68 .68 .68 .75 .75 .75 .75
269 20000 20000 20020 20000 .68 .68 .68 .68 .75 .75 .75 .75
270 20000 20000 20020 20000 .68 .68 .68 .68 .75 .75 .75 .75
271 20000 20000 20020 20000 .68 .68 .68 .68 .75 .75 .75 .75
272 20000 20000 20020 20000 .68 .68 .68 .68 .75 .75 .75 .75
273 20000 20000 20020 20000 .68 .68 .68 .68 .75 .75 .75 .75
274 20000 20000 20020 20000 .68 .68 .68 .68 .75 .75 .75 .75
275 20000 20000 20020 20000 .68 .68 .68 .68 .75 .75 .75 .75
276 20000 20000 20020 20000 .68 .68 .68 .68 .75 .75 .75 .75
277 20000 20000 20020 20000 .68 .68 .68 .68 .75 .75 .75 .75
278 20000 20000 20020 20000 .68 .68 .68 .68 .75 .75 .75 .75
279 20000 20000 20020 20000 .68 .68 .68 .68 .75 .75 .75 .75
280 20020 20000 20020 20020 .72 .72 .72 .72 .79 .79 .79 .79
281 20020 20000 20020 20020 .72 .72 .72 .72 .79 .79 .79 .79
282 20020 20000 20020 20020 .72 .72 .72 .72 .79 .79 .79 .79
283 20020 20000 20020 20020 .72 .72 .72 .72 .79 .79 .79 .79
284 20020 20000 20020 20020 .72 .72 .72 .72 .79 .79 .79 .79
285 20020 20000 20020 20020 .72 .72 .72 .72 .79 .79 .79 .79
286 20020 20000 20020 20020 .72 .72 .72 .72 .79 .79 .79 .79
287 20020 20000 20020 20020 .72 .72 .72 .72 .79 .79 .79 .79
288 20020 20000 20020 20020 .72 .72 .72 .72 .79 .79 .79 .79
289 20020 20000 20020 20020 .72 .72 .72 .72 .79 .79 .79 .79
290 20200 20000 20020 20000 .44 .44 .44 .44 .55 .55 .55 .55
291 20200 20000 20020 20000 .44 .44 .44 .44 .55 .55 .55 .55
292 20200 20000 20020 20000 .44 .44 .44 .44 .55 .55 .55 .55
293 20200 20000 20020 20000 .44 .44 .44 .44 .55 .55 .55 .55
294 20200 20000 20020 20000 .44 .44 .44 .44 .55 .55 .55 .55
295 20200 20000 20020 20000 .44 .44 .44 .44 .55 .55 .55 .55
296 20200 20000 20020 20000 .44 .44 .44 .44 .55 .55 .55 .55
297 20200 20000 02200 20200 .16 .16 .16 .16 .37 .37 .37 .37
298 20200 20000 02200 20200 .16 .16 .16 .16 .37 .37 .37 .37
299 20200 20000 02200 20200 .16 .16 .16 .16 .37 .37 .37 .37
300 20200 20200 02200 20200 .48 .48 .48 .48 .60 .60 .60 .60
301 20200 20200 02200 20200 .48 .48 .48 .48 .60 .60 .60 .60
302 20200 20200 02200 20200 .48 .48 .48 .48 .60 .60 .60 .60
303 20200 20200 02200 20200 .48 .48 .48 .48 .60 .60 .60 .60
304 20200 20200 02200 20200 .48 .48 .48 .48 .60 .60 .60 .60
305 20200 20200 02200 20200 .48 .48 .48 .48 .60 .60 .60 .60
306 20200 20200 02200 20200 .48 .48 .48 .48 .60 .60 .60 .60
307 20200 20200 02200 20200 .48 .48 .48 .48 .60 .60 .60 .60
308 20200 20200 02200 20200 .48 .48 .48 .48 .60 .60 .60 .60
309 20200 20200 02200 20200 .48 .48 .48 .48 .60 .60 .60 .60
310 00200 00200 02200 00200 .68 .68 .68 .68 .75 .75 .75 .75
311 00200 00200 02200 00200 .68 .68 .68 .68 .75 .75 .75 .75
312 00200 00200 02200 00200 .68 .68 .68 .68 .75 .75 .75 .75
313 00200 00200 02200 00200 .68 .68 .68 .68 .75 .75 .75 .75
314 00200 00200 02200 00200 .68 .68 .68 .68 .75 .75 .75 .75
315 00200 00200 02200 00200 .68 .68 .68 .68 .75 .75 .75 .75
316 00200 00200 02200 00200 .68 .68 .68 .68 .75 .75 .75 .75
317 00200 00200 02200 00200 .68 .68 .68 .68 .75 .75 .75 .75
318 00200 00200 02200 00200 .68 .68 .68 .68 .75 .75 .75 .75
