0 04042 04002 00000 04002 .25 .14 .14 .17 .45 .34 .34 .38
1 04042 04002 00000 04002 .25 .14 .14 .17 .45 .34 .34 .38
2 04042 04002 00000 04002 .25 .14 .14 .17 .45 .34 .34 .38
3 04042 04002 00000 04002 .25 .14 .14 .17 .45 .34 .34 .38
4 04042 04002 00000 04002 .25 .14 .14 .17 .45 .34 .34 .38
5 04042 04002 00000 04002 .25 .14 .14 .17 .45 .34 .34 .38
6 04042 04002 00000 04002 .25 .14 .14 .17 .45 .34 .34 .38
7 04042 04002 00000 04002 .25 .14 .14 .17 .45 .34 .34 .38
8 04042 04002 00000 04002 .25 .14 .14 .17 .45 .34 .34 .38
9 04042 04002 00000 04002 .25 .14 .14 .17 .45 .34 .34 .38
10 04042 04002 00000 04002 .25 .14 .14 .17 .45 .34 .34 .38
11 04042 04002 00000 04002 .25 .14 .14 .17 .45 .34 .34 .38
12 04042 04002 00000 04002 .25 .14 .14 .17 .45 .34 .34 .38
13 04042 04002 00000 04002 .25 .14 .14 .17 .45 .34 .34 .38
14 04042 04002 00000 04002 .25 .14 .14 .17 .45 .34 .34 .38
15 04042 04002 00000 04002 .25 .14 .14 .17 .45 .34 .34 .38
16 04042 04002 00000 04002 .25 .14 .14 .17 .45 .34 .34 .38
17 04042 04002 00000 04002 .25 .14 .14 .17 .45 .34 .34 .38
18 04042 04002 00000 04002 .25 .14 .14 .17 .45 .34 .34 .38
19 04042 04002 00000 04002 .25 .14 .14 .17 .45 .34 .34 .38
20 04042 04002 00000 04002 .25 .14 .14 .17 .45 .34 .34 .38
21 04042 04002 00000 04002 .25 .14 .14 .17 .45 .34 .34 .38
22 04042 04002 00000 04002 .25 .14 .14 .17 .45 .34 .34 .38
23 04042 04002 00000 04002 .25 .14 .14 .17 .45 .34 .34 .38
24 04042 04002 00000 04002 .25 .14 .14 .17 .45 .34 .34 .38
25 04042 04002 00000 04002 .25 .14 .14 .17 .45 .34 .34 .38
26 04042 04002 00000 04002 .25 .14 .14 .17 .45 .34 .34 .38
27 04042 04002 00000 04002 .25 .14 .14 .17 .45 .34 .34 .38
28 04042 04002 00000 04002 .25 .14 .14 .17 .45 .34 .34 .38
29 04042 04002 00000 04002 .25 .14 .14 .17 .45 .34 .34 .38
30 04042 04002 00000 04002 .25 .14 .14 .17 .45 .34 .34 .38
31 04042 04002 00000 04002 .25 .14 .14 .17 .45 .34 .34 .38
32 04042 04002 00000 04002 .25 .14 .14 .17 .45 .34 .34 .38
33 04042 04002 00000 04002 .25 .14 .14 .17 .45 .34 .34 .38
34 04042 04002 00000 04002 .25 .14 .14 .17 .45 .34 .34 .38
35 04042 04002 00000 04002 .25 .14 .14 .17 .45 .34 .34 .38
36 04042 04002 00000 04002 .25 .14 .14 .17 .45 .34 .34 .38
37 04042 04002 00000 04002 .25 .14 .14 .17 .45 .34 .34 .38
38 04042 04002 00000 04002 .25 .14 .14 .17 .45 .34 .34 .38
39 04042 04002 00000 04002 .25 .14 .14 .17 .45 .34 .34 .38
40 04042 04002 00000 04002 .25 .14 .14 .17 .45 .34 .34 .38
41 04042 04002 00020 04042 .22 .22 .22 .22 .41 .42 .42 .42
42 04042 04002 00020 04042 .22 .22 .22 .22 .41 .42 .42 .42
43 04042 04002 00020 04042 .22 .22 .22 .22 .41 .42 .42 .42
44 04042 04002 00020 04042 .22 .22 .22 .22 .41 .42 .42 .42
45 04042 04002 00020 04042 .22 .22 .22 .22 .41 .42 .42 .42
46 04042 04002 00020 04042 .22 .22 .22 .22 .41 .42 .42 .42
47 04042 04002 00020 04042 .22 .22 .22 .22 .41 .42 .42 .42
48 04042 04002 00020 04042 .22 .22 .22 .22 .41 .42 .42 .42
49 04042 04002 00020 04042 .22 .22 .22 .22 .41 .42 .42 .42
50 04002 00002 00020 00002 .11 .01 -0.05 .05 .28 .19 .08 .24
51 04002 00002 00020 00002 .11 .01 -0.05 .05 .28 .19 .08 .24
52 04002 00002 00020 00002 .11 .01 -0.05 .05 .28 .19 .08 .24
53 04002 00002 00020 00002 .11 .01 -0.05 .05 .28 .19 .08 .24
54 04002 00002 00020 00002 .11 .01 -0.05 .05 .28 .19 .08 .24
55 04002 00002 00020 00002 .11 .01 -0.05 .05 .28 .19 .08 .24
56 04002 00002 00000 00002 .26 .17 .05 .23 .43 .35 .17 .41
57 04002 00002 00000 00002 .26 .17 .05 .23 .43 .35 .17 .41
58 04002 00002 00000 00002 .26 .17 .05 .23 .43 .35 .17 .41
59 04002 00002 00000 00002 .26 .17 .05 .23 .43 .35 .17 .41
60 00002 00002 00000 00002 .46 .46 .46 .46 .63 .63 .63 .63
61 00002 00002 00000 00002 .46 .46 .46 .46 .63 .63 .63 .63
62 00002 00002 00000 00002 .46 .46 .46 .46 .63 .63 .63 .63
63 00002 00002 00000 00002 .46 .46 .46 .46 .63 .63 .63 .63
64 00002 00002 00000 00002 .46 .46 .46 .46 .63 .63 .63 .63
65 00002 00002 00000 00002 .46 .46 .46 .46 .63 .63 .63 .63
66 00002 00002 00000 00002 .46 .46 .46 .46 .63 .63 .63 .63
67 00002 00002 00000 00002 .46 .46 .46 .46 .63 .63 .63 .63
68 00002 00002 00000 00002 .46 .46 .46 .46 .63 .63 .63 .63
69 00002 00002 00000 00002 .46 .46 .46 .46 .63 .63 .63 .63
70 00002 00002 00000 00002 .46 .46 .46 .46 .63 .63 .63 .63
71 00002 00002 00020 00002 .22 .22 .22 .22 .41 .41 .41 .41
72 00002 00002 00020 00002 .22 .22 .22 .22 .41 .41 .41 .41
73 00002 00002 00020 00002 .22 .22 .22 .22 .41 .41 .41 .41
74 00002 00002 00020 00002 .22 .22 .22 .22 .41 .41 .41 .41
75 00002 00002 00020 00002 .22 .22 .22 .22 .41 .41 .41 .41
76 00002 00002 00020 00002 .22 .22 .22 .22 .41 .41 .41 .41
77 00002 00002 00020 00002 .22 .22 .22 .22 .41 .41 .41 .41
78 00002 00002 00020 00002 .22 .22 .22 .22 .41 .41 .41 .41
79 00002 00002 00020 00002 .22 .22 .22 .22 .41 .41 .41 .41
80 00022 00022 00020 00022 .72 .72 .72 .72 .79 .79 .79 .79
81 00022 00022 00020 00022 .72 .72 .72 .72 .79 .79 .79 .79
82 00022 00022 00020 00022 .72 .72 .72 .72 .79 .79 .79 .79
83 00022 00022 00020 00022 .72 .72 .72 .72 .79 .79 .79 .79
84 00022 00022 00020 00022 .72 .72 .72 .72 .79 .79 .79 .79
85 00022 00022 00020 00022 .72 .72 .72 .72 .79 .79 .79 .79
86 00022 00022 00020 00022 .72 .72 .72 .72 .79 .79 .79 .79
87 00022 00022 00020 00022 .72 .72 .72 .72 .79 .79 .79 .79
88 00022 00022 00020 00022 .72 .72 .72 .72 .79 .79 .79 .79
89 00022 00022 00020 00022 .72 .72 .72 .72 .79 .79 .79 .79
90 00022 00022 00020 00022 .72 .72 .72 .72 .79 .79 .79 .79
91 00022 00022 00020 00022 .72 .72 .72 .72 .79 .79 .79 .79
92 00022 00022 00020 00022 .72 .72 .72 .72 .79 .79 .79 .79
93 00022 00022 00020 00022 .72 .72 .72 .72 .79 .79 .79 .79
94 00022 00022 00020 00022 .72 .72 .72 .72 .79 .79 .79 .79
95 00022 00022 00020 00022 .72 .72 .72 .72 .79 .79 .79 .79
96 00022 00022 00020 00022 .72 .72 .72 .72 .79 .79 .79 .79
97 00022 00022 00020 00022 .72 .72 .72 .72 .79 .79 .79 .79
98 00022 00022 00020 00022 .72 .72 .72 .72 .79 .79 .79 .79
99 00022 00022 00200 00022 .16 .16 .16 .16 .37 .37 .37 .37
100 00202 00202 00200 00202 .72 .72 .72 .72 .79 .79 .79 .79
101 00202 00202 00200 00202 .72 .72 .72 .72 .79 .79 .79 .79
102 00202 00202 00200 00202 .72 .72 .72 .72 .79 .79 .79 .79
103 00202 00202 00200 00202 .72 .72 .72 .72 .79 .79 .79 .79
104 00202 00202 00200 00202 .72 .72 .72 .72 .79 .79 .79 .79
105 00202 00202 00200 00202 .72 .72 .72 .72 .79 .79 .79 .79
106 00202 00202 00200 00202 .72 .72 .72 .72 .79 .79 .79 .79
107 00202 00202 00200 00202 .72 .72 .72 .72 .79 .79 .79 .79
108 00202 00202 00200 00202 .72 .72 .72 .72 .79 .79 .79 .79
109 00202 00202 00200 00202 .72 .72 .72 .72 .79 .79 .79 .79
110 00202 00202 00200 00202 .72 .72 .72 .72 .79 .79 .79 .79
111 00202 00202 00200 00202 .72 .72 .72 .72 .79 .79 .79 .79
112 00202 00202 00200 00202 .72 .72 .72 .72 .79 .79 .79 .79
113 00202 00202 00200 00202 .72 .72 .72 .72 .79 .79 .79 .79
114 00202 00202 00000 00202 .36 .36 .36 .36 .55 .55 .55 .55
115 00202 00202 00000 00202 .36 .36 .36 .36 .55 .55 .55 .55
116 00202 00202 00000 00202 .36 .36 .36 .36 .55 .55 .55 .55
117 00202 00202 00000 00202 .36 .36 .36 .36 .55 .55 .55 .55
118 00202 00202 00000 00202 .36 .36 .36 .36 .55 .55 .55 .55
119 00202 00202 00000 00202 .36 .36 .36 .36 .55 .55 .55 .55
120 00202 00202 00000 00202 .36 .36 .36 .36 .55 .55 .55 .55
121 00202 00202 00000 00202 .36 .36 .36 .36 .55 .55 .55 .55
122 00202 00202 00000 00202 .36 .36 .36 .36 .55 .55 .55 .55
123 00202 00202 00000 00202 .36 .36 .36 .36 .55 .55 .55 .55
124 00202 00202 00000 00202 .36 .36 .36 .36 .55 .55 .55 .55
125 00202 00202 00000 00202 .36 .36 .36 .36 .55 .55 .55 .55
126 00202 00202 00000 00202 .36 .36 .36 .36 .55 .55 .55 .55
127 00202 00202 00000 00202 .36 .36 .36 .36 .55 .55 .55 .55
128 00202 00202 00000 00202 .36 .36 .36 .36 .55 .55 .55 .55
129 00202 00202 00200 00202 .72 .72 .72 .72 .79 .79 .79 .79
130 00200 00200 00200 00200 1.00 1.00 1.00 1.00 1.00 1.00 1.00 1.00
131 00200 00200 00200 00200 1.00 1.00 1.00 1.00 1.00 1.00 1.00 1.00
132 00200 00200 00200 00200 1.00 1.00 1.00 1.00 1.00 1.00 1.00 1.00
133 00200 00200 00200 00200 1.00 1.00 1.00 1.00 1.00 1.00 1.00 1.00
134 00200 00200 00200 00200 1.00 1.00 1.00 1.00 1.00 1.00 1.00 1.00
135 00200 00200 00200 00200 1.00 1.00 1.00 1.00 1.00 1.00 1.00 1.00
136 00200 00200 00200 00200 1.00 1.00 1.00 1.00 1.00 1.00 1.00 1.00
137 00200 00200 00200 00200 1.00 1.00 1.00 1.00 1.00 1.00 1.00 1.00
138 00200 00200 00200 00200 1.00 1.00 1.00 1.00 1.00 1.00 1.00 1.00
139 00200 00200 00200 00200 1.00 1.00 1.00 1.00 1.00 1.00 1.00 1.00
140 00200 00200 00200 00200 1.00 1.00 1.00 1.00 1.00 1.00 1.00 1.00
141 00200 00200 00200 00200 1.00 1.00 1.00 1.00 1.00 1.00 1.00 1.00
142 00200 00200 00200 00200 1.00 1.00 1.00 1.00 1.00 1.00 1.00 1.00
143 00200 00200 00200 00200 1.00 1.00 1.00 1.00 1.00 1.00 1.00 1.00
144 00200 00200 00200 00200 1.00 1.00 1.00 1.00 1.00 1.00 1.00 1.00
145 00200 00200 00200 00200 1.00 1.00 1.00 1.00 1.00 1.00 1.00 1.00
146 00200 00200 00200 00200 1.00 1.00 1.00 1.00 1.00 1.00 1.00 1.00
147 00200 00200 00200 00200 1.00 1.00 1.00 1.00 1.00 1.00 1.00 1.00
148 00200 00200 00200 00200 1.00 1.00 1.00 1.00 1.00 1.00 1.00 1.00
149 00200 00200 00200 00200 1.00 1.00 1.00 1.00 1.00 1.00 1.00 1.00
150 00200 00200 00200 00200 1.00 1.00 1.00 1.00 1.00 1.00 1.00 1.00
151 00200 00200 00200 00200 1.00 1.00 1.00 1.00 1.00 1.00 1.00 1.00
152 00200 00200 00200 00200 1.00 1.00 1.00 1.00 1.00 1.00 1.00 1.00
153 00200 00200 00200 00200 1.00 1.00 1.00 1.00 1.00 1.00 1.00 1.00
154 00200 00200 00200 00200 1.00 1.00 1.00 1.00 1.00 1.00 1.00 1.00
155 00200 00200 00200 00200 1.00 1.00 1.00 1.00 1.00 1.00 1.00 1.00
156 00200 00200 00200 00200 1.00 1.00 1.00 1.00 1.00 1.00 1.00 1.00
157 00200 00200 00200 00200 1.00 1.00 1.00 1.00 1.00 1.00 1.00 1.00
158 00200 00200 00200 00200 1.00 1.00 1.00 1.00 1.00 1.00 1.00 1.00
159 00200 00200 00000 00200 .46 .46 .46 .46 .63 .63 .63 .63
160 00200 00200 00000 00200 .46 .46 .46 .46 .63 .63 .63 .63
161 00200 00200 00000 00200 .46 .46 .46 .46 .63 .63 .63 .63
162 00200 00200 00000 00200 .46 .46 .46 .46 .63 .63 .63 .63
163 00200 00200 00000 00200 .46 .46 .46 .46 .63 .63 .63 .63
164 00200 00200 00000 00200 .46 .46 .46 .46 .63 .63 .63 .63
165 00200 00200 00000 00200 .46 .46 .46 .46 .63 .63 .63 .63
166 00200 00200 00000 00200 .46 .46 .46 .46 .63 .63 .63 .63
167 00200 00200 00000 00200 .46 .46 .46 .46 .63 .63 .63 .63
168 00200 00200 00000 00200 .46 .46 .46 .46 .63 .63 .63 .63
169 00200 00200 00000 00200 .46 .46 .46 .46 .63 .63 .63 .63
170 00200 00200 00000 00200 .46 .46 .46 .46 .63 .63 .63 .63
171 00200 00200 00000 00200 .46 .46 .46 .46 .63 .63 .63 .63
172 00200 00200 00000 00200 .46 .46 .46 .46 .63 .63 .63 .63
173 00200 00200 00000 00200 .46 .46 .46 .46 .63 .63 .63 .63
174 00200 00200 00200 00200 1.00 1.00 1.00 1.00 1.00 1.00 1.00 1.00
175 00200 00200 00200 00200 1.00 1.00 1.00 1.00 1.00 1.00 1.00 1.00
176 00200 00200 00200 00200 1.00 1.00 1.00 1.00 1.00 1.00 1.00 1.00
177 00200 00200 00200 00200 1.00 1.00 1.00 1.00 1.00 1.00 1.00 1.00
178 00200 00200 00200 00200 1.00 1.00 1.00 1.00 1.00 1.00 1.00 1.00
179 00200 00200 00200 00200 1.00 1.00 1.00 1.00 1.00 1.00 1.00 1.00
180 02200 00200 00200 00200 .68 .68 .68 .68 .75 .75 .75 .75
181 02200 00200 00200 00200 .68 .68 .68 .68 .75 .75 .75 .75
182 02200 00200 00200 00200 .68 .68 .68 .68 .75 .75 .75 .75
183 02200 00200 00200 00200 .68 .68 .68 .68 .75 .75 .75 .75
184 02200 00200 00200 00200 .68 .68 .68 .68 .75 .75 .75 .75
185 02200 00200 00200 00200 .68 .68 .68 .68 .75 .75 .75 .75
186 02200 00200 00200 00200 .68 .68 .68 .68 .75 .75 .75 .75
187 02200 00200 00200 00200 .68 .68 .68 .68 .75 .75 .75 .75
188 02200 00200 02000 02200 .36 .36 .36 .36 .55 .55 .55 .55
189 02200 00200 02000 02200 .36 .36 .36 .36 .55 .55 .55 .55
190 20200 20200 02000 20200 .16 .16 .16 .16 .37 .37 .37 .37
191 20200 20200 00000 20200 .36 .36 .36 .36 .55 .55 .55 .55
192 20200 20200 00000 20200 .36 .36 .36 .36 .55 .55 .55 .55
193 20200 20200 00000 20200 .36 .36 .36 .36 .55 .55 .55 .55
194 20200 20200 00000 20200 .36 .36 .36 .36 .55 .55 .55 .55
195 20200 20200 00000 20200 .36 .36 .36 .36 .55 .55 .55 .55
196 20200 20200 00000 20200 .36 .36 .36 .36 .55 .55 .55 .55
197 20200 20200 00000 20200 .36 .36 .36 .36 .55 .55 .55 .55
198 20200 20200 00000 20200 .36 .36 .36 .36 .55 .55 .55 .55
199 20200 20200 00000 20200 .36 .36 .36 .36 .55 .55 .55 .55
200 20200 20200 00000 20200 .36 .36 .36 .36 .55 .55 .55 .55
201 20200 20200 00000 20200 .36 .36 .36 .36 .55 .55 .55 .55
202 20200 20200 00000 20200 .36 .36 .36 .36 .55 .55 .55 .55
203 20200 20200 00000 20200 .36 .36 .36 .36 .55 .55 .55 .55
204 20200 20200 00000 20200 .36 .36 .36 .36 .55 .55 .55 .55
205 20200 20200 00000 20200 .36 .36 .36 .36 .55 .55 .55 .55
206 20200 20200 20020 20200 .48 .48 .48 .48 .60 .60 .60 .60
207 20200 20200 20020 20200 .48 .48 .48 .48 .60 .60 .60 .60
208 20200 20200 20020 20200 .48 .48 .48 .48 .60 .60 .60 .60
209 20200 20200 20020 20200 .48 .48 .48 .48 .60 .60 .60 .60
210 20020 20020 20020 20020 1.00 1.00 1.00 1.00 1.00 1.00 1.00 1.00
211 20020 20020 20020 20020 1.00 1.00 1.00 1.00 1.00 1.00 1.00 1.00
212 20020 20020 20020 20020 1.00 1.00 1.00 1.00 1.00 1.00 1.00 1.00
213 20020 20020 20020 20020 1.00 1.00 1.00 1.00 1.00 1.00 1.00 1.00
214 20020 20020 20020 20020 1.00 1.00 1.00 1.00 1.00 1.00 1.00 1.00
215 20020 20020 20020 20020 1.00 1.00 1.00 1.00 1.00 1.00 1.00 1.00
216 20020 20020 20020 20020 1.00 1.00 1.00 1.00 1.00 1.00 1.00 1.00
217 20020 20020 20020 20020 1.00 1.00 1.00 1.00 1.00 1.00 1.00 1.00
218 20020 20020 20020 20020 1.00 1.00 1.00 1.00 1.00 1.00 1.00 1.00
219 20020 20020 20020 20020 1.00 1.00 1.00 1.00 1.00 1.00 1.00 1.00
220 20200 20020 20020 20020 .48 .48 .48 .48 .60 .60 .60 .60
221 20200 20020 20000 20000 .44 .44 .44 .44 .55 .55 .55 .55
222 20200 20020 20000 20000 .44 .44 .44 .44 .55 .55 .55 .55
223 20200 20020 20000 20000 .44 .44 .44 .44 .55 .55 .55 .55
224 20200 20020 20000 20000 .44 .44 .44 .44 .55 .55 .55 .55
225 20200 20020 20000 20000 .44 .44 .44 .44 .55 .55 .55 .55
226 20200 20020 20000 20000 .44 .44 .44 .44 .55 .55 .55 .55
227 20200 20020 20000 20000 .44 .44 .44 .44 .55 .55 .55 .55
228 20200 20020 20000 20000 .44 .44 .44 .44 .55 .55 .55 .55
229 20200 20020 20000 20000 .44 .44 .44 .44 .55 .55 .55 .55
230 20200 20020 20000 20000 .44 .44 .44 .44 .55 .55 .55 .55
231 20200 20020 20000 20000 .44 .44 .44 .44 .55 .55 .55 .55
232 20200 20020 20000 20000 .44 .44 .44 .44 .55 .55 .55 .55
233 20200 20020 20000 20000 .44 .44 .44 .44 .55 .55 .55 .55
234 20200 20020 20000 20000 .44 .44 .44 .44 .55 .55 .55 .55
235 20200 20020 20000 20000 .44 .44 .44 .44 .55 .55 .55 .55
236 20200 20020 20000 20000 .44 .44 .44 .44 .55 .55 .55 .55
237 20200 20020 20000 20000 .44 .44 .44 .44 .55 .55 .55 .55
238 20200 20020 20000 20000 .44 .44 .44 .44 .55 .55 .55 .55
239 20200 20020 20000 20000 .44 .44 .44 .44 .55 .55 .55 .55
240 20020 20020 20000 20020 .72 .72 .72 .72 .79 .79 .79 .79
241 20020 20020 20000 20020 .72 .72 .72 .72 .79 .79 .79 .79
242 20020 20020 20000 20020 .72 .72 .72 .72 .79 .79 .79 .79
243 20020 20020 20000 20020 .72 .72 .72 .72 .79 .79 .79 .79
244 20020 20020 20000 20020 .72 .72 .72 .72 .79 .79 .79 .79
245 20020 20020 20000 20020 .72 .72 .72 .72 .79 .79 .79 .79
246 20020 20020 20000 20020 .72 .72 .72 .72 .79 .79 .79 .79
247 20020 20020 20000 20020 .72 .72 .72 .72 .79 .79 .79 .79
248 20020 20020 20000 20020 .72 .72 .72 .72 .79 .79 .79 .79
249 20020 20020 20000 20020 .72 .72 .72 .72 .79 .79 .79 .79
250 20020 20020 20000 20020 .72 .72 .72 .72 .79 .79 .79 .79
251 20020 20020 20020 20020 1.00 1.00 1.00 1.00 1.00 1.00 1.00 1.00
252 20020 20020 20020 20020 1.00 1.00 1.00 1.00 1.00 1.00 1.00 1.00
253 20020 20020 20020 20020 1.00 1.00 1.00 1.00 1.00 1.00 1.00 1.00
254 20020 20020 20020 20020 1.00 1.00 1.00 1.00 1.00 1.00 1.00 1.00
255 20020 20020 20020 20020 1.00 1.00 1.00 1.00 1.00 1.00 1.00 1.00
256 20020 20020 20020 20020 1.00 1.00 1.00 1.00 1.00 1.00 1.00 1.00
257 20020 20020 20020 20020 1.00 1.00 1.00 1.00 1.00 1.00 1.00 1.00
258 20020 20020 20020 20020 1.00 1.00 1.00 1.00 1.00 1.00 1.00 1.00
259 20020 20020 20020 20020 1.00 1.00 1.00 1.00 1.00 1.00 1.00 1.00
260 20200 20020 20020 20020 .48 .48 .48 .48 .60 .60 .60 .60
261 20200 20020 20020 20020 .48 .48 .48 .48 .60 .60 .60 .60
262 20200 20020 20020 20020 .48 .48 .48 .48 .60 .60 .60 .60
263 20200 20020 20020 20020 .48 .48 .48 .48 .60 .60 .60 .60
264 20200 20020 20020 20020 .48 .48 .48 .48 .60 .60 .60 .60
265 20200 20020 20020 20020 .48 .48 .48 .48 .60 .60 .60 .60
266 20200 20020 20000 20000 .44 .44 .44 .44 .55 .55 .55 .55
267 20200 20020 20000 20000 .44 .44 .44 .44 .55 .55 .55 .55
268 20200 20020 20000 20000 .44 .44 .44 .44 .55 .55 .55 .55
269 20200 20020 20000 20000 .44 .44 .44 .44 .55 .55 .55 .55
270 20200 20200 20000 20200 .72 .72 .72 .72 .79 .79 .79 .79
271 20200 20200 20000 20200 .72 .72 .72 .72 .79 .79 .79 .79
272 20200 20200 20000 20200 .72 .72 .72 .72 .79 .79 .79 .79
273 20200 20200 02200 20200 .48 .48 .48 .48 .60 .60 .60 .60
274 20200 20200 02200 20200 .48 .48 .48 .48 .60 .60 .60 .60
