0 00002 00002 00000 00002 .46 .46 .46 .46 .63 .63 .63 .63
1 00002 00002 00000 00002 .46 .46 .46 .46 .63 .63 .63 .63
2 00002 00002 00000 00002 .46 .46 .46 .46 .63 .63 .63 .63
3 00002 00002 00000 00002 .46 .46 .46 .46 .63 .63 .63 .63
4 00002 00002 00000 00002 .46 .46 .46 .46 .63 .63 .63 .63
5 00002 00002 00000 00002 .46 .46 .46 .46 .63 .63 .63 .63
6 00002 00002 00000 00002 .46 .46 .46 .46 .63 .63 .63 .63
7 00002 00002 00000 00002 .46 .46 .46 .46 .63 .63 .63 .63
8 00002 00002 00000 00002 .46 .46 .46 .46 .63 .63 .63 .63
9 00002 00002 00000 00002 .46 .46 .46 .46 .63 .63 .63 .63
10 00002 00002 00000 00002 .46 .46 .46 .46 .63 .63 .63 .63
11 00002 00002 00000 00002 .46 .46 .46 .46 .63 .63 .63 .63
12 00002 00002 00000 00002 .46 .46 .46 .46 .63 .63 .63 .63
13 00002 00002 00000 00002 .46 .46 .46 .46 .63 .63 .63 .63
14 00002 00002 00000 00002 .46 .46 .46 .46 .63 .63 .63 .63
15 00002 00002 00000 00002 .46 .46 .46 .46 .63 .63 .63 .63
16 00002 00002 00000 00002 .46 .46 .46 .46 .63 .63 .63 .63
17 00002 00002 00000 00002 .46 .46 .46 .46 .63 .63 .63 .63
18 00002 00002 00000 00002 .46 .46 .46 .46 .63 .63 .63 .63
19 00002 00002 00000 00002 .46 .46 .46 .46 .63 .63 .63 .63
20 00002 00002 00000 00002 .46 .46 .46 .46 .63 .63 .63 .63
21 00002 00002 00000 00002 .46 .46 .46 .46 .63 .63 .63 .63
22 00002 00002 00000 00002 .46 .46 .46 .46 .63 .63 .63 .63
23 00002 00002 00000 00002 .46 .46 .46 .46 .63 .63 .63 .63
24 00002 00002 00000 00002 .46 .46 .46 .46 .63 .63 .63 .63
25 00002 00002 00000 00002 .46 .46 .46 .46 .63 .63 .63 .63
26 00002 00002 00000 00002 .46 .46 .46 .46 .63 .63 .63 .63
27 00002 00002 00000 00002 .46 .46 .46 .46 .63 .63 .63 .63
28 00002 00002 00000 00002 .46 .46 .46 .46 .63 .63 .63 .63
29 00002 00002 00000 00002 .46 .46 .46 .46 .63 .63 .63 .63
30 00002 00002 00000 00002 .46 .46 .46 .46 .63 .63 .63 .63
31 00002 00002 00000 00002 .46 .46 .46 .46 .63 .63 .63 .63
32 00002 00002 00000 00002 .46 .46 .46 .46 .63 .63 .63 .63
33 00002 00002 00000 00002 .46 .46 .46 .46 .63 .63 .63 .63
34 00002 00002 00000 00002 .46 .46 .46 .46 .63 .63 .63 .63
35 00002 00002 00000 00002 .46 .46 .46 .46 .63 .63 .63 .63
36 00002 00002 00000 00002 .46 .46 .46 .46 .63 .63 .63 .63
37 00002 00002 00000 00002 .46 .46 .46 .46 .63 .63 .63 .63
38 00002 00002 00000 00002 .46 .46 .46 .46 .63 .63 .63 .63
39 00002 00002 00000 00002 .46 .46 .46 .46 .63 .63 .63 .63
40 00002 00002 00000 00002 .46 .46 .46 .46 .63 .63 .63 .63
41 00002 00002 00000 00002 .46 .46 .46 .46 .63 .63 .63 .63
42 00002 00002 00000 00002 .46 .46 .46 .46 .63 .63 .63 .63
43 00002 00002 00000 00002 .46 .46 .46 .46 .63 .63 .63 .63
44 00002 00002 00000 00002 .46 .46 .46 .46 .63 .63 .63 .63
45 00002 00002 00000 00002 .46 .46 .46 .46 .63 .63 .63 .63
46 00002 00002 00000 00002 .46 .46 .46 .46 .63 .63 .63 .63
47 00002 00002 00000 00002 .46 .46 .46 .46 .63 .63 .63 .63
48 00002 00002 00000 00002 .46 .46 .46 .46 .63 .63 .63 .63
49 00002 00002 00000 00002 .46 .46 .46 .46 .63 .63 .63 .63
50 00002 00002 00000 00002 .46 .46 .46 .46 .63 .63 .63 .63
51 00002 00002 00000 00002 .46 .46 .46 .46 .63 .63 .63 .63
52 00002 00002 00000 00002 .46 .46 .46 .46 .63 .63 .63 .63
53 00002 00002 00000 00002 .46 .46 .46 .46 .63 .63 .63 .63
54 00002 00002 00000 00002 .46 .46 .46 .46 .63 .63 .63 .63
55 00002 00002 00000 00002 .46 .46 .46 .46 .63 .63 .63 .63
56 00002 00002 00000 00002 .46 .46 .46 .46 .63 .63 .63 .63
57 00002 00002 00000 00002 .46 .46 .46 .46 .63 .63 .63 .63
58 00002 00002 00000 00002 .46 .46 .46 .46 .63 .63 .63 .63
59 00002 00002 00000 00002 .46 .46 .46 .46 .63 .63 .63 .63
60 00002 00002 00000 00002 .46 .46 .46 .46 .63 .63 .63 .63
61 00002 00002 00000 00002 .46 .46 .46 .46 .63 .63 .63 .63
62 00002 00002 00000 00002 .46 .46 .46 .46 .63 .63 .63 .63
63 00002 00002 00000 00002 .46 .46 .46 .46 .63 .63 .63 .63
64 00002 00002 00000 00002 .46 .46 .46 .46 .63 .63 .63 .63
65 00002 00002 00000 00002 .46 .46 .46 .46 .63 .63 .63 .63
66 00002 00002 00000 00002 .46 .46 .46 .46 .63 .63 .63 .63
67 00002 00002 00000 00002 .46 .46 .46 .46 .63 .63 .63 .63
68 00002 00002 00000 00002 .46 .46 .46 .46 .63 .63 .63 .63
69 00002 00002 00000 00002 .46 .46 .46 .46 .63 .63 .63 .63
70 00002 00002 00000 00002 .46 .46 .46 .46 .63 .63 .63 .63
71 00002 00002 00000 00002 .46 .46 .46 .46 .63 .63 .63 .63
72 00002 00002 00000 00002 .46 .46 .46 .46 .63 .63 .63 .63
73 00002 00002 00000 00002 .46 .46 .46 .46 .63 .63 .63 .63
74 00002 00002 00000 00002 .46 .46 .46 .46 .63 .63 .63 .63
75 00002 00002 00000 00002 .46 .46 .46 .46 .63 .63 .63 .63
76 00002 00002 00000 00002 .46 .46 .46 .46 .63 .63 .63 .63
77 00002 00002 00000 00002 .46 .46 .46 .46 .63 .63 .63 .63
78 00002 00002 00000 00002 .46 .46 .46 .46 .63 .63 .63 .63
79 00002 00002 00000 00002 .46 .46 .46 .46 .63 .63 .63 .63
80 00002 00002 00000 00002 .46 .46 .46 .46 .63 .63 .63 .63
81 00002 00002 00000 00002 .46 .46 .46 .46 .63 .63 .63 .63
82 00002 00002 00000 00002 .46 .46 .46 .46 .63 .63 .63 .63
83 00002 00002 00000 00002 .46 .46 .46 .46 .63 .63 .63 .63
84 00002 00002 00000 00002 .46 .46 .46 .46 .63 .63 .63 .63
85 00002 00002 00000 00002 .46 .46 .46 .46 .63 .63 .63 .63
86 00002 00002 00000 00002 .46 .46 .46 .46 .63 .63 .63 .63
87 00002 00002 00000 00002 .46 .46 .46 .46 .63 .63 .63 .63
88 00002 00002 00000 00002 .46 .46 .46 .46 .63 .63 .63 .63
89 00002 00002 00000 00002 .46 .46 .46 .46 .63 .63 .63 .63
90 00002 00002 00020 00002 .22 .22 .22 .22 .41 .41 .41 .41
91 00002 00002 00020 00002 .22 .22 .22 .22 .41 .41 .41 .41
92 00002 00002 00020 00002 .22 .22 .22 .22 .41 .41 .41 .41
93 00002 00002 00020 00002 .22 .22 .22 .22 .41 .41 .41 .41
94 00002 00002 00020 00002 .22 .22 .22 .22 .41 .41 .41 .41
95 00002 00002 00020 00002 .22 .22 .22 .22 .41 .41 .41 .41
96 00002 00002 00020 00002 .22 .22 .22 .22 .41 .41 .41 .41
97 00002 00002 00020 00002 .22 .22 .22 .22 .41 .41 .41 .41
98 00002 00002 00020 00002 .22 .22 .22 .22 .41 .41 .41 .41
99 00002 00002 00020 00002 .22 .22 .22 .22 .41 .41 .41 .41
100 00022 00022 00020 00022 .72 .72 .72 .72 .79 .79 .79 .79
101 00022 00022 00020 00022 .72 .72 .72 .72 .79 .79 .79 .79
102 00022 00022 00020 00022 .72 .72 .72 .72 .79 .79 .79 .79
103 00022 00022 00020 00022 .72 .72 .72 .72 .79 .79 .79 .79
104 00022 00022 00020 00022 .72 .72 .72 .72 .79 .79 .79 .79
105 00022 00022 00020 00022 .72 .72 .72 .72 .79 .79 .79 .79
106 00022 00022 00020 00022 .72 .72 .72 .72 .79 .79 .79 .79
107 00022 00022 00020 00022 .72 .72 .72 .72 .79 .79 .79 .79
108 00022 00022 00020 00022 .72 .72 .72 .72 .79 .79 .79 .79
109 00022 00022 00020 00022 .72 .72 .72 .72 .79 .79 .79 .79
110 00202 00202 00020 00202 .16 .16 .16 .16 .37 .37 .37 .37
111 00202 00202 00020 00202 .16 .16 .16 .16 .37 .37 .37 .37
112 00202 00202 00020 00202 .16 .16 .16 .16 .37 .37 .37 .37
113 00202 00202 00020 00202 .16 .16 .16 .16 .37 .37 .37 .37
114 00202 00202 00020 00202 .16 .16 .16 .16 .37 .37 .37 .37
115 00202 00202 00020 00202 .16 .16 .16 .16 .37 .37 .37 .37
116 00202 00202 00020 00202 .16 .16 .16 .16 .37 .37 .37 .37
117 00202 00202 00020 00202 .16 .16 .16 .16 .37 .37 .37 .37
118 00202 00202 00020 00202 .16 .16 .16 .16 .37 .37 .37 .37
119 00202 00202 00020 00202 .16 .16 .16 .16 .37 .37 .37 .37
120 00202 00202 00020 00202 .16 .16 .16 .16 .37 .37 .37 .37
121 00202 00202 00020 00202 .16 .16 .16 .16 .37 .37 .37 .37
122 00202 00202 00020 00202 .16 .16 .16 .16 .37 .37 .37 .37
123 00202 00202 00020 00202 .16 .16 .16 .16 .37 .37 .37 .37
124 00202 00202 00020 00202 .16 .16 .16 .16 .37 .37 .37 .37
125 00202 00202 00020 00202 .16 .16 .16 .16 .37 .37 .37 .37
126 00202 00202 00020 00202 .16 .16 .16 .16 .37 .37 .37 .37
127 00202 00202 00020 00202 .16 .16 .16 .16 .37 .37 .37 .37
128 00202 00202 00020 00202 .16 .16 .16 .16 .37 .37 .37 .37
129 00202 00202 00020 00202 .16 .16 .16 .16 .37 .37 .37 .37
130 00202 00202 00020 00202 .16 .16 .16 .16 .37 .37 .37 .37
131 00202 00202 00020 00202 .16 .16 .16 .16 .37 .37 .37 .37
132 00202 00202 00020 00202 .16 .16 .16 .16 .37 .37 .37 .37
133 00202 00202 00020 00202 .16 .16 .16 .16 .37 .37 .37 .37
134 00202 00202 00020 00202 .16 .16 .16 .16 .37 .37 .37 .37
135 00202 00202 00020 00202 .16 .16 .16 .16 .37 .37 .37 .37
136 00202 00202 00020 00202 .16 .16 .16 .16 .37 .37 .37 .37
137 00202 00202 00020 00202 .16 .16 .16 .16 .37 .37 .37 .37
138 00202 00202 00020 00202 .16 .16 .16 .16 .37 .37 .37 .37
139 00202 00202 00020 00202 .16 .16 .16 .16 .37 .37 .37 .37
140 00202 00202 00020 00202 .16 .16 .16 .16 .37 .37 .37 .37
141 00202 00202 00020 00202 .16 .16 .16 .16 .37 .37 .37 .37
142 00202 00202 00020 00202 .16 .16 .16 .16 .37 .37 .37 .37
143 00202 00202 00200 00202 .72 .72 .72 .72 .79 .79 .79 .79
144 00202 00202 00200 00202 .72 .72 .72 .72 .79 .79 .79 .79
145 00202 00202 00200 00202 .72 .72 .72 .72 .79 .79 .79 .79
146 00202 00202 00200 00202 .72 .72 .72 .72 .79 .79 .79 .79
147 00202 00202 00200 00202 .72 .72 .72 .72 .79 .79 .79 .79
148 00202 00202 00200 00202 .72 .72 .72 .72 .79 .79 .79 .79
149 00202 00202 00200 00202 .72 .72 .72 .72 .79 .79 .79 .79
150 00202 00202 00200 00202 .72 .72 .72 .72 .79 .79 .79 .79
151 00202 00202 00200 00202 .72 .72 .72 .72 .79 .79 .79 .79
152 00202 00202 00200 00202 .72 .72 .72 .72 .79 .79 .79 .79
153 00202 00202 00200 00202 .72 .72 .72 .72 .79 .79 .79 .79
154 00202 00202 00200 00202 .72 .72 .72 .72 .79 .79 .79 .79
155 00202 00202 00200 00202 .72 .72 .72 .72 .79 .79 .79 .79
156 00202 00202 00200 00202 .72 .72 .72 .72 .79 .79 .79 .79
157 00202 00202 00200 00202 .72 .72 .72 .72 .79 .79 .79 .79
158 00202 00202 00200 00202 .72 .72 .72 .72 .79 .79 .79 .79
159 00202 00202 00200 00202 .72 .72 .72 .72 .79 .79 .79 .79
160 00200 00200 00200 00200 1.00 1.00 1.00 1.00 1.00 1.00 1.00 1.00
161 00200 00200 00200 00200 1.00 1.00 1.00 1.00 1.00 1.00 1.00 1.00
162 00200 00200 00200 00200 1.00 1.00 1.00 1.00 1.00 1.00 1.00 1.00
163 00200 00200 00200 00200 1.00 1.00 1.00 1.00 1.00 1.00 1.00 1.00
164 00200 00200 00200 00200 1.00 1.00 1.00 1.00 1.00 1.00 1.00 1.00
165 00200 00200 00200 00200 1.00 1.00 1.00 1.00 1.00 1.00 1.00 1.00
166 00200 00200 00200 00200 1.00 1.00 1.00 1.00 1.00 1.00 1.00 1.00
167 00200 00200 00200 00200 1.00 1.00 1.00 1.00 1.00 1.00 1.00 1.00
168 00200 00200 00200 00200 1.00 1.00 1.00 1.00 1.00 1.00 1.00 1.00
169 00200 00200 00200 00200 1.00 1.00 1.00 1.00 1.00 1.00 1.00 1.00
170 00200 00200 00200 00200 1.00 1.00 1.00 1.00 1.00 1.00 1.00 1.00
171 00200 00200 00200 00200 1.00 1.00 1.00 1.00 1.00 1.00 1.00 1.00
172 00200 00200 00200 00200 1.00 1.00 1.00 1.00 1.00 1.00 1.00 1.00
173 00200 00200 00200 00200 1.00 1.00 1.00 1.00 1.00 1.00 1.00 1.00
174 00200 00200 00200 00200 1.00 1.00 1.00 1.00 1.00 1.00 1.00 1.00
175 00200 00200 00200 00200 1.00 1.00 1.00 1.00 1.00 1.00 1.00 1.00
176 00200 00200 00200 00200 1.00 1.00 1.00 1.00 1.00 1.00 1.00 1.00
177 00200 00200 00200 00200 1.00 1.00 1.00 1.00 1.00 1.00 1.00 1.00
178 00200 00200 00200 00200 1.00 1.00 1.00 1.00 1.00 1.00 1.00 1.00
179 00200 00200 00200 00200 1.00 1.00 1.00 1.00 1.00 1.00 1.00 1.00
180 00200 00200 00200 00200 1.00 1.00 1.00 1.00 1.00 1.00 1.00 1.00
181 00200 00200 00200 00200 1.00 1.00 1.00 1.00 1.00 1.00 1.00 1.00
182 00200 00200 00200 00200 1.00 1.00 1.00 1.00 1.00 1.00 1.00 1.00
183 00200 00200 00200 00200 1.00 1.00 1.00 1.00 1.00 1.00 1.00 1.00
184 00200 00200 00200 00200 1.00 1.00 1.00 1.00 1.00 1.00 1.00 1.00
185 00200 00200 00200 00200 1.00 1.00 1.00 1.00 1.00 1.00 1.00 1.00
186 00200 00200 00200 00200 1.00 1.00 1.00 1.00 1.00 1.00 1.00 1.00
187 00200 00200 00200 00200 1.00 1.00 1.00 1.00 1.00 1.00 1.00 1.00
188 00200 00200 00200 00200 1.00 1.00 1.00 1.00 1.00 1.00 1.00 1.00
189 00200 00200 00200 00200 1.00 1.00 1.00 1.00 1.00 1.00 1.00 1.00
190 00200 00200 00200 00200 1.00 1.00 1.00 1.00 1.00 1.00 1.00 1.00
191 00200 00200 00200 00200 1.00 1.00 1.00 1.00 1.00 1.00 1.00 1.00
192 00200 00200 00200 00200 1.00 1.00 1.00 1.00 1.00 1.00 1.00 1.00
193 00200 00200 00200 00200 1.00 1.00 1.00 1.00 1.00 1.00 1.00 1.00
194 00200 00200 00200 00200 1.00 1.00 1.00 1.00 1.00 1.00 1.00 1.00
195 00200 00200 00200 00200 1.00 1.00 1.00 1.00 1.00 1.00 1.00 1.00
196 00200 00200 00200 00200 1.00 1.00 1.00 1.00 1.00 1.00 1.00 1.00
197 00200 00200 00200 00200 1.00 1.00 1.00 1.00 1.00 1.00 1.00 1.00
198 00200 00200 00200 00200 1.00 1.00 1.00 1.00 1.00 1.00 1.00 1.00
199 00200 00200 00200 00200 1.00 1.00 1.00 1.00 1.00 1.00 1.00 1.00
200 00200 00200 00200 00200 1.00 1.00 1.00 1.00 1.00 1.00 1.00 1.00
201 00200 00200 00200 00200 1.00 1.00 1.00 1.00 1.00 1.00 1.00 1.00
202 00200 00200 00200 00200 1.00 1.00 1.00 1.00 1.00 1.00 1.00 1.00
203 00200 00200 00200 00200 1.00 1.00 1.00 1.00 1.00 1.00 1.00 1.00
204 00200 00200 00200 00200 1.00 1.00 1.00 1.00 1.00 1.00 1.00 1.00
205 00200 00200 00200 00200 1.00 1.00 1.00 1.00 1.00 1.00 1.00 1.00
206 00200 00200 00200 00200 1.00 1.00 1.00 1.00 1.00 1.00 1.00 1.00
207 00200 00200 00200 00200 1.00 1.00 1.00 1.00 1.00 1.00 1.00 1.00
208 00200 00200 00200 00200 1.00 1.00 1.00 1.00 1.00 1.00 1.00 1.00
209 00200 00200 00200 00200 1.00 1.00 1.00 1.00 1.00 1.00 1.00 1.00
210 00200 00200 00200 00200 1.00 1.00 1.00 1.00 1.00 1.00 1.00 1.00
211 00200 00200 00200 00200 1.00 1.00 1.00 1.00 1.00 1.00 1.00 1.00
212 00200 00200 00200 00200 1.00 1.00 1.00 1.00 1.00 1.00 1.00 1.00
213 00200 00200 00200 00200 1.00 1.00 1.00 1.00 1.00 1.00 1.00 1.00
214 00200 00200 00200 00200 1.00 1.00 1.00 1.00 1.00 1.00 1.00 1.00
215 00200 00200 00200 00200 1.00 1.00 1.00 1.00 1.00 1.00 1.00 1.00
216 00200 00200 00200 00200 1.00 1.00 1.00 1.00 1.00 1.00 1.00 1.00
217 00200 00200 00200 00200 1.00 1.00 1.00 1.00 1.00 1.00 1.00 1.00
218 00200 00200 00200 00200 1.00 1.00 1.00 1.00 1.00 1.00 1.00 1.00
219 00200 00200 00200 00200 1.00 1.00 1.00 1.00 1.00 1.00 1.00 1.00
220 00200 00200 00200 00200 1.00 1.00 1.00 1.00 1.00 1.00 1.00 1.00
221 00200 00200 00200 00200 1.00 1.00 1.00 1.00 1.00 1.00 1.00 1.00
222 00200 00200 00200 00200 1.00 1.00 1.00 1.00 1.00 1.00 1.00 1.00
223 00200 00200 00200 00200 1.00 1.00 1.00 1.00 1.00 1.00 1.00 1.00
224 00200 00200 00200 00200 1.00 1.00 1.00 1.00 1.00 1.00 1.00 1.00
225 00200 00200 00200 00200 1.00 1.00 1.00 1.00 1.00 1.00 1.00 1.00
226 00200 00200 00200 00200 1.00 1.00 1.00 1.00 1.00 1.00 1.00 1.00
227 00200 00200 00200 00200 1.00 1.00 1.00 1.00 1.00 1.00 1.00 1.00
228 00200 00200 00200 00200 1.00 1.00 1.00 1.00 1.00 1.00 1.00 1.00
229 00200 00200 00200 00200 1.00 1.00 1.00 1.00 1.00 1.00 1.00 1.00
230 00200 00200 00200 00200 1.00 1.00 1.00 1.00 1.00 1.00 1.00 1.00
231 00200 00200 00200 00200 1.00 1.00 1.00 1.00 1.00 1.00 1.00 1.00
232 00200 00200 00200 00200 1.00 1.00 1.00 1.00 1.00 1.00 1.00 1.00
233 00200 00200 00200 00200 1.00 1.00 1.00 1.00 1.00 1.00 1.00 1.00
234 00200 00200 00200 00200 1.00 1.00 1.00 1.00 1.00 1.00 1.00 1.00
235 00200 00200 00200 00200 1.00 1.00 1.00 1.00 1.00 1.00 1.00 1.00
236 00200 00200 00200 00200 1.00 1.00 1.00 1.00 1.00 1.00 1.00 1.00
237 00200 00200 00200 00200 1.00 1.00 1.00 1.00 1.00 1.00 1.00 1.00
238 00200 00200 00200 00200 1.00 1.00 1.00 1.00 1.00 1.00 1.00 1.00
239 00200 00200 00200 00200 1.00 1.00 1.00 1.00 1.00 1.00 1.00 1.00
240 00200 00200 00200 00200 1.00 1.00 1.00 1.00 1.00 1.00 1.00 1.00
241 00200 00200 00200 00200 1.00 1.00 1.00 1.00 1.00 1.00 1.00 1.00
242 00200 00200 00200 00200 1.00 1.00 1.00 1.00 1.00 1.00 1.00 1.00
243 00200 00200 00200 00200 1.00 1.00 1.00 1.00 1.00 1.00 1.00 1.00
244 00200 00200 00200 00200 1.00 1.00 1.00 1.00 1.00 1.00 1.00 1.00
245 00200 00200 00200 00200 1.00 1.00 1.00 1.00 1.00 1.00 1.00 1.00
246 00200 00200 00200 00200 1.00 1.00 1.00 1.00 1.00 1.00 1.00 1.00
247 00200 00200 00200 00200 1.00 1.00 1.00 1.00 1.00 1.00 1.00 1.00
248 00200 00200 00200 00200 1.00 1.00 1.00 1.00 1.00 1.00 1.00 1.00
249 00200 00200 00200 00200 1.00 1.00 1.00 1.00 1.00 1.00 1.00 1.00
250 00200 00200 00200 00200 1.00 1.00 1.00 1.00 1.00 1.00 1.00 1.00
251 00200 00200 00200 00200 1.00 1.00 1.00 1.00 1.00 1.00 1.00 1.00
252 00200 00200 00200 00200 1.00 1.00 1.00 1.00 1.00 1.00 1.00 1.00
253 00200 00200 00200 00200 1.00 1.00 1.00 1.00 1.00 1.00 1.00 1.00
254 00200 00200 00200 00200 1.00 1.00 1.00 1.00 1.00 1.00 1.00 1.00
255 00200 00200 00200 00200 1.00 1.00 1.00 1.00 1.00 1.00 1.00 1.00
256 00200 00200 00200 00200 1.00 1.00 1.00 1.00 1.00 1.00 1.00 1.00
257 00200 00200 00200 00200 1.00 1.00 1.00 1.00 1.00 1.00 1.00 1.00
258 00200 00200 00200 00200 1.00 1.00 1.00 1.00 1.00 1.00 1.00 1.00
259 00200 00200 00200 00200 1.00 1.00 1.00 1.00 1.00 1.00 1.00 1.00
260 00201 00201 00200 00201 .75 .83 .90 .72 .82 .87 .93 .79
