0 00022 00022 00000 00022 .36 .36 .36 .36 .55 .55 .55 .55
1 00022 00022 00000 00022 .36 .36 .36 .36 .55 .55 .55 .55
2 00022 00022 00000 00022 .36 .36 .36 .36 .55 .55 .55 .55
3 00022 00022 00000 00022 .36 .36 .36 .36 .55 .55 .55 .55
4 00022 00022 00000 00022 .36 .36 .36 .36 .55 .55 .55 .55
5 00022 00022 00000 00022 .36 .36 .36 .36 .55 .55 .55 .55
6 00022 00022 00000 00022 .36 .36 .36 .36 .55 .55 .55 .55
7 00022 00022 00000 00022 .36 .36 .36 .36 .55 .55 .55 .55
8 00022 00022 00000 00022 .36 .36 .36 .36 .55 .55 .55 .55
9 00022 00022 00000 00022 .36 .36 .36 .36 .55 .55 .55 .55
10 00022 00022 00000 00022 .36 .36 .36 .36 .55 .55 .55 .55
11 00022 00022 00000 00022 .36 .36 .36 .36 .55 .55 .55 .55
12 00022 00022 00000 00022 .36 .36 .36 .36 .55 .55 .55 .55
13 00022 00022 00000 00022 .36 .36 .36 .36 .55 .55 .55 .55
14 00022 00022 00000 00022 .36 .36 .36 .36 .55 .55 .55 .55
15 00022 00022 00000 00022 .36 .36 .36 .36 .55 .55 .55 .55
16 00022 00022 00000 00022 .36 .36 .36 .36 .55 .55 .55 .55
17 00022 00022 00000 00022 .36 .36 .36 .36 .55 .55 .55 .55
18 00022 00022 00000 00022 .36 .36 .36 .36 .55 .55 .55 .55
19 00022 00022 00000 00022 .36 .36 .36 .36 .55 .55 .55 .55
20 00022 00022 00000 00022 .36 .36 .36 .36 .55 .55 .55 .55
21 00022 00022 00020 00022 .72 .72 .72 .72 .79 .79 .79 .79
22 00022 00022 00020 00022 .72 .72 .72 .72 .79 .79 .79 .79
23 00022 00022 00020 00022 .72 .72 .72 .72 .79 .79 .79 .79
24 00022 00022 00020 00022 .72 .72 .72 .72 .79 .79 .79 .79
25 00022 00022 00020 00022 .72 .72 .72 .72 .79 .79 .79 .79
26 00022 00022 00020 00022 .72 .72 .72 .72 .79 .79 .79 .79
27 00022 00022 00020 00022 .72 .72 .72 .72 .79 .79 .79 .79
28 00022 00022 00020 00022 .72 .72 .72 .72 .79 .79 .79 .79
29 00022 00022 00020 00022 .72 .72 .72 .72 .79 .79 .79 .79
30 00002 00002 00020 00002 .22 .22 .22 .22 .41 .41 .41 .41
31 00002 00002 00020 00002 .22 .22 .22 .22 .41 .41 .41 .41
32 00002 00002 00020 00002 .22 .22 .22 .22 .41 .41 .41 .41
33 00002 00002 00020 00002 .22 .22 .22 .22 .41 .41 .41 .41
34 00002 00002 00020 00002 .22 .22 .22 .22 .41 .41 .41 .41
35 00002 00002 00020 00002 .22 .22 .22 .22 .41 .41 .41 .41
36 00002 00002 00020 00002 .22 .22 .22 .22 .41 .41 .41 .41
37 00002 00002 00020 00002 .22 .22 .22 .22 .41 .41 .41 .41
38 00002 00002 00020 00002 .22 .22 .22 .22 .41 .41 .41 .41
39 00002 00002 00020 00002 .22 .22 .22 .22 .41 .41 .41 .41
40 00002 00002 00020 00002 .22 .22 .22 .22 .41 .41 .41 .41
41 00002 00002 00020 00002 .22 .22 .22 .22 .41 .41 .41 .41
42 00002 00002 00020 00002 .22 .22 .22 .22 .41 .41 .41 .41
43 00002 00002 00020 00002 .22 .22 .22 .22 .41 .41 .41 .41
44 00002 00002 00020 00002 .22 .22 .22 .22 .41 .41 .41 .41
45 00002 00002 00020 00002 .22 .22 .22 .22 .41 .41 .41 .41
46 00002 00002 00020 00002 .22 .22 .22 .22 .41 .41 .41 .41
47 00002 00002 00020 00002 .22 .22 .22 .22 .41 .41 .41 .41
48 00002 00002 00020 00002 .22 .22 .22 .22 .41 .41 .41 .41
49 00002 00002 00020 00002 .22 .22 .22 .22 .41 .41 .41 .41
50 00022 00022 00020 00022 .72 .72 .72 .72 .79 .79 .79 .79
51 00022 00022 00020 00022 .72 .72 .72 .72 .79 .79 .79 .79
52 00022 00022 00020 00022 .72 .72 .72 .72 .79 .79 .79 .79
53 00022 00022 00020 00022 .72 .72 .72 .72 .79 .79 .79 .79
54 00022 00022 00020 00022 .72 .72 .72 .72 .79 .79 .79 .79
55 00022 00022 00020 00022 .72 .72 .72 .72 .79 .79 .79 .79
56 00022 00022 00020 00022 .72 .72 .72 .72 .79 .79 .79 .79
57 00022 00022 00020 00022 .72 .72 .72 .72 .79 .79 .79 .79
58 00022 00022 00200 00022 .16 .16 .16 .16 .37 .37 .37 .37
59 00022 00022 00200 00022 .16 .16 .16 .16 .37 .37 .37 .37
60 00202 00202 00200 00202 .72 .72 .72 .72 .79 .79 .79 .79
61 00202 00202 00200 00202 .72 .72 .72 .72 .79 .79 .79 .79
62 00202 00202 00200 00202 .72 .72 .72 .72 .79 .79 .79 .79
63 00202 00202 00200 00202 .72 .72 .72 .72 .79 .79 .79 .79
64 00202 00202 00200 00202 .72 .72 .72 .72 .79 .79 .79 .79
65 00202 00202 00200 00202 .72 .72 .72 .72 .79 .79 .79 .79
66 00202 00202 00200 00202 .72 .72 .72 .72 .79 .79 .79 .79
67 00202 00202 00200 00202 .72 .72 .72 .72 .79 .79 .79 .79
68 00202 00202 00200 00202 .72 .72 .72 .72 .79 .79 .79 .79
69 00202 00202 00200 00202 .72 .72 .72 .72 .79 .79 .79 .79
70 00200 00200 00200 00200 1.00 1.00 1.00 1.00 1.00 1.00 1.00 1.00
71 00200 00200 00200 00200 1.00 1.00 1.00 1.00 1.00 1.00 1.00 1.00
72 00200 00200 00200 00200 1.00 1.00 1.00 1.00 1.00 1.00 1.00 1.00
73 00200 00200 00200 00200 1.00 1.00 1.00 1.00 1.00 1.00 1.00 1.00
74 00200 00200 00200 00200 1.00 1.00 1.00 1.00 1.00 1.00 1.00 1.00
75 00200 00200 00200 00200 1.00 1.00 1.00 1.00 1.00 1.00 1.00 1.00
76 00200 00200 00200 00200 1.00 1.00 1.00 1.00 1.00 1.00 1.00 1.00
77 00200 00200 00200 00200 1.00 1.00 1.00 1.00 1.00 1.00 1.00 1.00
78 00200 00200 00200 00200 1.00 1.00 1.00 1.00 1.00 1.00 1.00 1.00
79 00200 00200 00200 00200 1.00 1.00 1.00 1.00 1.00 1.00 1.00 1.00
80 00200 00200 00200 00200 1.00 1.00 1.00 1.00 1.00 1.00 1.00 1.00
81 00200 00200 00200 00200 1.00 1.00 1.00 1.00 1.00 1.00 1.00 1.00
82 00200 00200 00200 00200 1.00 1.00 1.00 1.00 1.00 1.00 1.00 1.00
83 00200 00200 00200 00200 1.00 1.00 1.00 1.00 1.00 1.00 1.00 1.00
84 00200 00200 00200 00200 1.00 1.00 1.00 1.00 1.00 1.00 1.00 1.00
85 00200 00200 00200 00200 1.00 1.00 1.00 1.00 1.00 1.00 1.00 1.00
86 00200 00200 00200 00200 1.00 1.00 1.00 1.00 1.00 1.00 1.00 1.00
87 00200 00200 00200 00200 1.00 1.00 1.00 1.00 1.00 1.00 1.00 1.00
88 00200 00200 00200 00200 1.00 1.00 1.00 1.00 1.00 1.00 1.00 1.00
89 00200 00200 00200 00200 1.00 1.00 1.00 1.00 1.00 1.00 1.00 1.00
90 00200 00200 00200 00200 1.00 1.00 1.00 1.00 1.00 1.00 1.00 1.00
91 00200 00200 00200 00200 1.00 1.00 1.00 1.00 1.00 1.00 1.00 1.00
92 00200 00200 00200 00200 1.00 1.00 1.00 1.00 1.00 1.00 1.00 1.00
93 00200 00200 00200 00200 1.00 1.00 1.00 1.00 1.00 1.00 1.00 1.00
94 00200 00200 00200 00200 1.00 1.00 1.00 1.00 1.00 1.00 1.00 1.00
95 00200 00200 00200 00200 1.00 1.00 1.00 1.00 1.00 1.00 1.00 1.00
96 00200 00200 00200 00200 1.00 1.00 1.00 1.00 1.00 1.00 1.00 1.00
97 00200 00200 00200 00200 1.00 1.00 1.00 1.00 1.00 1.00 1.00 1.00
98 00200 00200 00200 00200 1.00 1.00 1.00 1.00 1.00 1.00 1.00 1.00
99 00200 00200 00200 00200 1.00 1.00 1.00 1.00 1.00 1.00 1.00 1.00
100 00200 00200 00200 00200 1.00 1.00 1.00 1.00 1.00 1.00 1.00 1.00
101 00200 00200 00200 00200 1.00 1.00 1.00 1.00 1.00 1.00 1.00 1.00
102 00200 00200 00200 00200 1.00 1.00 1.00 1.00 1.00 1.00 1.00 1.00
103 00200 00200 00200 00200 1.00 1.00 1.00 1.00 1.00 1.00 1.00 1.00
104 00200 00200 00200 00200 1.00 1.00 1.00 1.00 1.00 1.00 1.00 1.00
105 00200 00200 00200 00200 1.00 1.00 1.00 1.00 1.00 1.00 1.00 1.00
106 00200 00200 00200 00200 1.00 1.00 1.00 1.00 1.00 1.00 1.00 1.00
107 00200 00200 00200 00200 1.00 1.00 1.00 1.00 1.00 1.00 1.00 1.00
108 00200 00200 00200 00200 1.00 1.00 1.00 1.00 1.00 1.00 1.00 1.00
109 00200 00200 00200 00200 1.00 1.00 1.00 1.00 1.00 1.00 1.00 1.00
110 00200 00200 00200 00200 1.00 1.00 1.00 1.00 1.00 1.00 1.00 1.00
111 00200 00200 00200 00200 1.00 1.00 1.00 1.00 1.00 1.00 1.00 1.00
112 00200 00200 00200 00200 1.00 1.00 1.00 1.00 1.00 1.00 1.00 1.00
113 00200 00200 00200 00200 1.00 1.00 1.00 1.00 1.00 1.00 1.00 1.00
114 00200 00200 00200 00200 1.00 1.00 1.00 1.00 1.00 1.00 1.00 1.00
115 00200 00200 00200 00200 1.00 1.00 1.00 1.00 1.00 1.00 1.00 1.00
116 00200 00200 00200 00200 1.00 1.00 1.00 1.00 1.00 1.00 1.00 1.00
117 00200 00200 00200 00200 1.00 1.00 1.00 1.00 1.00 1.00 1.00 1.00
118 00200 00200 00200 00200 1.00 1.00 1.00 1.00 1.00 1.00 1.00 1.00
119 00200 00200 00200 00200 1.00 1.00 1.00 1.00 1.00 1.00 1.00 1.00
120 00200 00200 00200 00200 1.00 1.00 1.00 1.00 1.00 1.00 1.00 1.00
121 00200 00200 00200 00200 1.00 1.00 1.00 1.00 1.00 1.00 1.00 1.00
122 00200 00200 00200 00200 1.00 1.00 1.00 1.00 1.00 1.00 1.00 1.00
123 00200 00200 00200 00200 1.00 1.00 1.00 1.00 1.00 1.00 1.00 1.00
124 00200 00200 00200 00200 1.00 1.00 1.00 1.00 1.00 1.00 1.00 1.00
125 00200 00200 00200 00200 1.00 1.00 1.00 1.00 1.00 1.00 1.00 1.00
126 00200 00200 00200 00200 1.00 1.00 1.00 1.00 1.00 1.00 1.00 1.00
127 00200 00200 00200 00200 1.00 1.00 1.00 1.00 1.00 1.00 1.00 1.00
128 00200 00200 00200 00200 1.00 1.00 1.00 1.00 1.00 1.00 1.00 1.00
129 00200 00200 00200 00200 1.00 1.00 1.00 1.00 1.00 1.00 1.00 1.00
130 00200 00200 00200 00200 1.00 1.00 1.00 1.00 1.00 1.00 1.00 1.00
131 00200 00200 00200 00200 1.00 1.00 1.00 1.00 1.00 1.00 1.00 1.00
132 00200 00200 02200 00200 .68 .68 .68 .68 .75 .75 .75 .75
133 00200 00200 02200 00200 .68 .68 .68 .68 .75 .75 .75 .75
134 00200 00200 02200 00200 .68 .68 .68 .68 .75 .75 .75 .75
135 00200 00200 02200 00200 .68 .68 .68 .68 .75 .75 .75 .75
136 00200 00200 02200 00200 .68 .68 .68 .68 .75 .75 .75 .75
137 00200 00200 02200 00200 .68 .68 .68 .68 .75 .75 .75 .75
138 00200 00200 02200 00200 .68 .68 .68 .68 .75 .75 .75 .75
139 00200 00200 02200 00200 .68 .68 .68 .68 .75 .75 .75 .75
140 20200 20200 02200 20200 .48 .48 .48 .48 .60 .60 .60 .60
141 20200 20200 02200 20200 .48 .48 .48 .48 .60 .60 .60 .60
142 20200 20200 02200 20200 .48 .48 .48 .48 .60 .60 .60 .60
143 20200 20200 02200 20200 .48 .48 .48 .48 .60 .60 .60 .60
144 20200 20200 02200 20200 .48 .48 .48 .48 .60 .60 .60 .60
145 20200 20200 02200 20200 .48 .48 .48 .48 .60 .60 .60 .60
146 20200 20200 02200 20200 .48 .48 .48 .48 .60 .60 .60 .60
147 20200 20200 02200 20200 .48 .48 .48 .48 .60 .60 .60 .60
148 20200 20200 02200 20200 .48 .48 .48 .48 .60 .60 .60 .60
149 20200 20200 02200 20200 .48 .48 .48 .48 .60 .60 .60 .60
150 20000 20000 20020 20000 .68 .68 .68 .68 .75 .75 .75 .75
151 20000 20000 20020 20000 .68 .68 .68 .68 .75 .75 .75 .75
152 20000 20000 20020 20000 .68 .68 .68 .68 .75 .75 .75 .75
153 20000 20000 20020 20000 .68 .68 .68 .68 .75 .75 .75 .75
154 20000 20000 20020 20000 .68 .68 .68 .68 .75 .75 .75 .75
155 20000 20000 20020 20000 .68 .68 .68 .68 .75 .75 .75 .75
156 20000 20000 20020 20000 .68 .68 .68 .68 .75 .75 .75 .75
157 20000 20000 20020 20000 .68 .68 .68 .68 .75 .75 .75 .75
158 20000 20000 20020 20000 .68 .68 .68 .68 .75 .75 .75 .75
159 20000 20000 20020 20000 .68 .68 .68 .68 .75 .75 .75 .75
160 20000 20000 20020 20000 .68 .68 .68 .68 .75 .75 .75 .75
161 20000 20000 20020 20000 .68 .68 .68 .68 .75 .75 .75 .75
162 20000 20000 20020 20000 .68 .68 .68 .68 .75 .75 .75 .75
163 20000 20000 20020 20000 .68 .68 .68 .68 .75 .75 .75 .75
164 20000 20000 20020 20000 .68 .68 .68 .68 .75 .75 .75 .75
165 20000 20000 20000 20000 1.00 1.00 1.00 1.00 1.00 1.00 1.00 1.00
166 20000 20000 20000 20000 1.00 1.00 1.00 1.00 1.00 1.00 1.00 1.00
167 20000 20000 20000 20000 1.00 1.00 1.00 1.00 1.00 1.00 1.00 1.00
168 20000 20000 20000 20000 1.00 1.00 1.00 1.00 1.00 1.00 1.00 1.00
169 20000 20000 20000 20000 1.00 1.00 1.00 1.00 1.00 1.00 1.00 1.00
170 20000 20000 20000 20000 1.00 1.00 1.00 1.00 1.00 1.00 1.00 1.00
171 20000 20000 20000 20000 1.00 1.00 1.00 1.00 1.00 1.00 1.00 1.00
172 20000 20000 20000 20000 1.00 1.00 1.00 1.00 1.00 1.00 1.00 1.00
173 20000 20000 20000 20000 1.00 1.00 1.00 1.00 1.00 1.00 1.00 1.00
174 20000 20000 20000 20000 1.00 1.00 1.00 1.00 1.00 1.00 1.00 1.00
175 20000 20000 20000 20000 1.00 1.00 1.00 1.00 1.00 1.00 1.00 1.00
176 20000 20000 20000 20000 1.00 1.00 1.00 1.00 1.00 1.00 1.00 1.00
177 20000 20000 20000 20000 1.00 1.00 1.00 1.00 1.00 1.00 1.00 1.00
178 20000 20000 20000 20000 1.00 1.00 1.00 1.00 1.00 1.00 1.00 1.00
179 20000 20000 20000 20000 1.00 1.00 1.00 1.00 1.00 1.00 1.00 1.00
