0 00200 00200 00000 00200 .46 .46 .46 .46 .63 .63 .63 .63
1 00200 00200 00020 00200 .22 .22 .22 .22 .41 .41 .41 .41
2 00200 00200 00020 00200 .22 .22 .22 .22 .41 .41 .41 .41
3 00200 00200 00020 00200 .22 .22 .22 .22 .41 .41 .41 .41
4 00200 00200 00020 00200 .22 .22 .22 .22 .41 .41 .41 .41
5 00200 00200 00020 00200 .22 .22 .22 .22 .41 .41 .41 .41
6 00200 00200 00020 00200 .22 .22 .22 .22 .41 .41 .41 .41
7 00200 00200 00020 00200 .22 .22 .22 .22 .41 .41 .41 .41
8 00200 00200 00020 00200 .22 .22 .22 .22 .41 .41 .41 .41
9 00200 00200 00020 00200 .22 .22 .22 .22 .41 .41 .41 .41
10 00200 00200 00020 00200 .22 .22 .22 .22 .41 .41 .41 .41
11 00200 00200 00020 00200 .22 .22 .22 .22 .41 .41 .41 .41
12 00200 00200 00020 00200 .22 .22 .22 .22 .41 .41 .41 .41
13 00200 00200 00020 00200 .22 .22 .22 .22 .41 .41 .41 .41
14 00200 00200 00020 00200 .22 .22 .22 .22 .41 .41 .41 .41
15 00200 00200 00020 00200 .22 .22 .22 .22 .41 .41 .41 .41
16 00200 00200 00020 00200 .22 .22 .22 .22 .41 .41 .41 .41
17 00200 00200 00020 00200 .22 .22 .22 .22 .41 .41 .41 .41
18 00200 00200 00020 00200 .22 .22 .22 .22 .41 .41 .41 .41
19 00200 00200 00020 00200 .22 .22 .22 .22 .41 .41 .41 .41
20 00200 00200 00020 00200 .22 .22 .22 .22 .41 .41 .41 .41
21 00200 00200 00020 00200 .22 .22 .22 .22 .41 .41 .41 .41
22 00200 00200 00020 00200 .22 .22 .22 .22 .41 .41 .41 .41
23 00200 00200 00020 00200 .22 .22 .22 .22 .41 .41 .41 .41
24 00200 00200 00020 00200 .22 .22 .22 .22 .41 .41 .41 .41
25 00200 00200 00020 00200 .22 .22 .22 .22 .41 .41 .41 .41
26 00200 00200 00020 00200 .22 .22 .22 .22 .41 .41 .41 .41
27 00200 00200 00020 00200 .22 .22 .22 .22 .41 .41 .41 .41
28 00200 00200 00020 00200 .22 .22 .22 .22 .41 .41 .41 .41
29 00200 00200 00020 00200 .22 .22 .22 .22 .41 .41 .41 .41
30 00200 00200 00020 00200 .22 .22 .22 .22 .41 .41 .41 .41
31 00200 00200 00020 00200 .22 .22 .22 .22 .41 .41 .41 .41
32 00200 00200 00020 00200 .22 .22 .22 .22 .41 .41 .41 .41
33 00200 00200 00020 00200 .22 .22 .22 .22 .41 .41 .41 .41
34 00200 00200 00020 00200 .22 .22 .22 .22 .41 .41 .41 .41
35 00200 00200 00020 00200 .22 .22 .22 .22 .41 .41 .41 .41
36 00200 00200 00020 00200 .22 .22 .22 .22 .41 .41 .41 .41
37 00200 00200 00020 00200 .22 .22 .22 .22 .41 .41 .41 .41
38 00200 00200 00020 00200 .22 .22 .22 .22 .41 .41 .41 .41
39 00200 00200 00020 00200 .22 .22 .22 .22 .41 .41 .41 .41
40 00200 00200 00020 00200 .22 .22 .22 .22 .41 .41 .41 .41
41 00200 00200 00020 00200 .22 .22 .22 .22 .41 .41 .41 .41
42 00200 00200 00020 00200 .22 .22 .22 .22 .41 .41 .41 .41
43 00200 00200 00020 00200 .22 .22 .22 .22 .41 .41 .41 .41
44 00200 00200 00020 00200 .22 .22 .22 .22 .41 .41 .41 .41
45 00200 00200 00020 00200 .22 .22 .22 .22 .41 .41 .41 .41
46 00200 00200 00200 00200 1.00 1.00 1.00 1.00 1.00 1.00 1.00 1.00
47 00200 00200 00200 00200 1.00 1.00 1.00 1.00 1.00 1.00 1.00 1.00
48 00200 00200 00200 00200 1.00 1.00 1.00 1.00 1.00 1.00 1.00 1.00
49 00200 00200 00200 00200 1.00 1.00 1.00 1.00 1.00 1.00 1.00 1.00
50 00200 00200 00200 00200 1.00 1.00 1.00 1.00 1.00 1.00 1.00 1.00
51 00200 00200 00200 00200 1.00 1.00 1.00 1.00 1.00 1.00 1.00 1.00
52 00200 00200 00200 00200 1.00 1.00 1.00 1.00 1.00 1.00 1.00 1.00
53 00200 00200 00200 00200 1.00 1.00 1.00 1.00 1.00 1.00 1.00 1.00
54 00200 00200 00200 00200 1.00 1.00 1.00 1.00 1.00 1.00 1.00 1.00
55 00200 00200 00200 00200 1.00 1.00 1.00 1.00 1.00 1.00 1.00 1.00
56 00200 00200 00200 00200 1.00 1.00 1.00 1.00 1.00 1.00 1.00 1.00
57 00200 00200 00200 00200 1.00 1.00 1.00 1.00 1.00 1.00 1.00 1.00
58 00200 00200 00200 00200 1.00 1.00 1.00 1.00 1.00 1.00 1.00 1.00
59 00200 00200 00200 00200 1.00 1.00 1.00 1.00 1.00 1.00 1.00 1.00
60 00200 00200 00200 00200 1.00 1.00 1.00 1.00 1.00 1.00 1.00 1.00
61 00200 00200 00200 00200 1.00 1.00 1.00 1.00 1.00 1.00 1.00 1.00
62 00200 00200 00200 00200 1.00 1.00 1.00 1.00 1.00 1.00 1.00 1.00
63 00200 00200 00200 00200 1.00 1.00 1.00 1.00 1.00 1.00 1.00 1.00
64 00200 00200 00200 00200 1.00 1.00 1.00 1.00 1.00 1.00 1.00 1.00
65 00200 00200 00200 00200 1.00 1.00 1.00 1.00 1.00 1.00 1.00 1.00
66 00200 00200 00200 00200 1.00 1.00 1.00 1.00 1.00 1.00 1.00 1.00
67 00200 00200 00200 00200 1.00 1.00 1.00 1.00 1.00 1.00 1.00 1.00
68 00200 00200 00200 00200 1.00 1.00 1.00 1.00 1.00 1.00 1.00 1.00
69 00200 00200 00200 00200 1.00 1.00 1.00 1.00 1.00 1.00 1.00 1.00
70 00200 00200 00200 00200 1.00 1.00 1.00 1.00 1.00 1.00 1.00 1.00
71 00200 00200 00200 00200 1.00 1.00 1.00 1.00 1.00 1.00 1.00 1.00
72 00200 00200 00200 00200 1.00 1.00 1.00 1.00 1.00 1.00 1.00 1.00
73 00200 00200 00200 00200 1.00 1.00 1.00 1.00 1.00 1.00 1.00 1.00
74 00200 00200 00200 00200 1.00 1.00 1.00 1.00 1.00 1.00 1.00 1.00
75 00200 00200 00200 00200 1.00 1.00 1.00 1.00 1.00 1.00 1.00 1.00
76 00200 00200 00200 00200 1.00 1.00 1.00 1.00 1.00 1.00 1.00 1.00
77 00200 00200 00200 00200 1.00 1.00 1.00 1.00 1.00 1.00 1.00 1.00
78 00200 00200 00200 00200 1.00 1.00 1.00 1.00 1.00 1.00 1.00 1.00
79 00200 00200 00200 00200 1.00 1.00 1.00 1.00 1.00 1.00 1.00 1.00
80 00200 00200 00200 00200 1.00 1.00 1.00 1.00 1.00 1.00 1.00 1.00
81 00200 00200 00200 00200 1.00 1.00 1.00 1.00 1.00 1.00 1.00 1.00
82 00200 00200 00200 00200 1.00 1.00 1.00 1.00 1.00 1.00 1.00 1.00
83 00200 00200 00200 00200 1.00 1.00 1.00 1.00 1.00 1.00 1.00 1.00
84 00200 00200 00200 00200 1.00 1.00 1.00 1.00 1.00 1.00 1.00 1.00
85 00200 00200 00200 00200 1.00 1.00 1.00 1.00 1.00 1.00 1.00 1.00
86 00200 00200 00200 00200 1.00 1.00 1.00 1.00 1.00 1.00 1.00 1.00
87 00200 00200 00200 00200 1.00 1.00 1.00 1.00 1.00 1.00 1.00 1.00
88 00200 00200 00200 00200 1.00 1.00 1.00 1.00 1.00 1.00 1.00 1.00
89 00200 00200 00200 00200 1.00 1.00 1.00 1.00 1.00 1.00 1.00 1.00
90 00200 00200 00200 00200 1.00 1.00 1.00 1.00 1.00 1.00 1.00 1.00
91 00200 00200 00200 00200 1.00 1.00 1.00 1.00 1.00 1.00 1.00 1.00
92 00200 00200 00200 00200 1.00 1.00 1.00 1.00 1.00 1.00 1.00 1.00
93 00200 00200 00200 00200 1.00 1.00 1.00 1.00 1.00 1.00 1.00 1.00
94 00200 00200 00200 00200 1.00 1.00 1.00 1.00 1.00 1.00 1.00 1.00
95 00200 00200 00200 00200 1.00 1.00 1.00 1.00 1.00 1.00 1.00 1.00
96 00200 00200 00200 00200 1.00 1.00 1.00 1.00 1.00 1.00 1.00 1.00
97 00200 00200 00200 00200 1.00 1.00 1.00 1.00 1.00 1.00 1.00 1.00
98 00200 00200 00200 00200 1.00 1.00 1.00 1.00 1.00 1.00 1.00 1.00
99 00200 00200 00200 00200 1.00 1.00 1.00 1.00 1.00 1.00 1.00 1.00
100 00200 00200 00200 00200 1.00 1.00 1.00 1.00 1.00 1.00 1.00 1.00
101 00200 00200 00200 00200 1.00 1.00 1.00 1.00 1.00 1.00 1.00 1.00
102 00200 00200 00200 00200 1.00 1.00 1.00 1.00 1.00 1.00 1.00 1.00
103 00200 00200 00200 00200 1.00 1.00 1.00 1.00 1.00 1.00 1.00 1.00
104 00200 00200 00020 00200 .22 .22 .22 .22 .41 .41 .41 .41
105 00200 00200 00020 00200 .22 .22 .22 .22 .41 .41 .41 .41
106 00200 00200 00020 00200 .22 .22 .22 .22 .41 .41 .41 .41
107 00200 00200 00020 00200 .22 .22 .22 .22 .41 .41 .41 .41
108 00200 00200 00020 00200 .22 .22 .22 .22 .41 .41 .41 .41
109 00200 00200 00020 00200 .22 .22 .22 .22 .41 .41 .41 .41
110 20200 20200 00020 20200 .16 .16 .16 .16 .37 .37 .37 .37
111 20200 20200 00020 20200 .16 .16 .16 .16 .37 .37 .37 .37
112 20200 20200 00020 20200 .16 .16 .16 .16 .37 .37 .37 .37
113 20200 20200 00020 20200 .16 .16 .16 .16 .37 .37 .37 .37
114 20200 20200 00020 20200 .16 .16 .16 .16 .37 .37 .37 .37
115 20200 20200 00020 20200 .16 .16 .16 .16 .37 .37 .37 .37
116 20200 20200 00020 20200 .16 .16 .16 .16 .37 .37 .37 .37
117 20200 20200 00020 20200 .16 .16 .16 .16 .37 .37 .37 .37
118 20200 20200 00020 20200 .16 .16 .16 .16 .37 .37 .37 .37
119 20200 20200 02020 20200 -0.04 -0.04 -0.04 -0.04 .21 .21 .21 .21
120 20000 20000 02020 20000 .05 .05 .05 .05 .24 .24 .24 .24
121 20000 20000 02020 20000 .05 .05 .05 .05 .24 .24 .24 .24
122 20000 20000 02020 20000 .05 .05 .05 .05 .24 .24 .24 .24
123 20000 20000 02020 20000 .05 .05 .05 .05 .24 .24 .24 .24
124 20000 20000 02020 20000 .05 .05 .05 .05 .24 .24 .24 .24
125 20000 20000 02020 20000 .05 .05 .05 .05 .24 .24 .24 .24
126 20000 20000 02020 20000 .05 .05 .05 .05 .24 .24 .24 .24
127 20000 20000 02020 20000 .05 .05 .05 .05 .24 .24 .24 .24
128 20000 20000 02020 20000 .05 .05 .05 .05 .24 .24 .24 .24
129 20000 20000 02020 20000 .05 .05 .05 .05 .24 .24 .24 .24
130 20000 20000 02020 20000 .05 .05 .05 .05 .24 .24 .24 .24
131 20000 20000 02020 20000 .05 .05 .05 .05 .24 .24 .24 .24
132 20000 20000 02020 20000 .05 .05 .05 .05 .24 .24 .24 .24
133 20000 20000 02020 20000 .05 .05 .05 .05 .24 .24 .24 .24
134 20000 20000 02020 20000 .05 .05 .05 .05 .24 .24 .24 .24
135 20000 20000 02020 20000 .05 .05 .05 .05 .24 .24 .24 .24
136 20000 20000 02020 20000 .05 .05 .05 .05 .24 .24 .24 .24
137 20000 20000 02020 20000 .05 .05 .05 .05 .24 .24 .24 .24
138 20000 20000 02020 20000 .05 .05 .05 .05 .24 .24 .24 .24
139 20000 20000 02020 20000 .05 .05 .05 .05 .24 .24 .24 .24
140 20000 20000 02020 20000 .05 .05 .05 .05 .24 .24 .24 .24
141 20000 20000 02020 20000 .05 .05 .05 .05 .24 .24 .24 .24
142 20000 20000 02020 20000 .05 .05 .05 .05 .24 .24 .24 .24
143 20000 20000 02020 20000 .05 .05 .05 .05 .24 .24 .24 .24
144 20000 20000 02020 20000 .05 .05 .05 .05 .24 .24 .24 .24
145 20000 20000 02020 20000 .05 .05 .05 .05 .24 .24 .24 .24
146 20000 20000 02020 20000 .05 .05 .05 .05 .24 .24 .24 .24
147 20000 20000 02020 20000 .05 .05 .05 .05 .24 .24 .24 .24
148 20000 20000 02020 20000 .05 .05 .05 .05 .24 .24 .24 .24
149 20000 20000 02020 20000 .05 .05 .05 .05 .24 .24 .24 .24
150 20000 20000 02020 20000 .05 .05 .05 .05 .24 .24 .24 .24
151 20000 20000 02020 20000 .05 .05 .05 .05 .24 .24 .24 .24
152 20000 20000 02020 20000 .05 .05 .05 .05 .24 .24 .24 .24
153 20000 20000 02020 20000 .05 .05 .05 .05 .24 .24 .24 .24
154 20000 20000 02020 20000 .05 .05 .05 .05 .24 .24 .24 .24
155 20000 20000 02020 20000 .05 .05 .05 .05 .24 .24 .24 .24
156 20000 20000 02020 20000 .05 .05 .05 .05 .24 .24 .24 .24
157 20000 20000 02020 20000 .05 .05 .05 .05 .24 .24 .24 .24
158 20000 20000 02020 20000 .05 .05 .05 .05 .24 .24 .24 .24
159 20000 20000 02020 20000 .05 .05 .05 .05 .24 .24 .24 .24
160 20200 20200 02020 20200 -0.04 -0.04 -0.04 -0.04 .21 .21 .21 .21
161 20200 20200 02020 20200 -0.04 -0.04 -0.04 -0.04 .21 .21 .21 .21
162 20200 20200 02020 20200 -0.04 -0.04 -0.04 -0.04 .21 .21 .21 .21
163 20200 20200 02020 20200 -0.04 -0.04 -0.04 -0.04 .21 .21 .21 .21
164 20200 20200 02020 20200 -0.04 -0.04 -0.04 -0.04 .21 .21 .21 .21
165 20200 20200 02020 20200 -0.04 -0.04 -0.04 -0.04 .21 .21 .21 .21
166 20200 20200 02020 20200 -0.04 -0.04 -0.04 -0.04 .21 .21 .21 .21
167 20200 20200 02020 20200 -0.04 -0.04 -0.04 -0.04 .21 .21 .21 .21
168 20200 20200 02020 20200 -0.04 -0.04 -0.04 -0.04 .21 .21 .21 .21
169 20200 20200 02020 20200 -0.04 -0.04 -0.04 -0.04 .21 .21 .21 .21
170 02200 02200 02020 02200 .48 .48 .48 .48 .60 .60 .60 .60
171 02200 02200 02020 02200 .48 .48 .48 .48 .60 .60 .60 .60
172 02200 02200 02020 02200 .48 .48 .48 .48 .60 .60 .60 .60
173 02200 02200 02020 02200 .48 .48 .48 .48 .60 .60 .60 .60
174 02200 02200 02020 02200 .48 .48 .48 .48 .60 .60 .60 .60
175 02200 02200 02020 02200 .48 .48 .48 .48 .60 .60 .60 .60
176 02200 02200 02020 02200 .48 .48 .48 .48 .60 .60 .60 .60
177 02200 02200 02020 02200 .48 .48 .48 .48 .60 .60 .60 .60
178 02200 02200 02020 02200 .48 .48 .48 .48 .60 .60 .60 .60
179 02200 02200 02020 02200 .48 .48 .48 .48 .60 .60 .60 .60
180 00200 00200 02020 00200 .05 .05 .05 .05 .24 .24 .24 .24
181 00200 00200 02020 00200 .05 .05 .05 .05 .24 .24 .24 .24
182 00200 00200 02020 00200 .05 .05 .05 .05 .24 .24 .24 .24
183 00200 00200 02020 00200 .05 .05 .05 .05 .24 .24 .24 .24
184 00200 00200 02020 00200 .05 .05 .05 .05 .24 .24 .24 .24
185 00200 00200 00200 00200 1.00 1.00 1.00 1.00 1.00 1.00 1.00 1.00
186 00200 00200 00200 00200 1.00 1.00 1.00 1.00 1.00 1.00 1.00 1.00
187 00200 00200 00200 00200 1.00 1.00 1.00 1.00 1.00 1.00 1.00 1.00
188 00200 00200 00200 00200 1.00 1.00 1.00 1.00 1.00 1.00 1.00 1.00
189 00200 00200 00200 00200 1.00 1.00 1.00 1.00 1.00 1.00 1.00 1.00
190 00200 00200 00200 00200 1.00 1.00 1.00 1.00 1.00 1.00 1.00 1.00
191 00200 00200 00200 00200 1.00 1.00 1.00 1.00 1.00 1.00 1.00 1.00
192 00200 00200 00200 00200 1.00 1.00 1.00 1.00 1.00 1.00 1.00 1.00
193 00200 00200 00200 00200 1.00 1.00 1.00 1.00 1.00 1.00 1.00 1.00
194 00200 00200 00200 00200 1.00 1.00 1.00 1.00 1.00 1.00 1.00 1.00
195 00200 00200 00200 00200 1.00 1.00 1.00 1.00 1.00 1.00 1.00 1.00
196 00200 00200 00200 00200 1.00 1.00 1.00 1.00 1.00 1.00 1.00 1.00
197 00200 00200 00200 00200 1.00 1.00 1.00 1.00 1.00 1.00 1.00 1.00
198 00200 00200 00200 00200 1.00 1.00 1.00 1.00 1.00 1.00 1.00 1.00
199 00200 00200 00200 00200 1.00 1.00 1.00 1.00 1.00 1.00 1.00 1.00
200 00200 00200 00200 00200 1.00 1.00 1.00 1.00 1.00 1.00 1.00 1.00
201 00200 00200 00200 00200 1.00 1.00 1.00 1.00 1.00 1.00 1.00 1.00
202 00200 00200 00200 00200 1.00 1.00 1.00 1.00 1.00 1.00 1.00 1.00
203 00200 00200 00200 00200 1.00 1.00 1.00 1.00 1.00 1.00 1.00 1.00
204 00200 00200 00200 00200 1.00 1.00 1.00 1.00 1.00 1.00 1.00 1.00
205 00200 00200 00200 00200 1.00 1.00 1.00 1.00 1.00 1.00 1.00 1.00
206 00200 00200 00200 00200 1.00 1.00 1.00 1.00 1.00 1.00 1.00 1.00
207 00200 00200 00200 00200 1.00 1.00 1.00 1.00 1.00 1.00 1.00 1.00
208 00200 00200 00200 00200 1.00 1.00 1.00 1.00 1.00 1.00 1.00 1.00
209 00200 00200 00200 00200 1.00 1.00 1.00 1.00 1.00 1.00 1.00 1.00
210 00200 00200 00200 00200 1.00 1.00 1.00 1.00 1.00 1.00 1.00 1.00
211 00200 00200 00200 00200 1.00 1.00 1.00 1.00 1.00 1.00 1.00 1.00
212 00200 00200 00200 00200 1.00 1.00 1.00 1.00 1.00 1.00 1.00 1.00
213 00200 00200 00200 00200 1.00 1.00 1.00 1.00 1.00 1.00 1.00 1.00
214 00200 00200 00200 00200 1.00 1.00 1.00 1.00 1.00 1.00 1.00 1.00
215 00200 00200 00200 00200 1.00 1.00 1.00 1.00 1.00 1.00 1.00 1.00
216 00200 00200 00200 00200 1.00 1.00 1.00 1.00 1.00 1.00 1.00 1.00
217 00200 00200 00200 00200 1.00 1.00 1.00 1.00 1.00 1.00 1.00 1.00
218 00200 00200 00200 00200 1.00 1.00 1.00 1.00 1.00 1.00 1.00 1.00
219 00200 00200 00200 00200 1.00 1.00 1.00 1.00 1.00 1.00 1.00 1.00
220 00200 00200 00200 00200 1.00 1.00 1.00 1.00 1.00 1.00 1.00 1.00
221 00200 00200 00200 00200 1.00 1.00 1.00 1.00 1.00 1.00 1.00 1.00
222 00200 00200 00200 00200 1.00 1.00 1.00 1.00 1.00 1.00 1.00 1.00
223 00200 00200 00200 00200 1.00 1.00 1.00 1.00 1.00 1.00 1.00 1.00
224 00200 00200 00200 00200 1.00 1.00 1.00 1.00 1.00 1.00 1.00 1.00
225 00200 00200 00200 00200 1.00 1.00 1.00 1.00 1.00 1.00 1.00 1.00
226 00200 00200 00200 00200 1.00 1.00 1.00 1.00 1.00 1.00 1.00 1.00
227 00200 00200 00200 00200 1.00 1.00 1.00 1.00 1.00 1.00 1.00 1.00
