0 00002 04042 00000 00002 .13 -0.03 -0.11 .06 .30 .14 1.0 .25
1 00002 04042 00000 00002 .13 -0.03 -0.11 .06 .30 .14 1.0 .25
2 00002 04042 00000 00002 .13 -0.03 -0.11 .06 .30 .14 1.0 .25
3 00002 04042 00000 00002 .13 -0.03 -0.11 .06 .30 .14 1.0 .25
4 00002 04042 00000 00002 .13 -0.03 -0.11 .06 .30 .14 1.0 .25
5 00002 04042 00000 00002 .13 -0.03 -0.11 .06 .30 .14 1.0 .25
6 00002 04042 00000 00002 .13 -0.03 -0.11 .06 .30 .14 1.0 .25
7 00002 04042 00000 00002 .13 -0.03 -0.11 .06 .30 .14 1.0 .25
8 00002 04042 00000 00002 .13 -0.03 -0.11 .06 .30 .14 1.0 .25
9 00002 04042 00000 00002 .13 -0.03 -0.11 .06 .30 .14 1.0 .25
10 00002 04042 00020 00002 .12 .10 .03 .16 .24 .17 .06 .25
11 00002 04042 00020 00002 .12 .10 .03 .16 .24 .17 .06 .25
12 00002 04042 00020 00002 .12 .10 .03 .16 .24 .17 .06 .25
13 00002 04042 00020 00002 .12 .10 .03 .16 .24 .17 .06 .25
14 00002 04042 00020 00002 .12 .10 .03 .16 .24 .17 .06 .25
15 00002 04042 00020 00002 .12 .10 .03 .16 .24 .17 .06 .25
16 00002 04042 00020 00002 .12 .10 .03 .16 .24 .17 .06 .25
17 00002 04042 00020 00002 .12 .10 .03 .16 .24 .17 .06 .25
18 00002 04042 00020 00002 .12 .10 .03 .16 .24 .17 .06 .25
19 00002 04042 00020 00002 .12 .10 .03 .16 .24 .17 .06 .25
20 00002 04002 00020 00002 .11 .01 -0.05 .05 .28 .19 .08 .24
21 00002 04002 00020 00002 .11 .01 -0.05 .05 .28 .19 .08 .24
22 00002 04002 00020 00002 .11 .01 -0.05 .05 .28 .19 .08 .24
23 00002 04002 00020 00002 .11 .01 -0.05 .05 .28 .19 .08 .24
24 00002 04002 00020 00002 .11 .01 -0.05 .05 .28 .19 .08 .24
25 00002 04002 00000 00002 .26 .17 .05 .23 .43 .35 .17 .41
26 00002 04002 00000 00002 .26 .17 .05 .23 .43 .35 .17 .41
27 00002 04002 00000 00002 .26 .17 .05 .23 .43 .35 .17 .41
28 00002 04002 00000 00002 .26 .17 .05 .23 .43 .35 .17 .41
29 00002 04002 00000 00002 .26 .17 .05 .23 .43 .35 .17 .41
30 00002 00002 00000 00002 .46 .46 .46 .46 .63 .63 .63 .63
31 00002 00002 00000 00002 .46 .46 .46 .46 .63 .63 .63 .63
32 00002 00002 00000 00002 .46 .46 .46 .46 .63 .63 .63 .63
33 00002 00002 00000 00002 .46 .46 .46 .46 .63 .63 .63 .63
34 00002 00002 00000 00002 .46 .46 .46 .46 .63 .63 .63 .63
35 00002 00002 00000 00002 .46 .46 .46 .46 .63 .63 .63 .63
36 00002 00002 00000 00002 .46 .46 .46 .46 .63 .63 .63 .63
37 00002 00002 00000 00002 .46 .46 .46 .46 .63 .63 .63 .63
38 00002 00002 00000 00002 .46 .46 .46 .46 .63 .63 .63 .63
39 00002 00002 00000 00002 .46 .46 .46 .46 .63 .63 .63 .63
40 00002 00002 00000 00002 .46 .46 .46 .46 .63 .63 .63 .63
41 00002 00002 00000 00002 .46 .46 .46 .46 .63 .63 .63 .63
42 00002 00002 00000 00002 .46 .46 .46 .46 .63 .63 .63 .63
43 00002 00002 00000 00002 .46 .46 .46 .46 .63 .63 .63 .63
44 00002 00002 00000 00002 .46 .46 .46 .46 .63 .63 .63 .63
45 00002 00002 00000 00002 .46 .46 .46 .46 .63 .63 .63 .63
46 00002 00002 00000 00002 .46 .46 .46 .46 .63 .63 .63 .63
47 00002 00002 00000 00002 .46 .46 .46 .46 .63 .63 .63 .63
48 00002 00002 00000 00002 .46 .46 .46 .46 .63 .63 .63 .63
49 00002 00002 00000 00002 .46 .46 .46 .46 .63 .63 .63 .63
50 00002 00002 00000 00002 .46 .46 .46 .46 .63 .63 .63 .63
51 00002 00002 00000 00002 .46 .46 .46 .46 .63 .63 .63 .63
52 00002 00002 00000 00002 .46 .46 .46 .46 .63 .63 .63 .63
53 00002 00002 00000 00002 .46 .46 .46 .46 .63 .63 .63 .63
54 00002 00002 00000 00002 .46 .46 .46 .46 .63 .63 .63 .63
55 00002 00002 00000 00002 .46 .46 .46 .46 .63 .63 .63 .63
56 00002 00002 00000 00002 .46 .46 .46 .46 .63 .63 .63 .63
57 00002 00002 00000 00002 .46 .46 .46 .46 .63 .63 .63 .63
58 00002 00002 00000 00002 .46 .46 .46 .46 .63 .63 .63 .63
59 00002 00002 00000 00002 .46 .46 .46 .46 .63 .63 .63 .63
60 00002 00002 00000 00002 .46 .46 .46 .46 .63 .63 .63 .63
61 00002 00002 00000 00002 .46 .46 .46 .46 .63 .63 .63 .63
62 00002 00002 00000 00002 .46 .46 .46 .46 .63 .63 .63 .63
63 00002 00002 00000 00002 .46 .46 .46 .46 .63 .63 .63 .63
64 00002 00002 00000 00002 .46 .46 .46 .46 .63 .63 .63 .63
65 00002 00002 00000 00002 .46 .46 .46 .46 .63 .63 .63 .63
66 00002 00002 00000 00002 .46 .46 .46 .46 .63 .63 .63 .63
67 00002 00002 00000 00002 .46 .46 .46 .46 .63 .63 .63 .63
68 00002 00002 00000 00002 .46 .46 .46 .46 .63 .63 .63 .63
69 00002 00002 00000 00002 .46 .46 .46 .46 .63 .63 .63 .63
70 00002 00002 00000 00002 .46 .46 .46 .46 .63 .63 .63 .63
71 00002 00002 00000 00002 .46 .46 .46 .46 .63 .63 .63 .63
72 00002 00002 00000 00002 .46 .46 .46 .46 .63 .63 .63 .63
73 00002 00002 00000 00002 .46 .46 .46 .46 .63 .63 .63 .63
74 00002 00002 00000 00002 .46 .46 .46 .46 .63 .63 .63 .63
75 00002 00002 00000 00002 .46 .46 .46 .46 .63 .63 .63 .63
76 00002 00002 00000 00002 .46 .46 .46 .46 .63 .63 .63 .63
77 00002 00002 00000 00002 .46 .46 .46 .46 .63 .63 .63 .63
78 00002 00002 00000 00002 .46 .46 .46 .46 .63 .63 .63 .63
79 00002 00002 00000 00002 .46 .46 .46 .46 .63 .63 .63 .63
80 00002 00002 00000 00002 .46 .46 .46 .46 .63 .63 .63 .63
81 00002 00002 00000 00002 .46 .46 .46 .46 .63 .63 .63 .63
82 00002 00002 00000 00002 .46 .46 .46 .46 .63 .63 .63 .63
83 00002 00002 00000 00002 .46 .46 .46 .46 .63 .63 .63 .63
84 00002 00002 00000 00002 .46 .46 .46 .46 .63 .63 .63 .63
85 00002 00002 00020 00002 .22 .22 .22 .22 .41 .41 .41 .41
86 00002 00002 00020 00002 .22 .22 .22 .22 .41 .41 .41 .41
87 00002 00002 00020 00002 .22 .22 .22 .22 .41 .41 .41 .41
88 00002 00002 00020 00002 .22 .22 .22 .22 .41 .41 .41 .41
89 00002 00002 00020 00002 .22 .22 .22 .22 .41 .41 .41 .41
90 00022 00022 00020 00022 .72 .72 .72 .72 .79 .79 .79 .79
91 00022 00022 00020 00022 .72 .72 .72 .72 .79 .79 .79 .79
92 00022 00022 00020 00022 .72 .72 .72 .72 .79 .79 .79 .79
93 00022 00022 00020 00022 .72 .72 .72 .72 .79 .79 .79 .79
94 00022 00022 00020 00022 .72 .72 .72 .72 .79 .79 .79 .79
95 00022 00022 00020 00022 .72 .72 .72 .72 .79 .79 .79 .79
96 00022 00022 00020 00022 .72 .72 .72 .72 .79 .79 .79 .79
97 00022 00022 00020 00022 .72 .72 .72 .72 .79 .79 .79 .79
98 00022 00022 00020 00022 .72 .72 .72 .72 .79 .79 .79 .79
99 00022 00022 00020 00022 .72 .72 .72 .72 .79 .79 .79 .79
100 00022 00022 00020 00022 .72 .72 .72 .72 .79 .79 .79 .79
101 00022 00022 00020 00022 .72 .72 .72 .72 .79 .79 .79 .79
102 00022 00022 00020 00022 .72 .72 .72 .72 .79 .79 .79 .79
103 00022 00022 00020 00022 .72 .72 .72 .72 .79 .79 .79 .79
104 00022 00022 00020 00022 .72 .72 .72 .72 .79 .79 .79 .79
105 00022 00022 00020 00022 .72 .72 .72 .72 .79 .79 .79 .79
106 00022 00022 00020 00022 .72 .72 .72 .72 .79 .79 .79 .79
107 00022 00022 00020 00022 .72 .72 .72 .72 .79 .79 .79 .79
108 00022 00022 00020 00022 .72 .72 .72 .72 .79 .79 .79 .79
109 00022 00022 00020 00022 .72 .72 .72 .72 .79 .79 .79 .79
110 00022 00202 00020 00022 .16 .16 .16 .16 .37 .37 .37 .37
111 00022 00202 00020 00022 .16 .16 .16 .16 .37 .37 .37 .37
112 00022 00202 00020 00022 .16 .16 .16 .16 .37 .37 .37 .37
113 00022 00202 00020 00022 .16 .16 .16 .16 .37 .37 .37 .37
114 00022 00202 00020 00022 .16 .16 .16 .16 .37 .37 .37 .37
115 00022 00202 00020 00022 .16 .16 .16 .16 .37 .37 .37 .37
116 00022 00202 00020 00022 .16 .16 .16 .16 .37 .37 .37 .37
117 00022 00202 00020 00022 .16 .16 .16 .16 .37 .37 .37 .37
118 00022 00202 00020 00022 .16 .16 .16 .16 .37 .37 .37 .37
119 00022 00202 00020 00022 .16 .16 .16 .16 .37 .37 .37 .37
120 00202 00202 00000 00202 .36 .36 .36 .36 .55 .55 .55 .55
121 00202 00202 00000 00202 .36 .36 .36 .36 .55 .55 .55 .55
122 00202 00202 00000 00202 .36 .36 .36 .36 .55 .55 .55 .55
123 00202 00202 00000 00202 .36 .36 .36 .36 .55 .55 .55 .55
124 00202 00202 00000 00202 .36 .36 .36 .36 .55 .55 .55 .55
125 00202 00202 00000 00202 .36 .36 .36 .36 .55 .55 .55 .55
126 00202 00202 00000 00202 .36 .36 .36 .36 .55 .55 .55 .55
127 00202 00202 00000 00202 .36 .36 .36 .36 .55 .55 .55 .55
128 00202 00202 00000 00202 .36 .36 .36 .36 .55 .55 .55 .55
129 00202 00202 00000 00202 .36 .36 .36 .36 .55 .55 .55 .55
130 00202 00202 00000 00202 .36 .36 .36 .36 .55 .55 .55 .55
131 00202 00202 00000 00202 .36 .36 .36 .36 .55 .55 .55 .55
132 00202 00202 00000 00202 .36 .36 .36 .36 .55 .55 .55 .55
133 00202 00202 00000 00202 .36 .36 .36 .36 .55 .55 .55 .55
134 00202 00202 00000 00202 .36 .36 .36 .36 .55 .55 .55 .55
135 00202 00202 00000 00202 .36 .36 .36 .36 .55 .55 .55 .55
136 00202 00202 00000 00202 .36 .36 .36 .36 .55 .55 .55 .55
137 00202 00202 00000 00202 .36 .36 .36 .36 .55 .55 .55 .55
138 00202 00202 00000 00202 .36 .36 .36 .36 .55 .55 .55 .55
139 00202 00202 00000 00202 .36 .36 .36 .36 .55 .55 .55 .55
140 00202 00202 00000 00202 .36 .36 .36 .36 .55 .55 .55 .55
141 00202 00202 00000 00202 .36 .36 .36 .36 .55 .55 .55 .55
142 00202 00202 00000 00202 .36 .36 .36 .36 .55 .55 .55 .55
143 00202 00202 00000 00202 .36 .36 .36 .36 .55 .55 .55 .55
144 00202 00202 00000 00202 .36 .36 .36 .36 .55 .55 .55 .55
145 00202 00202 00000 00202 .36 .36 .36 .36 .55 .55 .55 .55
146 00202 00202 00000 00202 .36 .36 .36 .36 .55 .55 .55 .55
147 00202 00202 00000 00202 .36 .36 .36 .36 .55 .55 .55 .55
148 00202 00202 00000 00202 .36 .36 .36 .36 .55 .55 .55 .55
149 00202 00202 00000 00202 .36 .36 .36 .36 .55 .55 .55 .55
150 00200 00200 00000 00200 .46 .46 .46 .46 .63 .63 .63 .63
151 00200 00200 00000 00200 .46 .46 .46 .46 .63 .63 .63 .63
152 00200 00200 00000 00200 .46 .46 .46 .46 .63 .63 .63 .63
153 00200 00200 00000 00200 .46 .46 .46 .46 .63 .63 .63 .63
154 00200 00200 00000 00200 .46 .46 .46 .46 .63 .63 .63 .63
155 00200 00200 00000 00200 .46 .46 .46 .46 .63 .63 .63 .63
156 00200 00200 00000 00200 .46 .46 .46 .46 .63 .63 .63 .63
157 00200 00200 00000 00200 .46 .46 .46 .46 .63 .63 .63 .63
158 00200 00200 00000 00200 .46 .46 .46 .46 .63 .63 .63 .63
159 00200 00200 00000 00200 .46 .46 .46 .46 .63 .63 .63 .63
160 00200 00200 00000 00200 .46 .46 .46 .46 .63 .63 .63 .63
161 00200 00200 00000 00200 .46 .46 .46 .46 .63 .63 .63 .63
162 00200 00200 00000 00200 .46 .46 .46 .46 .63 .63 .63 .63
163 00200 00200 00000 00200 .46 .46 .46 .46 .63 .63 .63 .63
164 00200 00200 00000 00200 .46 .46 .46 .46 .63 .63 .63 .63
165 00200 00200 00200 00200 1.00 1.00 1.00 1.00 1.00 1.00 1.00 1.00
166 00200 00200 00200 00200 1.00 1.00 1.00 1.00 1.00 1.00 1.00 1.00
167 00200 00200 00200 00200 1.00 1.00 1.00 1.00 1.00 1.00 1.00 1.00
168 00200 00200 00200 00200 1.00 1.00 1.00 1.00 1.00 1.00 1.00 1.00
169 00200 00200 00200 00200 1.00 1.00 1.00 1.00 1.00 1.00 1.00 1.00
170 00200 00200 00200 00200 1.00 1.00 1.00 1.00 1.00 1.00 1.00 1.00
171 00200 00200 00200 00200 1.00 1.00 1.00 1.00 1.00 1.00 1.00 1.00
172 00200 00200 00200 00200 1.00 1.00 1.00 1.00 1.00 1.00 1.00 1.00
173 00200 00200 00200 00200 1.00 1.00 1.00 1.00 1.00 1.00 1.00 1.00
174 00200 00200 00200 00200 1.00 1.00 1.00 1.00 1.00 1.00 1.00 1.00
175 00200 00200 00200 00200 1.00 1.00 1.00 1.00 1.00 1.00 1.00 1.00
176 00200 00200 00200 00200 1.00 1.00 1.00 1.00 1.00 1.00 1.00 1.00
177 00200 00200 00200 00200 1.00 1.00 1.00 1.00 1.00 1.00 1.00 1.00
178 00200 00200 00200 00200 1.00 1.00 1.00 1.00 1.00 1.00 1.00 1.00
179 00200 00200 00200 00200 1.00 1.00 1.00 1.00 1.00 1.00 1.00 1.00
180 00200 00200 00200 00200 1.00 1.00 1.00 1.00 1.00 1.00 1.00 1.00
181 00200 00200 00200 00200 1.00 1.00 1.00 1.00 1.00 1.00 1.00 1.00
182 00200 00200 00200 00200 1.00 1.00 1.00 1.00 1.00 1.00 1.00 1.00
183 00200 00200 00200 00200 1.00 1.00 1.00 1.00 1.00 1.00 1.00 1.00
184 00200 00200 00200 00200 1.00 1.00 1.00 1.00 1.00 1.00 1.00 1.00
185 00200 00200 00200 00200 1.00 1.00 1.00 1.00 1.00 1.00 1.00 1.00
186 00200 00200 00200 00200 1.00 1.00 1.00 1.00 1.00 1.00 1.00 1.00
187 00200 00200 00200 00200 1.00 1.00 1.00 1.00 1.00 1.00 1.00 1.00
188 00200 00200 00200 00200 1.00 1.00 1.00 1.00 1.00 1.00 1.00 1.00
189 00200 00200 00200 00200 1.00 1.00 1.00 1.00 1.00 1.00 1.00 1.00
190 00200 00200 00200 00200 1.00 1.00 1.00 1.00 1.00 1.00 1.00 1.00
191 00200 00200 00200 00200 1.00 1.00 1.00 1.00 1.00 1.00 1.00 1.00
192 00200 00200 00200 00200 1.00 1.00 1.00 1.00 1.00 1.00 1.00 1.00
193 00200 00200 00200 00200 1.00 1.00 1.00 1.00 1.00 1.00 1.00 1.00
194 00200 00200 00200 00200 1.00 1.00 1.00 1.00 1.00 1.00 1.00 1.00
195 00200 00200 00200 00200 1.00 1.00 1.00 1.00 1.00 1.00 1.00 1.00
196 00200 00200 00200 00200 1.00 1.00 1.00 1.00 1.00 1.00 1.00 1.00
197 00200 00200 00200 00200 1.00 1.00 1.00 1.00 1.00 1.00 1.00 1.00
198 00200 00200 00200 00200 1.00 1.00 1.00 1.00 1.00 1.00 1.00 1.00
199 00200 00200 00200 00200 1.00 1.00 1.00 1.00 1.00 1.00 1.00 1.00
200 00200 00200 00200 00200 1.00 1.00 1.00 1.00 1.00 1.00 1.00 1.00
201 00200 00200 00200 00200 1.00 1.00 1.00 1.00 1.00 1.00 1.00 1.00
202 00200 00200 00200 00200 1.00 1.00 1.00 1.00 1.00 1.00 1.00 1.00
203 00200 00200 00200 00200 1.00 1.00 1.00 1.00 1.00 1.00 1.00 1.00
204 00200 00200 00200 00200 1.00 1.00 1.00 1.00 1.00 1.00 1.00 1.00
205 00200 00200 00200 00200 1.00 1.00 1.00 1.00 1.00 1.00 1.00 1.00
206 00200 00200 00200 00200 1.00 1.00 1.00 1.00 1.00 1.00 1.00 1.00
207 00200 00200 00200 00200 1.00 1.00 1.00 1.00 1.00 1.00 1.00 1.00
208 00200 00200 00200 00200 1.00 1.00 1.00 1.00 1.00 1.00 1.00 1.00
209 00200 00200 00200 00200 1.00 1.00 1.00 1.00 1.00 1.00 1.00 1.00
210 00200 00200 00200 00200 1.00 1.00 1.00 1.00 1.00 1.00 1.00 1.00
211 00200 00200 00200 00200 1.00 1.00 1.00 1.00 1.00 1.00 1.00 1.00
212 00200 00200 00200 00200 1.00 1.00 1.00 1.00 1.00 1.00 1.00 1.00
213 00200 00200 00200 00200 1.00 1.00 1.00 1.00 1.00 1.00 1.00 1.00
214 00200 00200 00200 00200 1.00 1.00 1.00 1.00 1.00 1.00 1.00 1.00
215 00200 00200 00200 00200 1.00 1.00 1.00 1.00 1.00 1.00 1.00 1.00
216 00200 00200 00200 00200 1.00 1.00 1.00 1.00 1.00 1.00 1.00 1.00
217 00200 00200 00200 00200 1.00 1.00 1.00 1.00 1.00 1.00 1.00 1.00
218 00200 00200 00200 00200 1.00 1.00 1.00 1.00 1.00 1.00 1.00 1.00
219 00200 00200 00200 00200 1.00 1.00 1.00 1.00 1.00 1.00 1.00 1.00
220 00200 00200 00200 00200 1.00 1.00 1.00 1.00 1.00 1.00 1.00 1.00
221 00200 00200 00200 00200 1.00 1.00 1.00 1.00 1.00 1.00 1.00 1.00
222 00200 00200 00200 00200 1.00 1.00 1.00 1.00 1.00 1.00 1.00 1.00
223 00200 00200 00200 00200 1.00 1.00 1.00 1.00 1.00 1.00 1.00 1.00
224 00200 00200 00200 00200 1.00 1.00 1.00 1.00 1.00 1.00 1.00 1.00
225 00200 00200 00200 00200 1.00 1.00 1.00 1.00 1.00 1.00 1.00 1.00
226 00200 00200 00200 00200 1.00 1.00 1.00 1.00 1.00 1.00 1.00 1.00
227 00200 00200 00200 00200 1.00 1.00 1.00 1.00 1.00 1.00 1.00 1.00
228 00200 00200 00200 00200 1.00 1.00 1.00 1.00 1.00 1.00 1.00 1.00
229 00200 00200 00200 00200 1.00 1.00 1.00 1.00 1.00 1.00 1.00 1.00
230 00200 00200 00200 00200 1.00 1.00 1.00 1.00 1.00 1.00 1.00 1.00
231 00200 00200 00200 00200 1.00 1.00 1.00 1.00 1.00 1.00 1.00 1.00
232 00200 00200 00200 00200 1.00 1.00 1.00 1.00 1.00 1.00 1.00 1.00
233 00200 00200 00200 00200 1.00 1.00 1.00 1.00 1.00 1.00 1.00 1.00
234 00200 00200 00200 00200 1.00 1.00 1.00 1.00 1.00 1.00 1.00 1.00
235 00200 00200 00200 00200 1.00 1.00 1.00 1.00 1.00 1.00 1.00 1.00
236 00200 00200 00200 00200 1.00 1.00 1.00 1.00 1.00 1.00 1.00 1.00
237 00200 00200 00200 00200 1.00 1.00 1.00 1.00 1.00 1.00 1.00 1.00
238 00200 00200 00200 00200 1.00 1.00 1.00 1.00 1.00 1.00 1.00 1.00
239 00200 00200 00200 00200 1.00 1.00 1.00 1.00 1.00 1.00 1.00 1.00
240 00200 00200 00200 00200 1.00 1.00 1.00 1.00 1.00 1.00 1.00 1.00
241 00200 00200 00200 00200 1.00 1.00 1.00 1.00 1.00 1.00 1.00 1.00
242 00200 00200 00200 00200 1.00 1.00 1.00 1.00 1.00 1.00 1.00 1.00
243 00200 00200 02200 00200 .68 .68 .68 .68 .75 .75 .75 .75
244 00200 00200 02200 00200 .68 .68 .68 .68 .75 .75 .75 .75
245 00200 00200 02200 00200 .68 .68 .68 .68 .75 .75 .75 .75
246 00200 00200 02200 00200 .68 .68 .68 .68 .75 .75 .75 .75
247 00200 00200 02200 00200 .68 .68 .68 .68 .75 .75 .75 .75
248 00200 00200 02200 00200 .68 .68 .68 .68 .75 .75 .75 .75
249 00200 00200 02200 00200 .68 .68 .68 .68 .75 .75 .75 .75
250 00200 00200 02200 00200 .68 .68 .68 .68 .75 .75 .75 .75
251 00200 00200 02200 00200 .68 .68 .68 .68 .75 .75 .75 .75
252 00200 00200 02200 00200 .68 .68 .68 .68 .75 .75 .75 .75
253 00200 00200 02200 00200 .68 .68 .68 .68 .75 .75 .75 .75
254 00200 00200 02200 00200 .68 .68 .68 .68 .75 .75 .75 .75
255 00200 00200 02200 00200 .68 .68 .68 .68 .75 .75 .75 .75
256 00200 00200 02200 00200 .68 .68 .68 .68 .75 .75 .75 .75
257 00200 00200 02200 00200 .68 .68 .68 .68 .75 .75 .75 .75
258 00200 00200 02200 00200 .68 .68 .68 .68 .75 .75 .75 .75
259 00200 00200 02200 00200 .68 .68 .68 .68 .75 .75 .75 .75
260 00200 00200 02200 00200 .68 .68 .68 .68 .75 .75 .75 .75
261 00200 00200 00200 00200 1.00 1.00 1.00 1.00 1.00 1.00 1.00 1.00
262 00200 00200 00200 00200 1.00 1.00 1.00 1.00 1.00 1.00 1.00 1.00
263 00200 00200 00200 00200 1.00 1.00 1.00 1.00 1.00 1.00 1.00 1.00
264 00200 00200 00200 00200 1.00 1.00 1.00 1.00 1.00 1.00 1.00 1.00
265 00200 00200 00200 00200 1.00 1.00 1.00 1.00 1.00 1.00 1.00 1.00
266 00200 00200 00200 00200 1.00 1.00 1.00 1.00 1.00 1.00 1.00 1.00
267 00200 00200 00200 00200 1.00 1.00 1.00 1.00 1.00 1.00 1.00 1.00
268 00200 00200 00200 00200 1.00 1.00 1.00 1.00 1.00 1.00 1.00 1.00
269 00200 00200 00200 00200 1.00 1.00 1.00 1.00 1.00 1.00 1.00 1.00
270 00200 00200 00200 00200 1.00 1.00 1.00 1.00 1.00 1.00 1.00 1.00
271 00200 00200 00200 00200 1.00 1.00 1.00 1.00 1.00 1.00 1.00 1.00
272 00200 00200 00200 00200 1.00 1.00 1.00 1.00 1.00 1.00 1.00 1.00
273 00200 00200 00200 00200 1.00 1.00 1.00 1.00 1.00 1.00 1.00 1.00
274 00200 00200 00200 00200 1.00 1.00 1.00 1.00 1.00 1.00 1.00 1.00
275 00200 00200 00200 00200 1.00 1.00 1.00 1.00 1.00 1.00 1.00 1.00
276 00200 00200 00200 00200 1.00 1.00 1.00 1.00 1.00 1.00 1.00 1.00
277 00200 00200 00200 00200 1.00 1.00 1.00 1.00 1.00 1.00 1.00 1.00
278 00200 00200 00200 00200 1.00 1.00 1.00 1.00 1.00 1.00 1.00 1.00
279 00200 00200 00200 00200 1.00 1.00 1.00 1.00 1.00 1.00 1.00 1.00
280 00200 00200 00200 00200 1.00 1.00 1.00 1.00 1.00 1.00 1.00 1.00
281 00200 00200 00200 00200 1.00 1.00 1.00 1.00 1.00 1.00 1.00 1.00
282 00200 00200 00200 00200 1.00 1.00 1.00 1.00 1.00 1.00 1.00 1.00
283 00200 00200 00200 00200 1.00 1.00 1.00 1.00 1.00 1.00 1.00 1.00
284 00200 00200 00200 00200 1.00 1.00 1.00 1.00 1.00 1.00 1.00 1.00
285 00200 00200 00200 00200 1.00 1.00 1.00 1.00 1.00 1.00 1.00 1.00
286 00200 00200 00200 00200 1.00 1.00 1.00 1.00 1.00 1.00 1.00 1.00
287 00200 00200 00200 00200 1.00 1.00 1.00 1.00 1.00 1.00 1.00 1.00
288 00200 00200 00200 00200 1.00 1.00 1.00 1.00 1.00 1.00 1.00 1.00
289 00200 00200 00200 00200 1.00 1.00 1.00 1.00 1.00 1.00 1.00 1.00
290 00200 00200 00200 00200 1.00 1.00 1.00 1.00 1.00 1.00 1.00 1.00
291 00200 00200 00200 00200 1.00 1.00 1.00 1.00 1.00 1.00 1.00 1.00
292 00200 00200 00200 00200 1.00 1.00 1.00 1.00 1.00 1.00 1.00 1.00
293 00200 00200 00200 00200 1.00 1.00 1.00 1.00 1.00 1.00 1.00 1.00
294 00200 00200 00200 00200 1.00 1.00 1.00 1.00 1.00 1.00 1.00 1.00
295 00200 00200 00200 00200 1.00 1.00 1.00 1.00 1.00 1.00 1.00 1.00
296 00200 00200 00200 00200 1.00 1.00 1.00 1.00 1.00 1.00 1.00 1.00
297 00200 00200 00200 00200 1.00 1.00 1.00 1.00 1.00 1.00 1.00 1.00
298 00200 00200 00200 00200 1.00 1.00 1.00 1.00 1.00 1.00 1.00 1.00
299 00200 00200 00200 00200 1.00 1.00 1.00 1.00 1.00 1.00 1.00 1.00
300 00200 00200 00200 00200 1.00 1.00 1.00 1.00 1.00 1.00 1.00 1.00
301 00200 00200 00200 00200 1.00 1.00 1.00 1.00 1.00 1.00 1.00 1.00
302 00200 00200 00200 00200 1.00 1.00 1.00 1.00 1.00 1.00 1.00 1.00
303 00200 00200 00200 00200 1.00 1.00 1.00 1.00 1.00 1.00 1.00 1.00
304 00200 00200 00200 00200 1.00 1.00 1.00 1.00 1.00 1.00 1.00 1.00
305 00200 00200 00200 00200 1.00 1.00 1.00 1.00 1.00 1.00 1.00 1.00
306 00200 00200 00200 00200 1.00 1.00 1.00 1.00 1.00 1.00 1.00 1.00
307 00200 00200 00200 00200 1.00 1.00 1.00 1.00 1.00 1.00 1.00 1.00
308 00200 00200 00200 00200 1.00 1.00 1.00 1.00 1.00 1.00 1.00 1.00
309 00200 00200 00200 00200 1.00 1.00 1.00 1.00 1.00 1.00 1.00 1.00
310 00200 00200 00200 00200 1.00 1.00 1.00 1.00 1.00 1.00 1.00 1.00
311 00200 00200 00200 00200 1.00 1.00 1.00 1.00 1.00 1.00 1.00 1.00
312 00200 00200 00200 00200 1.00 1.00 1.00 1.00 1.00 1.00 1.00 1.00
313 00200 00200 00200 00200 1.00 1.00 1.00 1.00 1.00 1.00 1.00 1.00
314 00200 00200 00200 00200 1.00 1.00 1.00 1.00 1.00 1.00 1.00 1.00
315 00200 00200 00200 00200 1.00 1.00 1.00 1.00 1.00 1.00 1.00 1.00
316 00200 00200 00200 00200 1.00 1.00 1.00 1.00 1.00 1.00 1.00 1.00
317 00200 00200 00200 00200 1.00 1.00 1.00 1.00 1.00 1.00 1.00 1.00
318 00200 00200 00200 00200 1.00 1.00 1.00 1.00 1.00 1.00 1.00 1.00
319 00200 00200 00200 00200 1.00 1.00 1.00 1.00 1.00 1.00 1.00 1.00
320 00201 00201 00200 00201 .75 .83 .90 .72 .82 .87 .93 .79
321 00201 00201 00200 00201 .75 .83 .90 .72 .82 .87 .93 .79
322 00201 00201 00200 00201 .75 .83 .90 .72 .82 .87 .93 .79
323 00201 00201 00200 00201 .75 .83 .90 .72 .82 .87 .93 .79
324 00201 00201 00200 00201 .75 .83 .90 .72 .82 .87 .93 .79
325 00201 00201 00200 00201 .75 .83 .90 .72 .82 .87 .93 .79
326 00201 00201 00200 00201 .75 .83 .90 .72 .82 .87 .93 .79
327 00201 00201 00200 00201 .75 .83 .90 .72 .82 .87 .93 .79
328 00201 00201 00200 00201 .75 .83 .90 .72 .82 .87 .93 .79
329 00201 00201 00200 00201 .75 .83 .90 .72 .82 .87 .93 .79
330 00201 00201 00200 00201 .75 .83 .90 .72 .82 .87 .93 .79
331 00201 00201 00200 00201 .75 .83 .90 .72 .82 .87 .93 .79
332 00201 00201 00200 00201 .75 .83 .90 .72 .82 .87 .93 .79
333 00201 00201 00200 00201 .75 .83 .90 .72 .82 .87 .93 .79
334 00201 00201 00200 00201 .75 .83 .90 .72 .82 .87 .93 .79
335 00201 00201 00200 00201 .75 .83 .90 .72 .82 .87 .93 .79
336 00201 00201 00200 00201 .75 .83 .90 .72 .82 .87 .93 .79
337 00201 00201 00200 00201 .75 .83 .90 .72 .82 .87 .93 .79
338 00201 00201 00200 00201 .75 .83 .90 .72 .82 .87 .93 .79
339 00201 00201 00200 00201 .75 .83 .90 .72 .82 .87 .93 .79
340 00201 00201 00200 00201 .75 .83 .90 .72 .82 .87 .93 .79
341 00201 00201 00200 00201 .75 .83 .90 .72 .82 .87 .93 .79
342 00201 00201 00200 00201 .75 .83 .90 .72 .82 .87 .93 .79
343 00201 00201 00200 00201 .75 .83 .90 .72 .82 .87 .93 .79
344 00201 00201 00200 00201 .75 .83 .90 .72 .82 .87 .93 .79
345 00201 00201 00200 00201 .75 .83 .90 .72 .82 .87 .93 .79
346 00201 00201 00200 00201 .75 .83 .90 .72 .82 .87 .93 .79
347 00201 00201 00200 00201 .75 .83 .90 .72 .82 .87 .93 .79
348 00201 00201 00200 00201 .75 .83 .90 .72 .82 .87 .93 .79
349 00201 00201 00200 00201 .75 .83 .90 .72 .82 .87 .93 .79
350 00201 00201 00200 00201 .75 .83 .90 .72 .82 .87 .93 .79
351 00201 00201 00200 00201 .75 .83 .90 .72 .82 .87 .93 .79
352 00201 00201 00200 00201 .75 .83 .90 .72 .82 .87 .93 .79
353 00201 00201 00200 00201 .75 .83 .90 .72 .82 .87 .93 .79
354 00201 00201 00200 00201 .75 .83 .90 .72 .82 .87 .93 .79
355 00201 00201 00200 00201 .75 .83 .90 .72 .82 .87 .93 .79
356 00201 00201 00200 00201 .75 .83 .90 .72 .82 .87 .93 .79
357 00201 00201 00200 00201 .75 .83 .90 .72 .82 .87 .93 .79
358 00201 00201 00200 00201 .75 .83 .90 .72 .82 .87 .93 .79
359 00201 00201 00200 00201 .75 .83 .90 .72 .82 .87 .93 .79
360 00201 00201 00200 00201 .75 .83 .90 .72 .82 .87 .93 .79
