0 00202 00202 00000 00202 .36 .36 .36 .36 .55 .55 .55 .55
1 00202 00202 00200 00202 .72 .72 .72 .72 .79 .79 .79 .79
2 00202 00202 00200 00202 .72 .72 .72 .72 .79 .79 .79 .79
3 00202 00202 00200 00202 .72 .72 .72 .72 .79 .79 .79 .79
4 00202 00202 00200 00202 .72 .72 .72 .72 .79 .79 .79 .79
5 00202 00202 00200 00202 .72 .72 .72 .72 .79 .79 .79 .79
6 00202 00202 00200 00202 .72 .72 .72 .72 .79 .79 .79 .79
7 00202 00202 00200 00202 .72 .72 .72 .72 .79 .79 .79 .79
8 00202 00202 00200 00202 .72 .72 .72 .72 .79 .79 .79 .79
9 00202 00202 00200 00202 .72 .72 .72 .72 .79 .79 .79 .79
10 00202 00202 00200 00202 .72 .72 .72 .72 .79 .79 .79 .79
11 00202 00202 00200 00202 .72 .72 .72 .72 .79 .79 .79 .79
12 00202 00202 00200 00202 .72 .72 .72 .72 .79 .79 .79 .79
13 00202 00202 00200 00202 .72 .72 .72 .72 .79 .79 .79 .79
14 00202 00202 00200 00202 .72 .72 .72 .72 .79 .79 .79 .79
15 00202 00202 00200 00202 .72 .72 .72 .72 .79 .79 .79 .79
16 00202 00202 00200 00202 .72 .72 .72 .72 .79 .79 .79 .79
17 00202 00202 00200 00202 .72 .72 .72 .72 .79 .79 .79 .79
18 00202 00202 00200 00202 .72 .72 .72 .72 .79 .79 .79 .79
19 00202 00202 00200 00202 .72 .72 .72 .72 .79 .79 .79 .79
20 00200 00200 00200 00200 1.00 1.00 1.00 1.00 1.00 1.00 1.00 1.00
21 00200 00200 00200 00200 1.00 1.00 1.00 1.00 1.00 1.00 1.00 1.00
22 00200 00200 00200 00200 1.00 1.00 1.00 1.00 1.00 1.00 1.00 1.00
23 00200 00200 00200 00200 1.00 1.00 1.00 1.00 1.00 1.00 1.00 1.00
24 00200 00200 00200 00200 1.00 1.00 1.00 1.00 1.00 1.00 1.00 1.00
25 00200 00200 00200 00200 1.00 1.00 1.00 1.00 1.00 1.00 1.00 1.00
26 00200 00200 00200 00200 1.00 1.00 1.00 1.00 1.00 1.00 1.00 1.00
27 00200 00200 00200 00200 1.00 1.00 1.00 1.00 1.00 1.00 1.00 1.00
28 00200 00200 00200 00200 1.00 1.00 1.00 1.00 1.00 1.00 1.00 1.00
29 00200 00200 00200 00200 1.00 1.00 1.00 1.00 1.00 1.00 1.00 1.00
30 00200 00200 00200 00200 1.00 1.00 1.00 1.00 1.00 1.00 1.00 1.00
31 00200 00200 00200 00200 1.00 1.00 1.00 1.00 1.00 1.00 1.00 1.00
32 00200 00200 00200 00200 1.00 1.00 1.00 1.00 1.00 1.00 1.00 1.00
33 00200 00200 00200 00200 1.00 1.00 1.00 1.00 1.00 1.00 1.00 1.00
34 00200 00200 00200 00200 1.00 1.00 1.00 1.00 1.00 1.00 1.00 1.00
35 00200 00200 00200 00200 1.00 1.00 1.00 1.00 1.00 1.00 1.00 1.00
36 00200 00200 00200 00200 1.00 1.00 1.00 1.00 1.00 1.00 1.00 1.00
37 00200 00200 00200 00200 1.00 1.00 1.00 1.00 1.00 1.00 1.00 1.00
38 00200 00200 00200 00200 1.00 1.00 1.00 1.00 1.00 1.00 1.00 1.00
39 00200 00200 00200 00200 1.00 1.00 1.00 1.00 1.00 1.00 1.00 1.00
40 00200 00200 00200 00200 1.00 1.00 1.00 1.00 1.00 1.00 1.00 1.00
41 00200 00200 00200 00200 1.00 1.00 1.00 1.00 1.00 1.00 1.00 1.00
42 00200 00200 00200 00200 1.00 1.00 1.00 1.00 1.00 1.00 1.00 1.00
43 00200 00200 00200 00200 1.00 1.00 1.00 1.00 1.00 1.00 1.00 1.00
44 00200 00200 00200 00200 1.00 1.00 1.00 1.00 1.00 1.00 1.00 1.00
45 00200 00200 00200 00200 1.00 1.00 1.00 1.00 1.00 1.00 1.00 1.00
46 00200 00200 00200 00200 1.00 1.00 1.00 1.00 1.00 1.00 1.00 1.00
47 00200 00200 00200 00200 1.00 1.00 1.00 1.00 1.00 1.00 1.00 1.00
48 00200 00200 00200 00200 1.00 1.00 1.00 1.00 1.00 1.00 1.00 1.00
49 00200 00200 00200 00200 1.00 1.00 1.00 1.00 1.00 1.00 1.00 1.00
50 00200 00200 00200 00200 1.00 1.00 1.00 1.00 1.00 1.00 1.00 1.00
51 00200 00200 00200 00200 1.00 1.00 1.00 1.00 1.00 1.00 1.00 1.00
52 00200 00200 00200 00200 1.00 1.00 1.00 1.00 1.00 1.00 1.00 1.00
53 00200 00200 00200 00200 1.00 1.00 1.00 1.00 1.00 1.00 1.00 1.00
54 00200 00200 00200 00200 1.00 1.00 1.00 1.00 1.00 1.00 1.00 1.00
55 00200 00200 00200 00200 1.00 1.00 1.00 1.00 1.00 1.00 1.00 1.00
56 00200 00200 00200 00200 1.00 1.00 1.00 1.00 1.00 1.00 1.00 1.00
57 00200 00200 00200 00200 1.00 1.00 1.00 1.00 1.00 1.00 1.00 1.00
58 00200 00200 00200 00200 1.00 1.00 1.00 1.00 1.00 1.00 1.00 1.00
59 00200 00200 00200 00200 1.00 1.00 1.00 1.00 1.00 1.00 1.00 1.00
60 00200 00200 00200 00200 1.00 1.00 1.00 1.00 1.00 1.00 1.00 1.00
61 00200 00200 00200 00200 1.00 1.00 1.00 1.00 1.00 1.00 1.00 1.00
62 00200 00200 00200 00200 1.00 1.00 1.00 1.00 1.00 1.00 1.00 1.00
63 00200 00200 00200 00200 1.00 1.00 1.00 1.00 1.00 1.00 1.00 1.00
64 00200 00200 00200 00200 1.00 1.00 1.00 1.00 1.00 1.00 1.00 1.00
65 00200 00200 00200 00200 1.00 1.00 1.00 1.00 1.00 1.00 1.00 1.00
66 00200 00200 00200 00200 1.00 1.00 1.00 1.00 1.00 1.00 1.00 1.00
67 00200 00200 00200 00200 1.00 1.00 1.00 1.00 1.00 1.00 1.00 1.00
68 00200 00200 00200 00200 1.00 1.00 1.00 1.00 1.00 1.00 1.00 1.00
69 00200 00200 00200 00200 1.00 1.00 1.00 1.00 1.00 1.00 1.00 1.00
70 00200 00200 00200 00200 1.00 1.00 1.00 1.00 1.00 1.00 1.00 1.00
71 00200 00200 00200 00200 1.00 1.00 1.00 1.00 1.00 1.00 1.00 1.00
72 00200 00200 00200 00200 1.00 1.00 1.00 1.00 1.00 1.00 1.00 1.00
73 00200 00200 00200 00200 1.00 1.00 1.00 1.00 1.00 1.00 1.00 1.00
74 00200 00200 00200 00200 1.00 1.00 1.00 1.00 1.00 1.00 1.00 1.00
75 00200 00200 00200 00200 1.00 1.00 1.00 1.00 1.00 1.00 1.00 1.00
76 00200 00200 00200 00200 1.00 1.00 1.00 1.00 1.00 1.00 1.00 1.00
77 00200 00200 00200 00200 1.00 1.00 1.00 1.00 1.00 1.00 1.00 1.00
78 00200 00200 00200 00200 1.00 1.00 1.00 1.00 1.00 1.00 1.00 1.00
79 00200 00200 00200 00200 1.00 1.00 1.00 1.00 1.00 1.00 1.00 1.00
80 00200 00200 00200 00200 1.00 1.00 1.00 1.00 1.00 1.00 1.00 1.00
81 00200 00200 00200 00200 1.00 1.00 1.00 1.00 1.00 1.00 1.00 1.00
82 00200 00200 00200 00200 1.00 1.00 1.00 1.00 1.00 1.00 1.00 1.00
83 00200 00200 00200 00200 1.00 1.00 1.00 1.00 1.00 1.00 1.00 1.00
84 00200 00200 00200 00200 1.00 1.00 1.00 1.00 1.00 1.00 1.00 1.00
85 00200 00200 00200 00200 1.00 1.00 1.00 1.00 1.00 1.00 1.00 1.00
86 00200 00200 00200 00200 1.00 1.00 1.00 1.00 1.00 1.00 1.00 1.00
87 00200 00200 00200 00200 1.00 1.00 1.00 1.00 1.00 1.00 1.00 1.00
88 00200 00200 00200 00200 1.00 1.00 1.00 1.00 1.00 1.00 1.00 1.00
89 00200 00200 00200 00200 1.00 1.00 1.00 1.00 1.00 1.00 1.00 1.00
90 00200 00200 00200 00200 1.00 1.00 1.00 1.00 1.00 1.00 1.00 1.00
91 00200 00200 00200 00200 1.00 1.00 1.00 1.00 1.00 1.00 1.00 1.00
92 00200 00200 00200 00200 1.00 1.00 1.00 1.00 1.00 1.00 1.00 1.00
93 00200 00200 00200 00200 1.00 1.00 1.00 1.00 1.00 1.00 1.00 1.00
94 00200 00200 00200 00200 1.00 1.00 1.00 1.00 1.00 1.00 1.00 1.00
95 00200 00200 00200 00200 1.00 1.00 1.00 1.00 1.00 1.00 1.00 1.00
96 00200 00200 00200 00200 1.00 1.00 1.00 1.00 1.00 1.00 1.00 1.00
97 00200 00200 00200 00200 1.00 1.00 1.00 1.00 1.00 1.00 1.00 1.00
98 00200 00200 00200 00200 1.00 1.00 1.00 1.00 1.00 1.00 1.00 1.00
99 00200 00200 00200 00200 1.00 1.00 1.00 1.00 1.00 1.00 1.00 1.00
100 20200 20200 00200 20200 .72 .72 .72 .72 .79 .79 .79 .79
101 20200 20200 00200 20200 .72 .72 .72 .72 .79 .79 .79 .79
102 20200 20200 02200 20200 .48 .48 .48 .48 .60 .60 .60 .60
103 20200 20200 02200 20200 .48 .48 .48 .48 .60 .60 .60 .60
104 20200 20200 02200 20200 .48 .48 .48 .48 .60 .60 .60 .60
105 20200 20200 02200 20200 .48 .48 .48 .48 .60 .60 .60 .60
106 20200 20200 02200 20200 .48 .48 .48 .48 .60 .60 .60 .60
107 20200 20200 02200 20200 .48 .48 .48 .48 .60 .60 .60 .60
108 20200 20200 02200 20200 .48 .48 .48 .48 .60 .60 .60 .60
109 20200 20200 02200 20200 .48 .48 .48 .48 .60 .60 .60 .60
110 20200 20200 02200 20200 .48 .48 .48 .48 .60 .60 .60 .60
111 20200 20200 02200 20200 .48 .48 .48 .48 .60 .60 .60 .60
112 20200 20200 02200 20200 .48 .48 .48 .48 .60 .60 .60 .60
113 20200 20200 02200 20200 .48 .48 .48 .48 .60 .60 .60 .60
114 20200 20200 02200 20200 .48 .48 .48 .48 .60 .60 .60 .60
115 20200 20200 02200 20200 .48 .48 .48 .48 .60 .60 .60 .60
116 20200 20200 02200 20200 .48 .48 .48 .48 .60 .60 .60 .60
117 20200 20200 02200 20200 .48 .48 .48 .48 .60 .60 .60 .60
118 20200 20200 02200 20200 .48 .48 .48 .48 .60 .60 .60 .60
119 20200 20200 02200 20200 .48 .48 .48 .48 .60 .60 .60 .60
120 02200 02200 02200 02200 1.00 1.00 1.00 1.00 1.00 1.00 1.00 1.00
121 02200 02200 02200 02200 1.00 1.00 1.00 1.00 1.00 1.00 1.00 1.00
122 02200 02200 02200 02200 1.00 1.00 1.00 1.00 1.00 1.00 1.00 1.00
123 02200 02200 02200 02200 1.00 1.00 1.00 1.00 1.00 1.00 1.00 1.00
124 02200 02200 02200 02200 1.00 1.00 1.00 1.00 1.00 1.00 1.00 1.00
125 02200 02200 02200 02200 1.00 1.00 1.00 1.00 1.00 1.00 1.00 1.00
126 02200 02200 02200 02200 1.00 1.00 1.00 1.00 1.00 1.00 1.00 1.00
127 02200 02200 02200 02200 1.00 1.00 1.00 1.00 1.00 1.00 1.00 1.00
128 02200 02200 02200 02200 1.00 1.00 1.00 1.00 1.00 1.00 1.00 1.00
129 02200 02200 02200 02200 1.00 1.00 1.00 1.00 1.00 1.00 1.00 1.00
130 02200 02200 02200 02200 1.00 1.00 1.00 1.00 1.00 1.00 1.00 1.00
131 02200 02200 02200 02200 1.00 1.00 1.00 1.00 1.00 1.00 1.00 1.00
132 02200 02200 02200 02200 1.00 1.00 1.00 1.00 1.00 1.00 1.00 1.00
133 02200 02200 02200 02200 1.00 1.00 1.00 1.00 1.00 1.00 1.00 1.00
134 02200 02200 02200 02200 1.00 1.00 1.00 1.00 1.00 1.00 1.00 1.00
135 02200 02200 02200 02200 1.00 1.00 1.00 1.00 1.00 1.00 1.00 1.00
136 02200 02200 02200 02200 1.00 1.00 1.00 1.00 1.00 1.00 1.00 1.00
137 02200 02200 02200 02200 1.00 1.00 1.00 1.00 1.00 1.00 1.00 1.00
138 02200 02200 02200 02200 1.00 1.00 1.00 1.00 1.00 1.00 1.00 1.00
139 02200 02200 02200 02200 1.00 1.00 1.00 1.00 1.00 1.00 1.00 1.00
140 02200 20200 02200 02200 .48 .48 .48 .48 .60 .60 .60 .60
141 02200 20200 02200 02200 .48 .48 .48 .48 .60 .60 .60 .60
142 02200 20200 02200 02200 .48 .48 .48 .48 .60 .60 .60 .60
143 02200 20200 02200 02200 .48 .48 .48 .48 .60 .60 .60 .60
144 02200 20200 02200 02200 .48 .48 .48 .48 .60 .60 .60 .60
145 02200 20200 02200 02200 .48 .48 .48 .48 .60 .60 .60 .60
146 02200 20200 02200 02200 .48 .48 .48 .48 .60 .60 .60 .60
147 02200 20200 02020 02200 -0.04 -0.04 -0.04 -0.04 .21 .21 .21 .21
148 02200 20200 02020 02200 -0.04 -0.04 -0.04 -0.04 .21 .21 .21 .21
149 02200 20200 02020 02200 -0.04 -0.04 -0.04 -0.04 .21 .21 .21 .21
150 20200 20200 02020 20200 -0.04 -0.04 -0.04 -0.04 .21 .21 .21 .21
151 20200 20200 02020 20200 -0.04 -0.04 -0.04 -0.04 .21 .21 .21 .21
152 20200 20200 02020 20200 -0.04 -0.04 -0.04 -0.04 .21 .21 .21 .21
153 20200 20200 02020 20200 -0.04 -0.04 -0.04 -0.04 .21 .21 .21 .21
154 20200 20200 02020 20200 -0.04 -0.04 -0.04 -0.04 .21 .21 .21 .21
155 20200 20200 02020 20200 -0.04 -0.04 -0.04 -0.04 .21 .21 .21 .21
156 20200 20200 02020 20200 -0.04 -0.04 -0.04 -0.04 .21 .21 .21 .21
157 20200 20200 02020 20200 -0.04 -0.04 -0.04 -0.04 .21 .21 .21 .21
158 20200 20200 02020 20200 -0.04 -0.04 -0.04 -0.04 .21 .21 .21 .21
159 20200 20200 02020 20200 -0.04 -0.04 -0.04 -0.04 .21 .21 .21 .21
160 20000 20000 02020 20000 .05 .05 .05 .05 .24 .24 .24 .24
161 20000 20000 02020 20000 .05 .05 .05 .05 .24 .24 .24 .24
162 20000 20000 20000 20000 1.00 1.00 1.00 1.00 1.00 1.00 1.00 1.00
163 20000 20000 20000 20000 1.00 1.00 1.00 1.00 1.00 1.00 1.00 1.00
164 20000 20000 20000 20000 1.00 1.00 1.00 1.00 1.00 1.00 1.00 1.00
165 20000 20000 20000 20000 1.00 1.00 1.00 1.00 1.00 1.00 1.00 1.00
166 20000 20000 20000 20000 1.00 1.00 1.00 1.00 1.00 1.00 1.00 1.00
167 20000 20000 20000 20000 1.00 1.00 1.00 1.00 1.00 1.00 1.00 1.00
168 20000 20000 20000 20000 1.00 1.00 1.00 1.00 1.00 1.00 1.00 1.00
169 20000 20000 20000 20000 1.00 1.00 1.00 1.00 1.00 1.00 1.00 1.00
170 20000 20000 20000 20000 1.00 1.00 1.00 1.00 1.00 1.00 1.00 1.00
171 20000 20000 20000 20000 1.00 1.00 1.00 1.00 1.00 1.00 1.00 1.00
172 20000 20000 20000 20000 1.00 1.00 1.00 1.00 1.00 1.00 1.00 1.00
173 20000 20000 20000 20000 1.00 1.00 1.00 1.00 1.00 1.00 1.00 1.00
174 20000 20000 20000 20000 1.00 1.00 1.00 1.00 1.00 1.00 1.00 1.00
175 20000 20000 20000 20000 1.00 1.00 1.00 1.00 1.00 1.00 1.00 1.00
176 20000 20000 20000 20000 1.00 1.00 1.00 1.00 1.00 1.00 1.00 1.00
177 20000 20000 20000 20000 1.00 1.00 1.00 1.00 1.00 1.00 1.00 1.00
178 20000 20000 20000 20000 1.00 1.00 1.00 1.00 1.00 1.00 1.00 1.00
179 20000 20000 20000 20000 1.00 1.00 1.00 1.00 1.00 1.00 1.00 1.00
180 20000 20000 20000 20000 1.00 1.00 1.00 1.00 1.00 1.00 1.00 1.00
181 20000 20000 20000 20000 1.00 1.00 1.00 1.00 1.00 1.00 1.00 1.00
182 20000 20000 20000 20000 1.00 1.00 1.00 1.00 1.00 1.00 1.00 1.00
183 20000 20000 20000 20000 1.00 1.00 1.00 1.00 1.00 1.00 1.00 1.00
184 20000 20000 20000 20000 1.00 1.00 1.00 1.00 1.00 1.00 1.00 1.00
185 20000 20000 20000 20000 1.00 1.00 1.00 1.00 1.00 1.00 1.00 1.00
186 20000 20000 20000 20000 1.00 1.00 1.00 1.00 1.00 1.00 1.00 1.00
187 20000 20000 20000 20000 1.00 1.00 1.00 1.00 1.00 1.00 1.00 1.00
188 20000 20000 20000 20000 1.00 1.00 1.00 1.00 1.00 1.00 1.00 1.00
189 20000 20000 20000 20000 1.00 1.00 1.00 1.00 1.00 1.00 1.00 1.00
190 20000 20000 20000 20000 1.00 1.00 1.00 1.00 1.00 1.00 1.00 1.00
191 20000 20000 20000 20000 1.00 1.00 1.00 1.00 1.00 1.00 1.00 1.00
192 20000 20000 20000 20000 1.00 1.00 1.00 1.00 1.00 1.00 1.00 1.00
193 20000 20000 20000 20000 1.00 1.00 1.00 1.00 1.00 1.00 1.00 1.00
194 20000 20000 20000 20000 1.00 1.00 1.00 1.00 1.00 1.00 1.00 1.00
195 20000 20000 20000 20000 1.00 1.00 1.00 1.00 1.00 1.00 1.00 1.00
196 20000 20000 20000 20000 1.00 1.00 1.00 1.00 1.00 1.00 1.00 1.00
197 20000 20000 20000 20000 1.00 1.00 1.00 1.00 1.00 1.00 1.00 1.00
198 20000 20000 20000 20000 1.00 1.00 1.00 1.00 1.00 1.00 1.00 1.00
199 20000 20000 20000 20000 1.00 1.00 1.00 1.00 1.00 1.00 1.00 1.00
200 20000 20000 20000 20000 1.00 1.00 1.00 1.00 1.00 1.00 1.00 1.00
201 20000 20000 20000 20000 1.00 1.00 1.00 1.00 1.00 1.00 1.00 1.00
202 20000 20000 20000 20000 1.00 1.00 1.00 1.00 1.00 1.00 1.00 1.00
203 20000 20000 20000 20000 1.00 1.00 1.00 1.00 1.00 1.00 1.00 1.00
204 20000 20000 20000 20000 1.00 1.00 1.00 1.00 1.00 1.00 1.00 1.00
205 20000 20000 20000 20000 1.00 1.00 1.00 1.00 1.00 1.00 1.00 1.00
206 20000 20000 20000 20000 1.00 1.00 1.00 1.00 1.00 1.00 1.00 1.00
207 20000 20000 20000 20000 1.00 1.00 1.00 1.00 1.00 1.00 1.00 1.00
208 20000 20000 20000 20000 1.00 1.00 1.00 1.00 1.00 1.00 1.00 1.00
209 20000 20000 20000 20000 1.00 1.00 1.00 1.00 1.00 1.00 1.00 1.00
210 20000 20000 20000 20000 1.00 1.00 1.00 1.00 1.00 1.00 1.00 1.00
211 20000 20000 20000 20000 1.00 1.00 1.00 1.00 1.00 1.00 1.00 1.00
212 20000 20000 20000 20000 1.00 1.00 1.00 1.00 1.00 1.00 1.00 1.00
213 20000 20000 20000 20000 1.00 1.00 1.00 1.00 1.00 1.00 1.00 1.00
214 20000 20000 20000 20000 1.00 1.00 1.00 1.00 1.00 1.00 1.00 1.00
215 20000 20000 20000 20000 1.00 1.00 1.00 1.00 1.00 1.00 1.00 1.00
216 20000 20000 20000 20000 1.00 1.00 1.00 1.00 1.00 1.00 1.00 1.00
217 20000 20000 20000 20000 1.00 1.00 1.00 1.00 1.00 1.00 1.00 1.00
218 20000 20000 20000 20000 1.00 1.00 1.00 1.00 1.00 1.00 1.00 1.00
219 20000 20000 20000 20000 1.00 1.00 1.00 1.00 1.00 1.00 1.00 1.00
220 20000 20000 20000 20000 1.00 1.00 1.00 1.00 1.00 1.00 1.00 1.00
221 20000 20000 20000 20000 1.00 1.00 1.00 1.00 1.00 1.00 1.00 1.00
222 20000 20000 20020 20000 .68 .68 .68 .68 .75 .75 .75 .75
223 20000 20000 20020 20000 .68 .68 .68 .68 .75 .75 .75 .75
224 20000 20000 20020 20000 .68 .68 .68 .68 .75 .75 .75 .75
225 20000 20000 20020 20000 .68 .68 .68 .68 .75 .75 .75 .75
226 20000 20000 20020 20000 .68 .68 .68 .68 .75 .75 .75 .75
227 20000 20000 20020 20000 .68 .68 .68 .68 .75 .75 .75 .75
228 20000 20000 20020 20000 .68 .68 .68 .68 .75 .75 .75 .75
229 20000 20000 20020 20000 .68 .68 .68 .68 .75 .75 .75 .75
230 20020 20000 20020 20020 .72 .72 .72 .72 .79 .79 .79 .79
231 20020 20000 20020 20020 .72 .72 .72 .72 .79 .79 .79 .79
232 20020 20000 20020 20020 .72 .72 .72 .72 .79 .79 .79 .79
233 20020 20000 20020 20020 .72 .72 .72 .72 .79 .79 .79 .79
234 20020 20000 20020 20020 .72 .72 .72 .72 .79 .79 .79 .79
235 20020 20000 20020 20020 .72 .72 .72 .72 .79 .79 .79 .79
236 20020 20000 20020 20020 .72 .72 .72 .72 .79 .79 .79 .79
237 20020 20000 20020 20020 .72 .72 .72 .72 .79 .79 .79 .79
238 20020 20000 20020 20020 .72 .72 .72 .72 .79 .79 .79 .79
239 20020 20000 20020 20020 .72 .72 .72 .72 .79 .79 .79 .79
240 20020 20000 20020 20020 .72 .72 .72 .72 .79 .79 .79 .79
241 20020 20000 20020 20020 .72 .72 .72 .72 .79 .79 .79 .79
242 20020 20000 20020 20020 .72 .72 .72 .72 .79 .79 .79 .79
243 20020 20000 20020 20020 .72 .72 .72 .72 .79 .79 .79 .79
244 20020 20000 20020 20020 .72 .72 .72 .72 .79 .79 .79 .79
245 20020 20000 20020 20020 .72 .72 .72 .72 .79 .79 .79 .79
246 20020 20000 20020 20020 .72 .72 .72 .72 .79 .79 .79 .79
247 20020 20000 20020 20020 .72 .72 .72 .72 .79 .79 .79 .79
248 20020 20000 20020 20020 .72 .72 .72 .72 .79 .79 .79 .79
249 20020 20000 20020 20020 .72 .72 .72 .72 .79 .79 .79 .79
250 20020 20020 20020 20020 1.00 1.00 1.00 1.00 1.00 1.00 1.00 1.00
251 20020 20020 20020 20020 1.00 1.00 1.00 1.00 1.00 1.00 1.00 1.00
252 20020 20020 20020 20020 1.00 1.00 1.00 1.00 1.00 1.00 1.00 1.00
253 20020 20020 20020 20020 1.00 1.00 1.00 1.00 1.00 1.00 1.00 1.00
254 20020 20020 20020 20020 1.00 1.00 1.00 1.00 1.00 1.00 1.00 1.00
255 20020 20020 20020 20020 1.00 1.00 1.00 1.00 1.00 1.00 1.00 1.00
256 20020 20020 20020 20020 1.00 1.00 1.00 1.00 1.00 1.00 1.00 1.00
257 20020 20020 20020 20020 1.00 1.00 1.00 1.00 1.00 1.00 1.00 1.00
258 20020 20020 20020 20020 1.00 1.00 1.00 1.00 1.00 1.00 1.00 1.00
259 20020 20020 20020 20020 1.00 1.00 1.00 1.00 1.00 1.00 1.00 1.00
260 20020 20020 20020 20020 1.00 1.00 1.00 1.00 1.00 1.00 1.00 1.00
261 20020 20020 20020 20020 1.00 1.00 1.00 1.00 1.00 1.00 1.00 1.00
262 20020 20020 20020 20020 1.00 1.00 1.00 1.00 1.00 1.00 1.00 1.00
263 20020 20020 20020 20020 1.00 1.00 1.00 1.00 1.00 1.00 1.00 1.00
264 20020 20020 20020 20020 1.00 1.00 1.00 1.00 1.00 1.00 1.00 1.00
265 20020 20020 20020 20020 1.00 1.00 1.00 1.00 1.00 1.00 1.00 1.00
266 20020 20020 20020 20020 1.00 1.00 1.00 1.00 1.00 1.00 1.00 1.00
267 20020 20020 20020 20020 1.00 1.00 1.00 1.00 1.00 1.00 1.00 1.00
268 20020 20020 20020 20020 1.00 1.00 1.00 1.00 1.00 1.00 1.00 1.00
269 20020 20020 20020 20020 1.00 1.00 1.00 1.00 1.00 1.00 1.00 1.00
270 20020 20020 20020 20020 1.00 1.00 1.00 1.00 1.00 1.00 1.00 1.00
271 20020 20020 20020 20020 1.00 1.00 1.00 1.00 1.00 1.00 1.00 1.00
272 20020 20020 20020 20020 1.00 1.00 1.00 1.00 1.00 1.00 1.00 1.00
273 20020 20020 20020 20020 1.00 1.00 1.00 1.00 1.00 1.00 1.00 1.00
274 20020 20020 20020 20020 1.00 1.00 1.00 1.00 1.00 1.00 1.00 1.00
275 20020 20020 20020 20020 1.00 1.00 1.00 1.00 1.00 1.00 1.00 1.00
276 20020 20020 20020 20020 1.00 1.00 1.00 1.00 1.00 1.00 1.00 1.00
277 20020 20020 20020 20020 1.00 1.00 1.00 1.00 1.00 1.00 1.00 1.00
278 20020 20020 20020 20020 1.00 1.00 1.00 1.00 1.00 1.00 1.00 1.00
279 20020 20020 20020 20020 1.00 1.00 1.00 1.00 1.00 1.00 1.00 1.00
280 20000 20000 20020 20000 .68 .68 .68 .68 .75 .75 .75 .75
281 20000 20000 20020 20000 .68 .68 .68 .68 .75 .75 .75 .75
282 20000 20000 20020 20000 .68 .68 .68 .68 .75 .75 .75 .75
283 20000 20000 20020 20000 .68 .68 .68 .68 .75 .75 .75 .75
284 20000 20000 20020 20000 .68 .68 .68 .68 .75 .75 .75 .75
285 20000 20000 20020 20000 .68 .68 .68 .68 .75 .75 .75 .75
286 20000 20000 20020 20000 .68 .68 .68 .68 .75 .75 .75 .75
287 20000 20000 20020 20000 .68 .68 .68 .68 .75 .75 .75 .75
288 20000 20000 20020 20000 .68 .68 .68 .68 .75 .75 .75 .75
289 20000 20000 20020 20000 .68 .68 .68 .68 .75 .75 .75 .75
290 20000 20000 20020 20000 .68 .68 .68 .68 .75 .75 .75 .75
291 20000 20000 20020 20000 .68 .68 .68 .68 .75 .75 .75 .75
292 20000 20000 20020 20000 .68 .68 .68 .68 .75 .75 .75 .75
293 20000 20000 20020 20000 .68 .68 .68 .68 .75 .75 .75 .75
294 20000 20000 20020 20000 .68 .68 .68 .68 .75 .75 .75 .75
295 20000 20000 20020 20000 .68 .68 .68 .68 .75 .75 .75 .75
296 20000 20000 20020 20000 .68 .68 .68 .68 .75 .75 .75 .75
297 20000 20000 20020 20000 .68 .68 .68 .68 .75 .75 .75 .75
298 20000 20000 20020 20000 .68 .68 .68 .68 .75 .75 .75 .75
299 20000 20000 20020 20000 .68 .68 .68 .68 .75 .75 .75 .75
300 20020 20000 20020 20020 .72 .72 .72 .72 .79 .79 .79 .79
301 20020 20000 20020 20020 .72 .72 .72 .72 .79 .79 .79 .79
302 20020 20000 20020 20020 .72 .72 .72 .72 .79 .79 .79 .79
303 20020 20000 20020 20020 .72 .72 .72 .72 .79 .79 .79 .79
304 20020 20000 20020 20020 .72 .72 .72 .72 .79 .79 .79 .79
305 20020 20000 20020 20020 .72 .72 .72 .72 .79 .79 .79 .79
306 20020 20000 20020 20020 .72 .72 .72 .72 .79 .79 .79 .79
307 20020 20000 20020 20020 .72 .72 .72 .72 .79 .79 .79 .79
308 20020 20000 20020 20020 .72 .72 .72 .72 .79 .79 .79 .79
309 20020 20000 20020 20020 .72 .72 .72 .72 .79 .79 .79 .79
310 20020 20000 20020 20020 .72 .72 .72 .72 .79 .79 .79 .79
311 20020 20000 20020 20020 .72 .72 .72 .72 .79 .79 .79 .79
312 20020 20000 20020 20020 .72 .72 .72 .72 .79 .79 .79 .79
313 20020 20000 20020 20020 .72 .72 .72 .72 .79 .79 .79 .79
314 20020 20000 20020 20020 .72 .72 .72 .72 .79 .79 .79 .79
315 20020 20000 20020 20020 .72 .72 .72 .72 .79 .79 .79 .79
316 20020 20000 20020 20020 .72 .72 .72 .72 .79 .79 .79 .79
317 20020 20000 20020 20020 .72 .72 .72 .72 .79 .79 .79 .79
318 20020 20000 20020 20020 .72 .72 .72 .72 .79 .79 .79 .79
319 20020 20000 20020 20020 .72 .72 .72 .72 .79 .79 .79 .79
320 20200 20200 20020 20200 .48 .48 .48 .48 .60 .60 .60 .60
321 20200 20200 20020 20200 .48 .48 .48 .48 .60 .60 .60 .60
322 20200 20200 20020 20200 .48 .48 .48 .48 .60 .60 .60 .60
323 20200 20200 20020 20200 .48 .48 .48 .48 .60 .60 .60 .60
324 20200 20200 20020 20200 .48 .48 .48 .48 .60 .60 .60 .60
325 20200 20200 20020 20200 .48 .48 .48 .48 .60 .60 .60 .60
326 20200 20200 02200 20200 .48 .48 .48 .48 .60 .60 .60 .60
327 20200 20200 02200 20200 .48 .48 .48 .48 .60 .60 .60 .60
328 20200 20200 02200 20200 .48 .48 .48 .48 .60 .60 .60 .60
