0 00002 00002 00000 00002 .46 .46 .46 .46 .63 .63 .63 .63
1 00002 00002 00020 00002 .22 .22 .22 .22 .41 .41 .41 .41
2 00002 00002 00020 00002 .22 .22 .22 .22 .41 .41 .41 .41
3 00002 00002 00020 00002 .22 .22 .22 .22 .41 .41 .41 .41
4 00002 00002 00020 00002 .22 .22 .22 .22 .41 .41 .41 .41
5 00002 00002 00020 00002 .22 .22 .22 .22 .41 .41 .41 .41
6 00002 00002 00020 00002 .22 .22 .22 .22 .41 .41 .41 .41
7 00002 00002 00020 00002 .22 .22 .22 .22 .41 .41 .41 .41
8 00002 00002 00020 00002 .22 .22 .22 .22 .41 .41 .41 .41
9 00002 00002 00020 00002 .22 .22 .22 .22 .41 .41 .41 .41
10 00002 00002 00020 00002 .22 .22 .22 .22 .41 .41 .41 .41
11 00002 00002 00020 00002 .22 .22 .22 .22 .41 .41 .41 .41
12 00002 00002 00020 00002 .22 .22 .22 .22 .41 .41 .41 .41
13 00002 00002 00020 00002 .22 .22 .22 .22 .41 .41 .41 .41
14 00002 00002 00020 00002 .22 .22 .22 .22 .41 .41 .41 .41
15 00002 00002 00020 00002 .22 .22 .22 .22 .41 .41 .41 .41
16 00002 00002 00020 00002 .22 .22 .22 .22 .41 .41 .41 .41
17 00002 00002 00020 00002 .22 .22 .22 .22 .41 .41 .41 .41
18 00002 00002 00020 00002 .22 .22 .22 .22 .41 .41 .41 .41
19 00002 00002 00020 00002 .22 .22 .22 .22 .41 .41 .41 .41
20 00002 00002 00020 00002 .22 .22 .22 .22 .41 .41 .41 .41
21 00002 00002 00020 00002 .22 .22 .22 .22 .41 .41 .41 .41
22 00002 00002 00020 00002 .22 .22 .22 .22 .41 .41 .41 .41
23 00002 00002 00020 00002 .22 .22 .22 .22 .41 .41 .41 .41
24 00002 00002 00020 00002 .22 .22 .22 .22 .41 .41 .41 .41
25 00002 00002 00020 00002 .22 .22 .22 .22 .41 .41 .41 .41
26 00002 00002 00020 00002 .22 .22 .22 .22 .41 .41 .41 .41
27 00002 00002 00020 00002 .22 .22 .22 .22 .41 .41 .41 .41
28 00002 00002 00020 00002 .22 .22 .22 .22 .41 .41 .41 .41
29 00002 00002 00020 00002 .22 .22 .22 .22 .41 .41 .41 .41
30 00202 00202 00020 00202 .16 .16 .16 .16 .37 .37 .37 .37
31 00202 00202 00020 00202 .16 .16 .16 .16 .37 .37 .37 .37
32 00202 00202 00020 00202 .16 .16 .16 .16 .37 .37 .37 .37
33 00202 00202 00020 00202 .16 .16 .16 .16 .37 .37 .37 .37
34 00202 00202 00020 00202 .16 .16 .16 .16 .37 .37 .37 .37
35 00202 00202 00020 00202 .16 .16 .16 .16 .37 .37 .37 .37
36 00202 00202 00020 00202 .16 .16 .16 .16 .37 .37 .37 .37
37 00202 00202 00020 00202 .16 .16 .16 .16 .37 .37 .37 .37
38 00202 00202 00020 00202 .16 .16 .16 .16 .37 .37 .37 .37
39 00202 00202 00020 00202 .16 .16 .16 .16 .37 .37 .37 .37
40 00200 00200 00020 00200 .22 .22 .22 .22 .41 .41 .41 .41
41 00200 00200 00020 00200 .22 .22 .22 .22 .41 .41 .41 .41
42 00200 00200 00020 00200 .22 .22 .22 .22 .41 .41 .41 .41
43 00200 00200 00020 00200 .22 .22 .22 .22 .41 .41 .41 .41
44 00200 00200 00020 00200 .22 .22 .22 .22 .41 .41 .41 .41
45 00200 00200 00020 00200 .22 .22 .22 .22 .41 .41 .41 .41
46 00200 00200 00020 00200 .22 .22 .22 .22 .41 .41 .41 .41
47 00200 00200 00020 00200 .22 .22 .22 .22 .41 .41 .41 .41
48 00200 00200 00020 00200 .22 .22 .22 .22 .41 .41 .41 .41
49 00200 00200 00020 00200 .22 .22 .22 .22 .41 .41 .41 .41
50 00200 00200 00020 00200 .22 .22 .22 .22 .41 .41 .41 .41
51 00200 00200 00020 00200 .22 .22 .22 .22 .41 .41 .41 .41
52 00200 00200 00020 00200 .22 .22 .22 .22 .41 .41 .41 .41
53 00200 00200 00020 00200 .22 .22 .22 .22 .41 .41 .41 .41
54 00200 00200 00020 00200 .22 .22 .22 .22 .41 .41 .41 .41
55 00200 00200 00020 00200 .22 .22 .22 .22 .41 .41 .41 .41
56 00200 00200 00020 00200 .22 .22 .22 .22 .41 .41 .41 .41
57 00200 00200 00020 00200 .22 .22 .22 .22 .41 .41 .41 .41
58 00200 00200 00020 00200 .22 .22 .22 .22 .41 .41 .41 .41
59 00200 00200 00020 00200 .22 .22 .22 .22 .41 .41 .41 .41
60 00200 00200 00020 00200 .22 .22 .22 .22 .41 .41 .41 .41
61 00200 00200 00020 00200 .22 .22 .22 .22 .41 .41 .41 .41
62 00200 00200 00020 00200 .22 .22 .22 .22 .41 .41 .41 .41
63 00200 00200 00020 00200 .22 .22 .22 .22 .41 .41 .41 .41
64 00200 00200 00020 00200 .22 .22 .22 .22 .41 .41 .41 .41
65 00200 00200 00020 00200 .22 .22 .22 .22 .41 .41 .41 .41
66 00200 00200 00020 00200 .22 .22 .22 .22 .41 .41 .41 .41
67 00200 00200 00020 00200 .22 .22 .22 .22 .41 .41 .41 .41
68 00200 00200 00020 00200 .22 .22 .22 .22 .41 .41 .41 .41
69 00200 00200 00020 00200 .22 .22 .22 .22 .41 .41 .41 .41
70 00200 00200 00020 00200 .22 .22 .22 .22 .41 .41 .41 .41
71 00200 00200 00020 00200 .22 .22 .22 .22 .41 .41 .41 .41
72 00200 00200 00020 00200 .22 .22 .22 .22 .41 .41 .41 .41
73 00200 00200 00020 00200 .22 .22 .22 .22 .41 .41 .41 .41
74 00200 00200 00020 00200 .22 .22 .22 .22 .41 .41 .41 .41
75 00200 00200 00020 00200 .22 .22 .22 .22 .41 .41 .41 .41
76 00200 00200 00200 00200 1.00 1.00 1.00 1.00 1.00 1.00 1.00 1.00
77 00200 00200 00200 00200 1.00 1.00 1.00 1.00 1.00 1.00 1.00 1.00
78 00200 00200 00200 00200 1.00 1.00 1.00 1.00 1.00 1.00 1.00 1.00
79 00200 00200 00200 00200 1.00 1.00 1.00 1.00 1.00 1.00 1.00 1.00
80 00200 00200 00200 00200 1.00 1.00 1.00 1.00 1.00 1.00 1.00 1.00
81 00200 00200 00200 00200 1.00 1.00 1.00 1.00 1.00 1.00 1.00 1.00
82 00200 00200 00200 00200 1.00 1.00 1.00 1.00 1.00 1.00 1.00 1.00
83 00200 00200 00200 00200 1.00 1.00 1.00 1.00 1.00 1.00 1.00 1.00
84 00200 00200 00200 00200 1.00 1.00 1.00 1.00 1.00 1.00 1.00 1.00
85 00200 00200 00200 00200 1.00 1.00 1.00 1.00 1.00 1.00 1.00 1.00
86 00200 00200 00200 00200 1.00 1.00 1.00 1.00 1.00 1.00 1.00 1.00
87 00200 00200 00200 00200 1.00 1.00 1.00 1.00 1.00 1.00 1.00 1.00
88 00200 00200 00200 00200 1.00 1.00 1.00 1.00 1.00 1.00 1.00 1.00
89 00200 00200 00200 00200 1.00 1.00 1.00 1.00 1.00 1.00 1.00 1.00
90 00200 00200 00200 00200 1.00 1.00 1.00 1.00 1.00 1.00 1.00 1.00
91 00200 00200 00200 00200 1.00 1.00 1.00 1.00 1.00 1.00 1.00 1.00
92 00200 00200 00200 00200 1.00 1.00 1.00 1.00 1.00 1.00 1.00 1.00
93 00200 00200 00200 00200 1.00 1.00 1.00 1.00 1.00 1.00 1.00 1.00
94 00200 00200 00200 00200 1.00 1.00 1.00 1.00 1.00 1.00 1.00 1.00
95 00200 00200 00200 00200 1.00 1.00 1.00 1.00 1.00 1.00 1.00 1.00
96 00200 00200 00200 00200 1.00 1.00 1.00 1.00 1.00 1.00 1.00 1.00
97 00200 00200 00200 00200 1.00 1.00 1.00 1.00 1.00 1.00 1.00 1.00
98 00200 00200 00200 00200 1.00 1.00 1.00 1.00 1.00 1.00 1.00 1.00
99 00200 00200 00200 00200 1.00 1.00 1.00 1.00 1.00 1.00 1.00 1.00
100 00200 00200 00200 00200 1.00 1.00 1.00 1.00 1.00 1.00 1.00 1.00
101 00200 00200 00200 00200 1.00 1.00 1.00 1.00 1.00 1.00 1.00 1.00
102 00200 00200 00200 00200 1.00 1.00 1.00 1.00 1.00 1.00 1.00 1.00
103 00200 00200 00200 00200 1.00 1.00 1.00 1.00 1.00 1.00 1.00 1.00
104 00200 00200 00200 00200 1.00 1.00 1.00 1.00 1.00 1.00 1.00 1.00
105 00200 00200 00200 00200 1.00 1.00 1.00 1.00 1.00 1.00 1.00 1.00
106 00200 00200 00200 00200 1.00 1.00 1.00 1.00 1.00 1.00 1.00 1.00
107 00200 00200 00200 00200 1.00 1.00 1.00 1.00 1.00 1.00 1.00 1.00
108 00200 00200 00200 00200 1.00 1.00 1.00 1.00 1.00 1.00 1.00 1.00
109 00200 00200 00200 00200 1.00 1.00 1.00 1.00 1.00 1.00 1.00 1.00
110 00200 00200 00200 00200 1.00 1.00 1.00 1.00 1.00 1.00 1.00 1.00
111 00200 00200 00200 00200 1.00 1.00 1.00 1.00 1.00 1.00 1.00 1.00
112 00200 00200 00200 00200 1.00 1.00 1.00 1.00 1.00 1.00 1.00 1.00
113 00200 00200 00200 00200 1.00 1.00 1.00 1.00 1.00 1.00 1.00 1.00
114 00200 00200 00200 00200 1.00 1.00 1.00 1.00 1.00 1.00 1.00 1.00
115 00200 00200 00200 00200 1.00 1.00 1.00 1.00 1.00 1.00 1.00 1.00
116 00200 00200 00200 00200 1.00 1.00 1.00 1.00 1.00 1.00 1.00 1.00
117 00200 00200 00200 00200 1.00 1.00 1.00 1.00 1.00 1.00 1.00 1.00
118 00200 00200 00200 00200 1.00 1.00 1.00 1.00 1.00 1.00 1.00 1.00
119 00200 00200 00200 00200 1.00 1.00 1.00 1.00 1.00 1.00 1.00 1.00
120 00200 00200 00200 00200 1.00 1.00 1.00 1.00 1.00 1.00 1.00 1.00
121 00200 00200 00200 00200 1.00 1.00 1.00 1.00 1.00 1.00 1.00 1.00
122 00200 00200 00200 00200 1.00 1.00 1.00 1.00 1.00 1.00 1.00 1.00
123 00200 00200 00200 00200 1.00 1.00 1.00 1.00 1.00 1.00 1.00 1.00
124 00200 00200 00200 00200 1.00 1.00 1.00 1.00 1.00 1.00 1.00 1.00
125 00200 00200 00200 00200 1.00 1.00 1.00 1.00 1.00 1.00 1.00 1.00
126 00200 00200 00200 00200 1.00 1.00 1.00 1.00 1.00 1.00 1.00 1.00
127 00200 00200 00200 00200 1.00 1.00 1.00 1.00 1.00 1.00 1.00 1.00
128 00200 00200 00200 00200 1.00 1.00 1.00 1.00 1.00 1.00 1.00 1.00
129 00200 00200 00200 00200 1.00 1.00 1.00 1.00 1.00 1.00 1.00 1.00
130 00200 00200 00200 00200 1.00 1.00 1.00 1.00 1.00 1.00 1.00 1.00
131 00200 00200 00200 00200 1.00 1.00 1.00 1.00 1.00 1.00 1.00 1.00
132 00200 00200 00200 00200 1.00 1.00 1.00 1.00 1.00 1.00 1.00 1.00
133 00200 00200 00200 00200 1.00 1.00 1.00 1.00 1.00 1.00 1.00 1.00
134 00200 00200 00200 00200 1.00 1.00 1.00 1.00 1.00 1.00 1.00 1.00
135 00200 00200 00200 00200 1.00 1.00 1.00 1.00 1.00 1.00 1.00 1.00
136 00200 00200 02200 00200 .68 .68 .68 .68 .75 .75 .75 .75
137 00200 00200 02200 00200 .68 .68 .68 .68 .75 .75 .75 .75
138 00200 00200 02200 00200 .68 .68 .68 .68 .75 .75 .75 .75
139 00200 00200 02200 00200 .68 .68 .68 .68 .75 .75 .75 .75
140 02200 00200 02200 02200 .72 .72 .72 .72 .79 .79 .79 .79
141 02200 00200 02200 02200 .72 .72 .72 .72 .79 .79 .79 .79
142 02200 00200 02200 02200 .72 .72 .72 .72 .79 .79 .79 .79
143 02200 00200 02200 02200 .72 .72 .72 .72 .79 .79 .79 .79
144 02200 00200 02200 02200 .72 .72 .72 .72 .79 .79 .79 .79
145 02200 00200 02200 02200 .72 .72 .72 .72 .79 .79 .79 .79
146 02200 00200 02200 02200 .72 .72 .72 .72 .79 .79 .79 .79
147 02200 00200 02200 02200 .72 .72 .72 .72 .79 .79 .79 .79
148 02200 00200 02200 02200 .72 .72 .72 .72 .79 .79 .79 .79
149 02200 00200 02200 02200 .72 .72 .72 .72 .79 .79 .79 .79
150 02200 00200 02200 02200 .72 .72 .72 .72 .79 .79 .79 .79
151 02200 00200 02200 02200 .72 .72 .72 .72 .79 .79 .79 .79
152 02200 00200 02200 02200 .72 .72 .72 .72 .79 .79 .79 .79
153 02200 00200 02200 02200 .72 .72 .72 .72 .79 .79 .79 .79
154 02200 00200 02200 02200 .72 .72 .72 .72 .79 .79 .79 .79
155 02200 00200 02200 02200 .72 .72 .72 .72 .79 .79 .79 .79
156 02200 00200 02200 02200 .72 .72 .72 .72 .79 .79 .79 .79
157 02200 00200 02200 02200 .72 .72 .72 .72 .79 .79 .79 .79
158 02200 00200 02200 02200 .72 .72 .72 .72 .79 .79 .79 .79
159 02200 00200 02200 02200 .72 .72 .72 .72 .79 .79 .79 .79
160 02200 00200 02200 02200 .72 .72 .72 .72 .79 .79 .79 .79
161 02200 00200 02200 02200 .72 .72 .72 .72 .79 .79 .79 .79
162 02200 00200 02200 02200 .72 .72 .72 .72 .79 .79 .79 .79
163 02200 00200 02200 02200 .72 .72 .72 .72 .79 .79 .79 .79
164 02200 00200 02200 02200 .72 .72 .72 .72 .79 .79 .79 .79
165 02200 00200 02000 02200 .36 .36 .36 .36 .55 .55 .55 .55
166 02200 00200 02000 02200 .36 .36 .36 .36 .55 .55 .55 .55
167 02200 00200 02000 02200 .36 .36 .36 .36 .55 .55 .55 .55
168 02200 00200 02000 02200 .36 .36 .36 .36 .55 .55 .55 .55
169 02200 00200 02000 02200 .36 .36 .36 .36 .55 .55 .55 .55
170 20200 20200 02000 20200 .16 .16 .16 .16 .37 .37 .37 .37
171 20200 20200 02000 20200 .16 .16 .16 .16 .37 .37 .37 .37
172 20200 20200 02000 20200 .16 .16 .16 .16 .37 .37 .37 .37
173 20200 20200 02000 20200 .16 .16 .16 .16 .37 .37 .37 .37
174 20200 20200 02000 20200 .16 .16 .16 .16 .37 .37 .37 .37
175 20200 20200 02000 20200 .16 .16 .16 .16 .37 .37 .37 .37
176 20200 20200 02000 20200 .16 .16 .16 .16 .37 .37 .37 .37
177 20200 20200 02000 20200 .16 .16 .16 .16 .37 .37 .37 .37
178 20200 20200 02000 20200 .16 .16 .16 .16 .37 .37 .37 .37
179 20200 20200 02000 20200 .16 .16 .16 .16 .37 .37 .37 .37
180 20200 20200 02000 20200 .16 .16 .16 .16 .37 .37 .37 .37
181 20200 20200 02000 20200 .16 .16 .16 .16 .37 .37 .37 .37
182 20200 20200 02000 20200 .16 .16 .16 .16 .37 .37 .37 .37
183 20200 20200 02000 20200 .16 .16 .16 .16 .37 .37 .37 .37
184 20200 20200 02000 20200 .16 .16 .16 .16 .37 .37 .37 .37
185 20200 20200 02000 20200 .16 .16 .16 .16 .37 .37 .37 .37
186 20200 20200 02000 20200 .16 .16 .16 .16 .37 .37 .37 .37
187 20200 20200 02000 20200 .16 .16 .16 .16 .37 .37 .37 .37
188 20200 20200 02000 20200 .16 .16 .16 .16 .37 .37 .37 .37
189 20200 20200 02000 20200 .16 .16 .16 .16 .37 .37 .37 .37
190 20000 20000 02000 20000 .22 .22 .22 .22 .41 .41 .41 .41
191 20000 20000 02000 20000 .22 .22 .22 .22 .41 .41 .41 .41
192 20000 20000 02000 20000 .22 .22 .22 .22 .41 .41 .41 .41
193 20000 20000 02000 20000 .22 .22 .22 .22 .41 .41 .41 .41
194 20000 20000 02000 20000 .22 .22 .22 .22 .41 .41 .41 .41
195 20000 20000 02000 20000 .22 .22 .22 .22 .41 .41 .41 .41
196 20000 20000 02000 20000 .22 .22 .22 .22 .41 .41 .41 .41
197 20000 20000 02000 20000 .22 .22 .22 .22 .41 .41 .41 .41
198 20000 20000 02000 20000 .22 .22 .22 .22 .41 .41 .41 .41
199 20000 20000 02000 20000 .22 .22 .22 .22 .41 .41 .41 .41
200 20000 20000 02000 20000 .22 .22 .22 .22 .41 .41 .41 .41
201 20000 20000 02000 20000 .22 .22 .22 .22 .41 .41 .41 .41
202 20000 20000 02000 20000 .22 .22 .22 .22 .41 .41 .41 .41
203 20000 20000 02000 20000 .22 .22 .22 .22 .41 .41 .41 .41
204 20000 20000 02000 20000 .22 .22 .22 .22 .41 .41 .41 .41
205 20000 20000 02000 20000 .22 .22 .22 .22 .41 .41 .41 .41
206 20000 20000 02000 20000 .22 .22 .22 .22 .41 .41 .41 .41
207 20000 20000 02000 20000 .22 .22 .22 .22 .41 .41 .41 .41
208 20000 20000 02000 20000 .22 .22 .22 .22 .41 .41 .41 .41
209 20000 20000 02000 20000 .22 .22 .22 .22 .41 .41 .41 .41
210 20000 20000 00000 20000 .46 .46 .46 .46 .63 .63 .63 .63
211 20000 20000 00000 20000 .46 .46 .46 .46 .63 .63 .63 .63
212 20000 20000 00000 20000 .46 .46 .46 .46 .63 .63 .63 .63
213 20000 20000 00000 20000 .46 .46 .46 .46 .63 .63 .63 .63
214 20000 20000 00000 20000 .46 .46 .46 .46 .63 .63 .63 .63
215 20000 20000 00000 20000 .46 .46 .46 .46 .63 .63 .63 .63
216 20000 20000 00000 20000 .46 .46 .46 .46 .63 .63 .63 .63
217 20000 20000 00000 20000 .46 .46 .46 .46 .63 .63 .63 .63
218 20000 20000 00000 20000 .46 .46 .46 .46 .63 .63 .63 .63
219 20000 20000 00000 20000 .46 .46 .46 .46 .63 .63 .63 .63
220 20000 20000 00000 20000 .46 .46 .46 .46 .63 .63 .63 .63
221 20000 20000 00000 20000 .46 .46 .46 .46 .63 .63 .63 .63
222 20000 20000 00000 20000 .46 .46 .46 .46 .63 .63 .63 .63
223 20000 20000 00000 20000 .46 .46 .46 .46 .63 .63 .63 .63
224 20000 20000 00000 20000 .46 .46 .46 .46 .63 .63 .63 .63
225 20000 20000 20000 20000 1.00 1.00 1.00 1.00 1.00 1.00 1.00 1.00
226 20000 20000 20000 20000 1.00 1.00 1.00 1.00 1.00 1.00 1.00 1.00
227 20000 20000 20000 20000 1.00 1.00 1.00 1.00 1.00 1.00 1.00 1.00
228 20000 20000 20000 20000 1.00 1.00 1.00 1.00 1.00 1.00 1.00 1.00
229 20000 20000 20000 20000 1.00 1.00 1.00 1.00 1.00 1.00 1.00 1.00
230 20000 20000 20000 20000 1.00 1.00 1.00 1.00 1.00 1.00 1.00 1.00
231 20000 20000 20000 20000 1.00 1.00 1.00 1.00 1.00 1.00 1.00 1.00
232 20000 20000 20000 20000 1.00 1.00 1.00 1.00 1.00 1.00 1.00 1.00
233 20000 20000 20000 20000 1.00 1.00 1.00 1.00 1.00 1.00 1.00 1.00
234 20000 20000 20000 20000 1.00 1.00 1.00 1.00 1.00 1.00 1.00 1.00
235 20000 20000 20000 20000 1.00 1.00 1.00 1.00 1.00 1.00 1.00 1.00
236 20000 20000 20000 20000 1.00 1.00 1.00 1.00 1.00 1.00 1.00 1.00
237 20000 20000 20000 20000 1.00 1.00 1.00 1.00 1.00 1.00 1.00 1.00
238 20000 20000 20000 20000 1.00 1.00 1.00 1.00 1.00 1.00 1.00 1.00
239 20000 20000 20000 20000 1.00 1.00 1.00 1.00 1.00 1.00 1.00 1.00
240 20000 20000 20000 20000 1.00 1.00 1.00 1.00 1.00 1.00 1.00 1.00
241 20000 20000 20000 20000 1.00 1.00 1.00 1.00 1.00 1.00 1.00 1.00
242 20000 20000 20000 20000 1.00 1.00 1.00 1.00 1.00 1.00 1.00 1.00
243 20000 20000 20000 20000 1.00 1.00 1.00 1.00 1.00 1.00 1.00 1.00
244 20000 20000 20000 20000 1.00 1.00 1.00 1.00 1.00 1.00 1.00 1.00
245 20000 20000 20000 20000 1.00 1.00 1.00 1.00 1.00 1.00 1.00 1.00
246 20000 20000 20000 20000 1.00 1.00 1.00 1.00 1.00 1.00 1.00 1.00
247 20000 20000 20000 20000 1.00 1.00 1.00 1.00 1.00 1.00 1.00 1.00
248 20000 20000 20000 20000 1.00 1.00 1.00 1.00 1.00 1.00 1.00 1.00
249 20000 20000 20000 20000 1.00 1.00 1.00 1.00 1.00 1.00 1.00 1.00
250 20000 20000 20000 20000 1.00 1.00 1.00 1.00 1.00 1.00 1.00 1.00
251 20000 20000 20000 20000 1.00 1.00 1.00 1.00 1.00 1.00 1.00 1.00
252 20000 20000 20000 20000 1.00 1.00 1.00 1.00 1.00 1.00 1.00 1.00
253 20000 20000 20000 20000 1.00 1.00 1.00 1.00 1.00 1.00 1.00 1.00
254 20000 20000 20000 20000 1.00 1.00 1.00 1.00 1.00 1.00 1.00 1.00
255 20000 20000 20000 20000 1.00 1.00 1.00 1.00 1.00 1.00 1.00 1.00
256 20000 20000 20000 20000 1.00 1.00 1.00 1.00 1.00 1.00 1.00 1.00
257 20000 20000 20000 20000 1.00 1.00 1.00 1.00 1.00 1.00 1.00 1.00
258 20000 20000 20000 20000 1.00 1.00 1.00 1.00 1.00 1.00 1.00 1.00
259 20000 20000 20000 20000 1.00 1.00 1.00 1.00 1.00 1.00 1.00 1.00
260 20000 20000 20000 20000 1.00 1.00 1.00 1.00 1.00 1.00 1.00 1.00
261 20000 20000 20000 20000 1.00 1.00 1.00 1.00 1.00 1.00 1.00 1.00
262 20000 20000 20000 20000 1.00 1.00 1.00 1.00 1.00 1.00 1.00 1.00
263 20000 20000 20000 20000 1.00 1.00 1.00 1.00 1.00 1.00 1.00 1.00
264 20000 20000 20000 20000 1.00 1.00 1.00 1.00 1.00 1.00 1.00 1.00
265 20000 20000 20000 20000 1.00 1.00 1.00 1.00 1.00 1.00 1.00 1.00
266 20000 20000 20000 20000 1.00 1.00 1.00 1.00 1.00 1.00 1.00 1.00
267 20000 20000 20000 20000 1.00 1.00 1.00 1.00 1.00 1.00 1.00 1.00
268 20000 20000 20000 20000 1.00 1.00 1.00 1.00 1.00 1.00 1.00 1.00
269 20000 20000 20000 20000 1.00 1.00 1.00 1.00 1.00 1.00 1.00 1.00
270 20000 20000 20000 20000 1.00 1.00 1.00 1.00 1.00 1.00 1.00 1.00
271 20000 20000 20000 20000 1.00 1.00 1.00 1.00 1.00 1.00 1.00 1.00
272 20000 20000 20000 20000 1.00 1.00 1.00 1.00 1.00 1.00 1.00 1.00
273 20000 20000 20000 20000 1.00 1.00 1.00 1.00 1.00 1.00 1.00 1.00
274 20000 20000 20000 20000 1.00 1.00 1.00 1.00 1.00 1.00 1.00 1.00
275 20000 20000 20000 20000 1.00 1.00 1.00 1.00 1.00 1.00 1.00 1.00
276 20000 20000 20000 20000 1.00 1.00 1.00 1.00 1.00 1.00 1.00 1.00
277 20000 20000 20000 20000 1.00 1.00 1.00 1.00 1.00 1.00 1.00 1.00
278 20000 20000 20000 20000 1.00 1.00 1.00 1.00 1.00 1.00 1.00 1.00
279 20000 20000 20000 20000 1.00 1.00 1.00 1.00 1.00 1.00 1.00 1.00
280 20000 20000 20000 20000 1.00 1.00 1.00 1.00 1.00 1.00 1.00 1.00
281 20000 20000 20000 20000 1.00 1.00 1.00 1.00 1.00 1.00 1.00 1.00
282 20000 20000 20000 20000 1.00 1.00 1.00 1.00 1.00 1.00 1.00 1.00
283 20000 20000 20000 20000 1.00 1.00 1.00 1.00 1.00 1.00 1.00 1.00
284 20000 20000 20000 20000 1.00 1.00 1.00 1.00 1.00 1.00 1.00 1.00
285 20000 20000 20020 20000 .68 .68 .68 .68 .75 .75 .75 .75
286 20000 20000 20020 20000 .68 .68 .68 .68 .75 .75 .75 .75
287 20000 20000 20020 20000 .68 .68 .68 .68 .75 .75 .75 .75
288 20000 20000 20020 20000 .68 .68 .68 .68 .75 .75 .75 .75
289 20000 20000 20020 20000 .68 .68 .68 .68 .75 .75 .75 .75
290 20000 20000 20020 20000 .68 .68 .68 .68 .75 .75 .75 .75
291 20000 20000 20020 20000 .68 .68 .68 .68 .75 .75 .75 .75
292 20000 20000 20020 20000 .68 .68 .68 .68 .75 .75 .75 .75
293 20000 20000 20020 20000 .68 .68 .68 .68 .75 .75 .75 .75
294 20000 20000 20020 20000 .68 .68 .68 .68 .75 .75 .75 .75
295 20000 20000 20020 20000 .68 .68 .68 .68 .75 .75 .75 .75
296 20000 20000 20020 20000 .68 .68 .68 .68 .75 .75 .75 .75
297 20000 20000 20020 20000 .68 .68 .68 .68 .75 .75 .75 .75
298 20000 20000 20020 20000 .68 .68 .68 .68 .75 .75 .75 .75
299 20000 20000 20020 20000 .68 .68 .68 .68 .75 .75 .75 .75
300 20000 20000 20000 20000 1.00 1.00 1.00 1.00 1.00 1.00 1.00 1.00
301 20000 20000 20000 20000 1.00 1.00 1.00 1.00 1.00 1.00 1.00 1.00
302 20000 20000 20000 20000 1.00 1.00 1.00 1.00 1.00 1.00 1.00 1.00
303 20000 20000 20000 20000 1.00 1.00 1.00 1.00 1.00 1.00 1.00 1.00
304 20000 20000 20000 20000 1.00 1.00 1.00 1.00 1.00 1.00 1.00 1.00
305 20000 20000 20000 20000 1.00 1.00 1.00 1.00 1.00 1.00 1.00 1.00
306 20000 20000 20000 20000 1.00 1.00 1.00 1.00 1.00 1.00 1.00 1.00
307 20000 20000 20000 20000 1.00 1.00 1.00 1.00 1.00 1.00 1.00 1.00
308 20000 20000 20000 20000 1.00 1.00 1.00 1.00 1.00 1.00 1.00 1.00
309 20000 20000 20000 20000 1.00 1.00 1.00 1.00 1.00 1.00 1.00 1.00
310 20000 20000 20000 20000 1.00 1.00 1.00 1.00 1.00 1.00 1.00 1.00
311 20000 20000 20000 20000 1.00 1.00 1.00 1.00 1.00 1.00 1.00 1.00
312 20000 20000 20000 20000 1.00 1.00 1.00 1.00 1.00 1.00 1.00 1.00
313 20000 20000 20000 20000 1.00 1.00 1.00 1.00 1.00 1.00 1.00 1.00
314 20000 20000 20000 20000 1.00 1.00 1.00 1.00 1.00 1.00 1.00 1.00
315 20000 20000 20000 20000 1.00 1.00 1.00 1.00 1.00 1.00 1.00 1.00
316 20000 20000 20000 20000 1.00 1.00 1.00 1.00 1.00 1.00 1.00 1.00
317 20000 20000 20000 20000 1.00 1.00 1.00 1.00 1.00 1.00 1.00 1.00
318 20000 20000 20000 20000 1.00 1.00 1.00 1.00 1.00 1.00 1.00 1.00
319 20000 20000 20000 20000 1.00 1.00 1.00 1.00 1.00 1.00 1.00 1.00
320 20000 20000 20000 20000 1.00 1.00 1.00 1.00 1.00 1.00 1.00 1.00
321 20000 20000 20000 20000 1.00 1.00 1.00 1.00 1.00 1.00 1.00 1.00
322 20000 20000 20000 20000 1.00 1.00 1.00 1.00 1.00 1.00 1.00 1.00
323 20000 20000 20000 20000 1.00 1.00 1.00 1.00 1.00 1.00 1.00 1.00
324 20000 20000 20000 20000 1.00 1.00 1.00 1.00 1.00 1.00 1.00 1.00
325 20000 20000 20000 20000 1.00 1.00 1.00 1.00 1.00 1.00 1.00 1.00
326 20000 20000 20000 20000 1.00 1.00 1.00 1.00 1.00 1.00 1.00 1.00
327 20000 20000 20000 20000 1.00 1.00 1.00 1.00 1.00 1.00 1.00 1.00
328 20000 20000 20000 20000 1.00 1.00 1.00 1.00 1.00 1.00 1.00 1.00
329 20000 20000 20000 20000 1.00 1.00 1.00 1.00 1.00 1.00 1.00 1.00
330 20020 20000 20020 20020 .72 .72 .72 .72 .79 .79 .79 .79
331 20020 20000 20020 20020 .72 .72 .72 .72 .79 .79 .79 .79
332 20020 20000 20020 20020 .72 .72 .72 .72 .79 .79 .79 .79
333 20020 20000 20020 20020 .72 .72 .72 .72 .79 .79 .79 .79
334 20020 20000 20020 20020 .72 .72 .72 .72 .79 .79 .79 .79
335 20020 20000 20020 20020 .72 .72 .72 .72 .79 .79 .79 .79
336 20020 20000 20020 20020 .72 .72 .72 .72 .79 .79 .79 .79
337 20020 20000 20020 20020 .72 .72 .72 .72 .79 .79 .79 .79
338 20020 20000 20020 20020 .72 .72 .72 .72 .79 .79 .79 .79
339 20020 20000 20020 20020 .72 .72 .72 .72 .79 .79 .79 .79
340 20020 20200 20020 20020 .48 .48 .48 .48 .60 .60 .60 .60
341 20020 20200 20020 20020 .48 .48 .48 .48 .60 .60 .60 .60
342 20020 20200 20020 20020 .48 .48 .48 .48 .60 .60 .60 .60
343 20020 20200 20020 20020 .48 .48 .48 .48 .60 .60 .60 .60
344 20020 20200 20020 20020 .48 .48 .48 .48 .60 .60 .60 .60
345 20020 20200 20020 20020 .48 .48 .48 .48 .60 .60 .60 .60
346 20020 20200 20020 20020 .48 .48 .48 .48 .60 .60 .60 .60
347 20020 20200 20020 20020 .48 .48 .48 .48 .60 .60 .60 .60
348 20020 20200 20020 20020 .48 .48 .48 .48 .60 .60 .60 .60
349 20020 20200 20020 20020 .48 .48 .48 .48 .60 .60 .60 .60
350 20200 20200 20020 20200 .48 .48 .48 .48 .60 .60 .60 .60
351 20200 20200 20020 20200 .48 .48 .48 .48 .60 .60 .60 .60
352 20200 20200 20020 20200 .48 .48 .48 .48 .60 .60 .60 .60
353 20200 20200 20020 20200 .48 .48 .48 .48 .60 .60 .60 .60
354 20200 20200 20020 20200 .48 .48 .48 .48 .60 .60 .60 .60
355 20200 20200 20020 20200 .48 .48 .48 .48 .60 .60 .60 .60
356 20200 20200 02200 20200 .48 .48 .48 .48 .60 .60 .60 .60
357 20200 20200 02200 20200 .48 .48 .48 .48 .60 .60 .60 .60
358 20200 20200 02200 20200 .48 .48 .48 .48 .60 .60 .60 .60
359 20200 20200 00200 20200 .72 .72 .72 .72 .79 .79 .79 .79
360 02200 00200 00200 00200 .68 .68 .68 .68 .75 .75 .75 .75
361 02200 00200 00200 00200 .68 .68 .68 .68 .75 .75 .75 .75
362 02200 00200 00200 00200 .68 .68 .68 .68 .75 .75 .75 .75
363 02200 00200 00200 00200 .68 .68 .68 .68 .75 .75 .75 .75
364 02200 00200 00200 00200 .68 .68 .68 .68 .75 .75 .75 .75
365 02200 00200 00200 00200 .68 .68 .68 .68 .75 .75 .75 .75
366 02200 00200 00200 00200 .68 .68 .68 .68 .75 .75 .75 .75
367 02200 00200 00200 00200 .68 .68 .68 .68 .75 .75 .75 .75
368 02200 00200 00200 00200 .68 .68 .68 .68 .75 .75 .75 .75
369 02200 00200 00200 00200 .68 .68 .68 .68 .75 .75 .75 .75
370 00200 00200 00200 00200 1.00 1.00 1.00 1.00 1.00 1.00 1.00 1.00
371 00200 00200 00200 00200 1.00 1.00 1.00 1.00 1.00 1.00 1.00 1.00
372 00200 00200 00200 00200 1.00 1.00 1.00 1.00 1.00 1.00 1.00 1.00
373 00200 00200 00200 00200 1.00 1.00 1.00 1.00 1.00 1.00 1.00 1.00
374 00200 00200 02200 00200 .68 .68 .68 .68 .75 .75 .75 .75
375 00200 00200 02200 00200 .68 .68 .68 .68 .75 .75 .75 .75
376 00200 00200 02200 00200 .68 .68 .68 .68 .75 .75 .75 .75
377 00200 00200 02200 00200 .68 .68 .68 .68 .75 .75 .75 .75
378 00200 00200 02200 00200 .68 .68 .68 .68 .75 .75 .75 .75
379 00200 00200 02200 00200 .68 .68 .68 .68 .75 .75 .75 .75
380 00200 00200 02200 00200 .68 .68 .68 .68 .75 .75 .75 .75
381 00200 00200 02200 00200 .68 .68 .68 .68 .75 .75 .75 .75
382 00200 00200 02200 00200 .68 .68 .68 .68 .75 .75 .75 .75
383 00200 00200 02200 00200 .68 .68 .68 .68 .75 .75 .75 .75
384 00200 00200 02200 00200 .68 .68 .68 .68 .75 .75 .75 .75
385 00200 00200 02200 00200 .68 .68 .68 .68 .75 .75 .75 .75
386 00200 00200 02200 00200 .68 .68 .68 .68 .75 .75 .75 .75
387 00200 00200 02200 00200 .68 .68 .68 .68 .75 .75 .75 .75
388 00200 00200 02200 00200 .68 .68 .68 .68 .75 .75 .75 .75
389 00200 00200 00200 00200 1.00 1.00 1.00 1.00 1.00 1.00 1.00 1.00
390 00200 00200 00200 00200 1.00 1.00 1.00 1.00 1.00 1.00 1.00 1.00
391 00200 00200 00200 00200 1.00 1.00 1.00 1.00 1.00 1.00 1.00 1.00
392 00200 00200 00200 00200 1.00 1.00 1.00 1.00 1.00 1.00 1.00 1.00
393 00200 00200 00200 00200 1.00 1.00 1.00 1.00 1.00 1.00 1.00 1.00
394 00200 00200 00200 00200 1.00 1.00 1.00 1.00 1.00 1.00 1.00 1.00
395 00200 00200 00200 00200 1.00 1.00 1.00 1.00 1.00 1.00 1.00 1.00
396 00200 00200 00200 00200 1.00 1.00 1.00 1.00 1.00 1.00 1.00 1.00
397 00200 00200 00200 00200 1.00 1.00 1.00 1.00 1.00 1.00 1.00 1.00
398 00200 00200 00200 00200 1.00 1.00 1.00 1.00 1.00 1.00 1.00 1.00
399 00200 00200 00200 00200 1.00 1.00 1.00 1.00 1.00 1.00 1.00 1.00
400 00200 00200 00200 00200 1.00 1.00 1.00 1.00 1.00 1.00 1.00 1.00
401 00200 00200 00200 00200 1.00 1.00 1.00 1.00 1.00 1.00 1.00 1.00
402 00200 00200 00200 00200 1.00 1.00 1.00 1.00 1.00 1.00 1.00 1.00
403 00200 00200 00200 00200 1.00 1.00 1.00 1.00 1.00 1.00 1.00 1.00
404 00200 00200 00200 00200 1.00 1.00 1.00 1.00 1.00 1.00 1.00 1.00
405 00200 00200 00200 00200 1.00 1.00 1.00 1.00 1.00 1.00 1.00 1.00
406 00200 00200 00200 00200 1.00 1.00 1.00 1.00 1.00 1.00 1.00 1.00
407 00200 00200 00200 00200 1.00 1.00 1.00 1.00 1.00 1.00 1.00 1.00
408 00200 00200 00200 00200 1.00 1.00 1.00 1.00 1.00 1.00 1.00 1.00
409 00200 00200 00200 00200 1.00 1.00 1.00 1.00 1.00 1.00 1.00 1.00
410 00200 00200 00200 00200 1.00 1.00 1.00 1.00 1.00 1.00 1.00 1.00
411 00200 00200 00200 00200 1.00 1.00 1.00 1.00 1.00 1.00 1.00 1.00
412 00200 00200 00200 00200 1.00 1.00 1.00 1.00 1.00 1.00 1.00 1.00
413 00200 00200 00200 00200 1.00 1.00 1.00 1.00 1.00 1.00 1.00 1.00
414 00200 00200 00200 00200 1.00 1.00 1.00 1.00 1.00 1.00 1.00 1.00
415 00200 00200 00200 00200 1.00 1.00 1.00 1.00 1.00 1.00 1.00 1.00
416 00200 00200 00200 00200 1.00 1.00 1.00 1.00 1.00 1.00 1.00 1.00
417 00200 00200 00200 00200 1.00 1.00 1.00 1.00 1.00 1.00 1.00 1.00
418 00200 00200 00200 00200 1.00 1.00 1.00 1.00 1.00 1.00 1.00 1.00
419 00200 00200 00200 00200 1.00 1.00 1.00 1.00 1.00 1.00 1.00 1.00
420 00200 00200 00200 00200 1.00 1.00 1.00 1.00 1.00 1.00 1.00 1.00
421 00200 00200 00200 00200 1.00 1.00 1.00 1.00 1.00 1.00 1.00 1.00
422 00200 00200 00200 00200 1.00 1.00 1.00 1.00 1.00 1.00 1.00 1.00
423 00200 00200 00200 00200 1.00 1.00 1.00 1.00 1.00 1.00 1.00 1.00
424 00200 00200 00200 00200 1.00 1.00 1.00 1.00 1.00 1.00 1.00 1.00
425 00200 00200 00200 00200 1.00 1.00 1.00 1.00 1.00 1.00 1.00 1.00
426 00200 00200 00200 00200 1.00 1.00 1.00 1.00 1.00 1.00 1.00 1.00
427 00200 00200 00200 00200 1.00 1.00 1.00 1.00 1.00 1.00 1.00 1.00
428 00200 00200 00200 00200 1.00 1.00 1.00 1.00 1.00 1.00 1.00 1.00
429 00200 00200 00200 00200 1.00 1.00 1.00 1.00 1.00 1.00 1.00 1.00
430 00200 00200 00200 00200 1.00 1.00 1.00 1.00 1.00 1.00 1.00 1.00
431 00200 00200 00200 00200 1.00 1.00 1.00 1.00 1.00 1.00 1.00 1.00
432 00200 00200 00200 00200 1.00 1.00 1.00 1.00 1.00 1.00 1.00 1.00
