0 04022 04002 00000 04002 .25 .21 .28 .17 .45 .42 .48 .38
1 04022 04002 00000 04002 .25 .21 .28 .17 .45 .42 .48 .38
2 04022 04002 00000 04002 .25 .21 .28 .17 .45 .42 .48 .38
3 04022 04002 00000 04002 .25 .21 .28 .17 .45 .42 .48 .38
4 04022 04002 00000 04002 .25 .21 .28 .17 .45 .42 .48 .38
5 04022 04002 00000 04002 .25 .21 .28 .17 .45 .42 .48 .38
6 04022 04002 00000 04002 .25 .21 .28 .17 .45 .42 .48 .38
7 04022 04002 00000 04002 .25 .21 .28 .17 .45 .42 .48 .38
8 04022 04002 00000 04002 .25 .21 .28 .17 .45 .42 .48 .38
9 04022 04002 00000 04002 .25 .21 .28 .17 .45 .42 .48 .38
10 04002 04002 00000 04002 .42 .37 .39 .37 .59 .55 .57 .55
11 04002 04002 00000 04002 .42 .37 .39 .37 .59 .55 .57 .55
12 04002 04002 00000 04002 .42 .37 .39 .37 .59 .55 .57 .55
13 04002 04002 00000 04002 .42 .37 .39 .37 .59 .55 .57 .55
14 04002 04002 00000 04002 .42 .37 .39 .37 .59 .55 .57 .55
15 04002 04002 00000 04002 .42 .37 .39 .37 .59 .55 .57 .55
16 04002 04002 00000 04002 .42 .37 .39 .37 .59 .55 .57 .55
17 04002 04002 00000 04002 .42 .37 .39 .37 .59 .55 .57 .55
18 04002 04002 00000 04002 .42 .37 .39 .37 .59 .55 .57 .55
19 04002 04002 00000 04002 .42 .37 .39 .37 .59 .55 .57 .55
20 00002 00002 00000 00002 .46 .46 .46 .46 .63 .63 .63 .63
21 00002 00002 00000 00002 .46 .46 .46 .46 .63 .63 .63 .63
22 00002 00002 00000 00002 .46 .46 .46 .46 .63 .63 .63 .63
23 00002 00002 00000 00002 .46 .46 .46 .46 .63 .63 .63 .63
24 00002 00002 00000 00002 .46 .46 .46 .46 .63 .63 .63 .63
25 00002 00002 00020 00002 .22 .22 .22 .22 .41 .41 .41 .41
26 00002 00002 00020 00002 .22 .22 .22 .22 .41 .41 .41 .41
27 00002 00002 00020 00002 .22 .22 .22 .22 .41 .41 .41 .41
28 00002 00002 00020 00002 .22 .22 .22 .22 .41 .41 .41 .41
29 00002 00002 00020 00002 .22 .22 .22 .22 .41 .41 .41 .41
30 00002 00002 00020 00002 .22 .22 .22 .22 .41 .41 .41 .41
31 00002 00002 00020 00002 .22 .22 .22 .22 .41 .41 .41 .41
32 00002 00002 00020 00002 .22 .22 .22 .22 .41 .41 .41 .41
33 00002 00002 00020 00002 .22 .22 .22 .22 .41 .41 .41 .41
34 00002 00002 00020 00002 .22 .22 .22 .22 .41 .41 .41 .41
35 00002 00002 00020 00002 .22 .22 .22 .22 .41 .41 .41 .41
36 00002 00002 00020 00002 .22 .22 .22 .22 .41 .41 .41 .41
37 00002 00002 00020 00002 .22 .22 .22 .22 .41 .41 .41 .41
38 00002 00002 00020 00002 .22 .22 .22 .22 .41 .41 .41 .41
39 00002 00002 00020 00002 .22 .22 .22 .22 .41 .41 .41 .41
40 00022 00022 00020 00022 .72 .72 .72 .72 .79 .79 .79 .79
41 00022 00022 00020 00022 .72 .72 .72 .72 .79 .79 .79 .79
42 00022 00022 00020 00022 .72 .72 .72 .72 .79 .79 .79 .79
43 00022 00022 00020 00022 .72 .72 .72 .72 .79 .79 .79 .79
44 00022 00022 00020 00022 .72 .72 .72 .72 .79 .79 .79 .79
45 00022 00022 00020 00022 .72 .72 .72 .72 .79 .79 .79 .79
46 00022 00022 00020 00022 .72 .72 .72 .72 .79 .79 .79 .79
47 00022 00022 00200 00022 .16 .16 .16 .16 .37 .37 .37 .37
48 00022 00022 00200 00022 .16 .16 .16 .16 .37 .37 .37 .37
49 00022 00022 00200 00022 .16 .16 .16 .16 .37 .37 .37 .37
50 00202 00202 00200 00202 .72 .72 .72 .72 .79 .79 .79 .79
51 00202 00202 00200 00202 .72 .72 .72 .72 .79 .79 .79 .79
52 00202 00202 00200 00202 .72 .72 .72 .72 .79 .79 .79 .79
53 00202 00202 00200 00202 .72 .72 .72 .72 .79 .79 .79 .79
54 00202 00202 00200 00202 .72 .72 .72 .72 .79 .79 .79 .79
55 00202 00202 00200 00202 .72 .72 .72 .72 .79 .79 .79 .79
56 00202 00202 00200 00202 .72 .72 .72 .72 .79 .79 .79 .79
57 00202 00202 00200 00202 .72 .72 .72 .72 .79 .79 .79 .79
58 00202 00202 00200 00202 .72 .72 .72 .72 .79 .79 .79 .79
59 00202 00202 00200 00202 .72 .72 .72 .72 .79 .79 .79 .79
60 00202 00202 00200 00202 .72 .72 .72 .72 .79 .79 .79 .79
61 00202 00202 00200 00202 .72 .72 .72 .72 .79 .79 .79 .79
62 00202 00202 00200 00202 .72 .72 .72 .72 .79 .79 .79 .79
63 00202 00202 00200 00202 .72 .72 .72 .72 .79 .79 .79 .79
64 00202 00202 00200 00202 .72 .72 .72 .72 .79 .79 .79 .79
65 00202 00202 00200 00202 .72 .72 .72 .72 .79 .79 .79 .79
66 00202 00202 00200 00202 .72 .72 .72 .72 .79 .79 .79 .79
67 00202 00202 00200 00202 .72 .72 .72 .72 .79 .79 .79 .79
68 00202 00202 00200 00202 .72 .72 .72 .72 .79 .79 .79 .79
69 00202 00202 00200 00202 .72 .72 .72 .72 .79 .79 .79 .79
70 00200 00200 00200 00200 1.00 1.00 1.00 1.00 1.00 1.00 1.00 1.00
71 00200 00200 00200 00200 1.00 1.00 1.00 1.00 1.00 1.00 1.00 1.00
72 00200 00200 00200 00200 1.00 1.00 1.00 1.00 1.00 1.00 1.00 1.00
73 00200 00200 00200 00200 1.00 1.00 1.00 1.00 1.00 1.00 1.00 1.00
74 00200 00200 00200 00200 1.00 1.00 1.00 1.00 1.00 1.00 1.00 1.00
75 00200 00200 00200 00200 1.00 1.00 1.00 1.00 1.00 1.00 1.00 1.00
76 00200 00200 00200 00200 1.00 1.00 1.00 1.00 1.00 1.00 1.00 1.00
77 00200 00200 00200 00200 1.00 1.00 1.00 1.00 1.00 1.00 1.00 1.00
78 00200 00200 00200 00200 1.00 1.00 1.00 1.00 1.00 1.00 1.00 1.00
79 00200 00200 00200 00200 1.00 1.00 1.00 1.00 1.00 1.00 1.00 1.00
80 00200 00200 00200 00200 1.00 1.00 1.00 1.00 1.00 1.00 1.00 1.00
81 00200 00200 00200 00200 1.00 1.00 1.00 1.00 1.00 1.00 1.00 1.00
82 00200 00200 00200 00200 1.00 1.00 1.00 1.00 1.00 1.00 1.00 1.00
83 00200 00200 00200 00200 1.00 1.00 1.00 1.00 1.00 1.00 1.00 1.00
84 00200 00200 00200 00200 1.00 1.00 1.00 1.00 1.00 1.00 1.00 1.00
85 00200 00200 00200 00200 1.00 1.00 1.00 1.00 1.00 1.00 1.00 1.00
86 00200 00200 00200 00200 1.00 1.00 1.00 1.00 1.00 1.00 1.00 1.00
87 00200 00200 00200 00200 1.00 1.00 1.00 1.00 1.00 1.00 1.00 1.00
88 00200 00200 00200 00200 1.00 1.00 1.00 1.00 1.00 1.00 1.00 1.00
89 00200 00200 00200 00200 1.00 1.00 1.00 1.00 1.00 1.00 1.00 1.00
90 00200 00200 00200 00200 1.00 1.00 1.00 1.00 1.00 1.00 1.00 1.00
91 00200 00200 00200 00200 1.00 1.00 1.00 1.00 1.00 1.00 1.00 1.00
92 00200 00200 00200 00200 1.00 1.00 1.00 1.00 1.00 1.00 1.00 1.00
93 00200 00200 00200 00200 1.00 1.00 1.00 1.00 1.00 1.00 1.00 1.00
94 00200 00200 00200 00200 1.00 1.00 1.00 1.00 1.00 1.00 1.00 1.00
95 00200 00200 00200 00200 1.00 1.00 1.00 1.00 1.00 1.00 1.00 1.00
96 00200 00200 00200 00200 1.00 1.00 1.00 1.00 1.00 1.00 1.00 1.00
97 00200 00200 00200 00200 1.00 1.00 1.00 1.00 1.00 1.00 1.00 1.00
98 00200 00200 00200 00200 1.00 1.00 1.00 1.00 1.00 1.00 1.00 1.00
99 00200 00200 00200 00200 1.00 1.00 1.00 1.00 1.00 1.00 1.00 1.00
100 00200 00200 00200 00200 1.00 1.00 1.00 1.00 1.00 1.00 1.00 1.00
101 00200 00200 00200 00200 1.00 1.00 1.00 1.00 1.00 1.00 1.00 1.00
102 00200 00200 00200 00200 1.00 1.00 1.00 1.00 1.00 1.00 1.00 1.00
103 00200 00200 00200 00200 1.00 1.00 1.00 1.00 1.00 1.00 1.00 1.00
104 00200 00200 00200 00200 1.00 1.00 1.00 1.00 1.00 1.00 1.00 1.00
105 00200 00200 00200 00200 1.00 1.00 1.00 1.00 1.00 1.00 1.00 1.00
106 00200 00200 00200 00200 1.00 1.00 1.00 1.00 1.00 1.00 1.00 1.00
107 00200 00200 00200 00200 1.00 1.00 1.00 1.00 1.00 1.00 1.00 1.00
108 00200 00200 00200 00200 1.00 1.00 1.00 1.00 1.00 1.00 1.00 1.00
109 00200 00200 00200 00200 1.00 1.00 1.00 1.00 1.00 1.00 1.00 1.00
110 00200 00200 00200 00200 1.00 1.00 1.00 1.00 1.00 1.00 1.00 1.00
111 00200 00200 00200 00200 1.00 1.00 1.00 1.00 1.00 1.00 1.00 1.00
112 00200 00200 00200 00200 1.00 1.00 1.00 1.00 1.00 1.00 1.00 1.00
113 00200 00200 00200 00200 1.00 1.00 1.00 1.00 1.00 1.00 1.00 1.00
114 00200 00200 00200 00200 1.00 1.00 1.00 1.00 1.00 1.00 1.00 1.00
115 00200 00200 00200 00200 1.00 1.00 1.00 1.00 1.00 1.00 1.00 1.00
116 00200 00200 00200 00200 1.00 1.00 1.00 1.00 1.00 1.00 1.00 1.00
117 00200 00200 00200 00200 1.00 1.00 1.00 1.00 1.00 1.00 1.00 1.00
118 00200 00200 00200 00200 1.00 1.00 1.00 1.00 1.00 1.00 1.00 1.00
119 00200 00200 00200 00200 1.00 1.00 1.00 1.00 1.00 1.00 1.00 1.00
120 00200 00200 00200 00200 1.00 1.00 1.00 1.00 1.00 1.00 1.00 1.00
121 00200 00200 00200 00200 1.00 1.00 1.00 1.00 1.00 1.00 1.00 1.00
122 00200 00200 00200 00200 1.00 1.00 1.00 1.00 1.00 1.00 1.00 1.00
123 00200 00200 00200 00200 1.00 1.00 1.00 1.00 1.00 1.00 1.00 1.00
124 00200 00200 00200 00200 1.00 1.00 1.00 1.00 1.00 1.00 1.00 1.00
125 00200 00200 00200 00200 1.00 1.00 1.00 1.00 1.00 1.00 1.00 1.00
126 00200 00200 00200 00200 1.00 1.00 1.00 1.00 1.00 1.00 1.00 1.00
127 00200 00200 00200 00200 1.00 1.00 1.00 1.00 1.00 1.00 1.00 1.00
128 00200 00200 00200 00200 1.00 1.00 1.00 1.00 1.00 1.00 1.00 1.00
129 00200 00200 00200 00200 1.00 1.00 1.00 1.00 1.00 1.00 1.00 1.00
130 00200 00200 00200 00200 1.00 1.00 1.00 1.00 1.00 1.00 1.00 1.00
131 00200 00200 00200 00200 1.00 1.00 1.00 1.00 1.00 1.00 1.00 1.00
132 00200 00200 00200 00200 1.00 1.00 1.00 1.00 1.00 1.00 1.00 1.00
133 00200 00200 00200 00200 1.00 1.00 1.00 1.00 1.00 1.00 1.00 1.00
134 00200 00200 00200 00200 1.00 1.00 1.00 1.00 1.00 1.00 1.00 1.00
135 00200 00200 00200 00200 1.00 1.00 1.00 1.00 1.00 1.00 1.00 1.00
136 00200 00200 00200 00200 1.00 1.00 1.00 1.00 1.00 1.00 1.00 1.00
137 00200 00200 00200 00200 1.00 1.00 1.00 1.00 1.00 1.00 1.00 1.00
138 00200 00200 00200 00200 1.00 1.00 1.00 1.00 1.00 1.00 1.00 1.00
139 00200 00200 00200 00200 1.00 1.00 1.00 1.00 1.00 1.00 1.00 1.00
140 00200 00200 02200 00200 .68 .68 .68 .68 .75 .75 .75 .75
141 00200 00200 02200 00200 .68 .68 .68 .68 .75 .75 .75 .75
142 00200 00200 02200 00200 .68 .68 .68 .68 .75 .75 .75 .75
143 00200 00200 02200 00200 .68 .68 .68 .68 .75 .75 .75 .75
144 00200 00200 02200 00200 .68 .68 .68 .68 .75 .75 .75 .75
145 00200 00200 02200 00200 .68 .68 .68 .68 .75 .75 .75 .75
146 00200 00200 02200 00200 .68 .68 .68 .68 .75 .75 .75 .75
147 00200 00200 02200 00200 .68 .68 .68 .68 .75 .75 .75 .75
148 00200 00200 00000 00200 .46 .46 .46 .46 .63 .63 .63 .63
149 00200 00200 00000 00200 .46 .46 .46 .46 .63 .63 .63 .63
150 00200 00200 00000 00200 .46 .46 .46 .46 .63 .63 .63 .63
151 00200 00200 02200 00200 .68 .68 .68 .68 .75 .75 .75 .75
152 00200 00200 02200 00200 .68 .68 .68 .68 .75 .75 .75 .75
153 00200 00200 02200 00200 .68 .68 .68 .68 .75 .75 .75 .75
154 00200 00200 02200 00200 .68 .68 .68 .68 .75 .75 .75 .75
155 00200 00200 02200 00200 .68 .68 .68 .68 .75 .75 .75 .75
156 00200 00200 02200 00200 .68 .68 .68 .68 .75 .75 .75 .75
157 00200 00200 02200 00200 .68 .68 .68 .68 .75 .75 .75 .75
158 00200 00200 02200 00200 .68 .68 .68 .68 .75 .75 .75 .75
159 00200 00200 02200 00200 .68 .68 .68 .68 .75 .75 .75 .75
160 00200 00200 02200 00200 .68 .68 .68 .68 .75 .75 .75 .75
161 00200 00200 02200 00200 .68 .68 .68 .68 .75 .75 .75 .75
162 00200 00200 02200 00200 .68 .68 .68 .68 .75 .75 .75 .75
163 00200 00200 02200 00200 .68 .68 .68 .68 .75 .75 .75 .75
164 00200 00200 02200 00200 .68 .68 .68 .68 .75 .75 .75 .75
165 00200 00200 02200 00200 .68 .68 .68 .68 .75 .75 .75 .75
166 00200 00200 00200 00200 1.00 1.00 1.00 1.00 1.00 1.00 1.00 1.00
167 00200 00200 00200 00200 1.00 1.00 1.00 1.00 1.00 1.00 1.00 1.00
168 00200 00200 00200 00200 1.00 1.00 1.00 1.00 1.00 1.00 1.00 1.00
169 00200 00200 00200 00200 1.00 1.00 1.00 1.00 1.00 1.00 1.00 1.00
170 00200 00200 00200 00200 1.00 1.00 1.00 1.00 1.00 1.00 1.00 1.00
171 00200 00200 00200 00200 1.00 1.00 1.00 1.00 1.00 1.00 1.00 1.00
172 00200 00200 00200 00200 1.00 1.00 1.00 1.00 1.00 1.00 1.00 1.00
173 00200 00200 00200 00200 1.00 1.00 1.00 1.00 1.00 1.00 1.00 1.00
174 00200 00200 00200 00200 1.00 1.00 1.00 1.00 1.00 1.00 1.00 1.00
175 00200 00200 00200 00200 1.00 1.00 1.00 1.00 1.00 1.00 1.00 1.00
176 00200 00200 00200 00200 1.00 1.00 1.00 1.00 1.00 1.00 1.00 1.00
177 00200 00200 00200 00200 1.00 1.00 1.00 1.00 1.00 1.00 1.00 1.00
178 00200 00200 00200 00200 1.00 1.00 1.00 1.00 1.00 1.00 1.00 1.00
179 00200 00200 00200 00200 1.00 1.00 1.00 1.00 1.00 1.00 1.00 1.00
180 00200 00200 00200 00200 1.00 1.00 1.00 1.00 1.00 1.00 1.00 1.00
181 00200 00200 00200 00200 1.00 1.00 1.00 1.00 1.00 1.00 1.00 1.00
182 00200 00200 00200 00200 1.00 1.00 1.00 1.00 1.00 1.00 1.00 1.00
183 00200 00200 00200 00200 1.00 1.00 1.00 1.00 1.00 1.00 1.00 1.00
184 00200 00200 00200 00200 1.00 1.00 1.00 1.00 1.00 1.00 1.00 1.00
185 00200 00200 00200 00200 1.00 1.00 1.00 1.00 1.00 1.00 1.00 1.00
186 00200 00200 00200 00200 1.00 1.00 1.00 1.00 1.00 1.00 1.00 1.00
187 00200 00200 00200 00200 1.00 1.00 1.00 1.00 1.00 1.00 1.00 1.00
188 00200 00200 00200 00200 1.00 1.00 1.00 1.00 1.00 1.00 1.00 1.00
189 00200 00200 00200 00200 1.00 1.00 1.00 1.00 1.00 1.00 1.00 1.00
190 00200 00200 00200 00200 1.00 1.00 1.00 1.00 1.00 1.00 1.00 1.00
191 00200 00200 00200 00200 1.00 1.00 1.00 1.00 1.00 1.00 1.00 1.00
192 00200 00200 00200 00200 1.00 1.00 1.00 1.00 1.00 1.00 1.00 1.00
193 00200 00200 00200 00200 1.00 1.00 1.00 1.00 1.00 1.00 1.00 1.00
194 00200 00200 00200 00200 1.00 1.00 1.00 1.00 1.00 1.00 1.00 1.00
195 00200 00200 00200 00200 1.00 1.00 1.00 1.00 1.00 1.00 1.00 1.00
196 00200 00200 00200 00200 1.00 1.00 1.00 1.00 1.00 1.00 1.00 1.00
197 00200 00200 00200 00200 1.00 1.00 1.00 1.00 1.00 1.00 1.00 1.00
198 00200 00200 00200 00200 1.00 1.00 1.00 1.00 1.00 1.00 1.00 1.00
199 00200 00200 00200 00200 1.00 1.00 1.00 1.00 1.00 1.00 1.00 1.00
200 00200 00200 00200 00200 1.00 1.00 1.00 1.00 1.00 1.00 1.00 1.00
201 00200 00200 00200 00200 1.00 1.00 1.00 1.00 1.00 1.00 1.00 1.00
202 00200 00200 00200 00200 1.00 1.00 1.00 1.00 1.00 1.00 1.00 1.00
203 00200 00200 00200 00200 1.00 1.00 1.00 1.00 1.00 1.00 1.00 1.00
204 00200 00200 00200 00200 1.00 1.00 1.00 1.00 1.00 1.00 1.00 1.00
205 00200 00200 00200 00200 1.00 1.00 1.00 1.00 1.00 1.00 1.00 1.00
206 00200 00200 00200 00200 1.00 1.00 1.00 1.00 1.00 1.00 1.00 1.00
207 00200 00200 00200 00200 1.00 1.00 1.00 1.00 1.00 1.00 1.00 1.00
208 00200 00200 00200 00200 1.00 1.00 1.00 1.00 1.00 1.00 1.00 1.00
209 00200 00200 00200 00200 1.00 1.00 1.00 1.00 1.00 1.00 1.00 1.00
210 00200 00200 00200 00200 1.00 1.00 1.00 1.00 1.00 1.00 1.00 1.00
211 00200 00200 02200 00200 .68 .68 .68 .68 .75 .75 .75 .75
212 00200 00200 02200 00200 .68 .68 .68 .68 .75 .75 .75 .75
213 00200 00200 02200 00200 .68 .68 .68 .68 .75 .75 .75 .75
214 00200 00200 02200 00200 .68 .68 .68 .68 .75 .75 .75 .75
215 00200 00200 02200 00200 .68 .68 .68 .68 .75 .75 .75 .75
216 00200 00200 02200 00200 .68 .68 .68 .68 .75 .75 .75 .75
217 00200 00200 02200 00200 .68 .68 .68 .68 .75 .75 .75 .75
218 00200 00200 02200 00200 .68 .68 .68 .68 .75 .75 .75 .75
219 00200 00200 02200 00200 .68 .68 .68 .68 .75 .75 .75 .75
220 00200 00200 02200 00200 .68 .68 .68 .68 .75 .75 .75 .75
221 00200 00200 02200 00200 .68 .68 .68 .68 .75 .75 .75 .75
222 00200 00200 02200 00200 .68 .68 .68 .68 .75 .75 .75 .75
223 00200 00200 02200 00200 .68 .68 .68 .68 .75 .75 .75 .75
224 00200 00200 02200 00200 .68 .68 .68 .68 .75 .75 .75 .75
225 00200 00200 02200 00200 .68 .68 .68 .68 .75 .75 .75 .75
226 00200 00200 02020 00200 .05 .05 .05 .05 .24 .24 .24 .24
227 00200 00200 02020 00200 .05 .05 .05 .05 .24 .24 .24 .24
228 00200 00200 02020 00200 .05 .05 .05 .05 .24 .24 .24 .24
229 00200 00200 02020 00200 .05 .05 .05 .05 .24 .24 .24 .24
230 20200 20200 02020 20200 -0.04 -0.04 -0.04 -0.04 .21 .21 .21 .21
231 20200 20200 02020 20200 -0.04 -0.04 -0.04 -0.04 .21 .21 .21 .21
232 20200 20200 02020 20200 -0.04 -0.04 -0.04 -0.04 .21 .21 .21 .21
233 20200 20200 02020 20200 -0.04 -0.04 -0.04 -0.04 .21 .21 .21 .21
234 20200 20200 02020 20200 -0.04 -0.04 -0.04 -0.04 .21 .21 .21 .21
235 20200 20200 02020 20200 -0.04 -0.04 -0.04 -0.04 .21 .21 .21 .21
236 20200 20200 02020 20200 -0.04 -0.04 -0.04 -0.04 .21 .21 .21 .21
237 20200 20200 02020 20200 -0.04 -0.04 -0.04 -0.04 .21 .21 .21 .21
238 20200 20200 02020 20200 -0.04 -0.04 -0.04 -0.04 .21 .21 .21 .21
239 20200 20200 02020 20200 -0.04 -0.04 -0.04 -0.04 .21 .21 .21 .21
240 20000 20000 02020 20000 .05 .05 .05 .05 .24 .24 .24 .24
241 20000 20000 20020 20000 .68 .68 .68 .68 .75 .75 .75 .75
242 20000 20000 20020 20000 .68 .68 .68 .68 .75 .75 .75 .75
243 20000 20000 20020 20000 .68 .68 .68 .68 .75 .75 .75 .75
244 20000 20000 20020 20000 .68 .68 .68 .68 .75 .75 .75 .75
245 20000 20000 20020 20000 .68 .68 .68 .68 .75 .75 .75 .75
246 20000 20000 20020 20000 .68 .68 .68 .68 .75 .75 .75 .75
247 20000 20000 20020 20000 .68 .68 .68 .68 .75 .75 .75 .75
248 20000 20000 20020 20000 .68 .68 .68 .68 .75 .75 .75 .75
249 20000 20000 20020 20000 .68 .68 .68 .68 .75 .75 .75 .75
250 20000 20000 20020 20000 .68 .68 .68 .68 .75 .75 .75 .75
251 20000 20000 20020 20000 .68 .68 .68 .68 .75 .75 .75 .75
252 20000 20000 20020 20000 .68 .68 .68 .68 .75 .75 .75 .75
253 20000 20000 20020 20000 .68 .68 .68 .68 .75 .75 .75 .75
254 20000 20000 20020 20000 .68 .68 .68 .68 .75 .75 .75 .75
255 20000 20000 20020 20000 .68 .68 .68 .68 .75 .75 .75 .75
256 20000 20000 20000 20000 1.00 1.00 1.00 1.00 1.00 1.00 1.00 1.00
257 20000 20000 20000 20000 1.00 1.00 1.00 1.00 1.00 1.00 1.00 1.00
258 20000 20000 20000 20000 1.00 1.00 1.00 1.00 1.00 1.00 1.00 1.00
259 20000 20000 20000 20000 1.00 1.00 1.00 1.00 1.00 1.00 1.00 1.00
260 20000 20000 20000 20000 1.00 1.00 1.00 1.00 1.00 1.00 1.00 1.00
261 20000 20000 20000 20000 1.00 1.00 1.00 1.00 1.00 1.00 1.00 1.00
262 20000 20000 20000 20000 1.00 1.00 1.00 1.00 1.00 1.00 1.00 1.00
263 20000 20000 20000 20000 1.00 1.00 1.00 1.00 1.00 1.00 1.00 1.00
264 20000 20000 20000 20000 1.00 1.00 1.00 1.00 1.00 1.00 1.00 1.00
265 20000 20000 20000 20000 1.00 1.00 1.00 1.00 1.00 1.00 1.00 1.00
266 20000 20000 20000 20000 1.00 1.00 1.00 1.00 1.00 1.00 1.00 1.00
267 20000 20000 20000 20000 1.00 1.00 1.00 1.00 1.00 1.00 1.00 1.00
268 20000 20000 20000 20000 1.00 1.00 1.00 1.00 1.00 1.00 1.00 1.00
269 20000 20000 20000 20000 1.00 1.00 1.00 1.00 1.00 1.00 1.00 1.00
270 20000 20000 20000 20000 1.00 1.00 1.00 1.00 1.00 1.00 1.00 1.00
271 20000 20000 20000 20000 1.00 1.00 1.00 1.00 1.00 1.00 1.00 1.00
272 20000 20000 20000 20000 1.00 1.00 1.00 1.00 1.00 1.00 1.00 1.00
273 20000 20000 20000 20000 1.00 1.00 1.00 1.00 1.00 1.00 1.00 1.00
274 20000 20000 20000 20000 1.00 1.00 1.00 1.00 1.00 1.00 1.00 1.00
275 20000 20000 20000 20000 1.00 1.00 1.00 1.00 1.00 1.00 1.00 1.00
276 20000 20000 20000 20000 1.00 1.00 1.00 1.00 1.00 1.00 1.00 1.00
277 20000 20000 20000 20000 1.00 1.00 1.00 1.00 1.00 1.00 1.00 1.00
278 20000 20000 20000 20000 1.00 1.00 1.00 1.00 1.00 1.00 1.00 1.00
279 20000 20000 20000 20000 1.00 1.00 1.00 1.00 1.00 1.00 1.00 1.00
280 20000 20000 20000 20000 1.00 1.00 1.00 1.00 1.00 1.00 1.00 1.00
281 20000 20000 20000 20000 1.00 1.00 1.00 1.00 1.00 1.00 1.00 1.00
282 20000 20000 20000 20000 1.00 1.00 1.00 1.00 1.00 1.00 1.00 1.00
283 20000 20000 20000 20000 1.00 1.00 1.00 1.00 1.00 1.00 1.00 1.00
284 20000 20000 20000 20000 1.00 1.00 1.00 1.00 1.00 1.00 1.00 1.00
285 20000 20000 20000 20000 1.00 1.00 1.00 1.00 1.00 1.00 1.00 1.00
286 20000 20000 20000 20000 1.00 1.00 1.00 1.00 1.00 1.00 1.00 1.00
287 20000 20000 20000 20000 1.00 1.00 1.00 1.00 1.00 1.00 1.00 1.00
288 20000 20000 20000 20000 1.00 1.00 1.00 1.00 1.00 1.00 1.00 1.00
289 20000 20000 20000 20000 1.00 1.00 1.00 1.00 1.00 1.00 1.00 1.00
290 20000 20000 20000 20000 1.00 1.00 1.00 1.00 1.00 1.00 1.00 1.00
291 20000 20000 20000 20000 1.00 1.00 1.00 1.00 1.00 1.00 1.00 1.00
292 20000 20000 20000 20000 1.00 1.00 1.00 1.00 1.00 1.00 1.00 1.00
293 20000 20000 20000 20000 1.00 1.00 1.00 1.00 1.00 1.00 1.00 1.00
294 20000 20000 20000 20000 1.00 1.00 1.00 1.00 1.00 1.00 1.00 1.00
295 20000 20000 20000 20000 1.00 1.00 1.00 1.00 1.00 1.00 1.00 1.00
296 20000 20000 20000 20000 1.00 1.00 1.00 1.00 1.00 1.00 1.00 1.00
297 20000 20000 20000 20000 1.00 1.00 1.00 1.00 1.00 1.00 1.00 1.00
298 20000 20000 20000 20000 1.00 1.00 1.00 1.00 1.00 1.00 1.00 1.00
299 20000 20000 20000 20000 1.00 1.00 1.00 1.00 1.00 1.00 1.00 1.00
300 20000 20000 20000 20000 1.00 1.00 1.00 1.00 1.00 1.00 1.00 1.00
301 20000 20000 20000 20000 1.00 1.00 1.00 1.00 1.00 1.00 1.00 1.00
302 20000 20000 20000 20000 1.00 1.00 1.00 1.00 1.00 1.00 1.00 1.00
303 20000 20000 20000 20000 1.00 1.00 1.00 1.00 1.00 1.00 1.00 1.00
304 20000 20000 20000 20000 1.00 1.00 1.00 1.00 1.00 1.00 1.00 1.00
305 20000 20000 20000 20000 1.00 1.00 1.00 1.00 1.00 1.00 1.00 1.00
306 20000 20000 20000 20000 1.00 1.00 1.00 1.00 1.00 1.00 1.00 1.00
307 20000 20000 20000 20000 1.00 1.00 1.00 1.00 1.00 1.00 1.00 1.00
308 20000 20000 20000 20000 1.00 1.00 1.00 1.00 1.00 1.00 1.00 1.00
309 20000 20000 20000 20000 1.00 1.00 1.00 1.00 1.00 1.00 1.00 1.00
310 20000 20000 20000 20000 1.00 1.00 1.00 1.00 1.00 1.00 1.00 1.00
311 20000 20000 20000 20000 1.00 1.00 1.00 1.00 1.00 1.00 1.00 1.00
312 20000 20000 20000 20000 1.00 1.00 1.00 1.00 1.00 1.00 1.00 1.00
313 20000 20000 20000 20000 1.00 1.00 1.00 1.00 1.00 1.00 1.00 1.00
314 20000 20000 20000 20000 1.00 1.00 1.00 1.00 1.00 1.00 1.00 1.00
315 20000 20000 20000 20000 1.00 1.00 1.00 1.00 1.00 1.00 1.00 1.00
316 20000 20000 20020 20000 .68 .68 .68 .68 .75 .75 .75 .75
