0 04022 04042 00000 04022 .22 .22 .22 .22 .41 .42 .42 .42
1 04022 04042 00000 04022 .22 .22 .22 .22 .41 .42 .42 .42
2 04022 04042 00000 04022 .22 .22 .22 .22 .41 .42 .42 .42
3 04022 04042 00000 04022 .22 .22 .22 .22 .41 .42 .42 .42
4 04022 04042 00000 04022 .22 .22 .22 .22 .41 .42 .42 .42
5 04022 04042 00000 04022 .22 .22 .22 .22 .41 .42 .42 .42
6 04022 04042 00000 04022 .22 .22 .22 .22 .41 .42 .42 .42
7 04022 04042 00000 04022 .22 .22 .22 .22 .41 .42 .42 .42
8 04022 04042 00000 04022 .22 .22 .22 .22 .41 .42 .42 .42
9 04022 04042 00000 04022 .22 .22 .22 .22 .41 .42 .42 .42
10 04022 04042 00000 04022 .22 .22 .22 .22 .41 .42 .42 .42
11 04022 04042 00000 04022 .22 .22 .22 .22 .41 .42 .42 .42
12 04022 04042 00000 04022 .22 .22 .22 .22 .41 .42 .42 .42
13 04022 04042 00000 04022 .22 .22 .22 .22 .41 .42 .42 .42
14 04022 04042 00000 04022 .22 .22 .22 .22 .41 .42 .42 .42
15 04022 04042 00000 04022 .22 .22 .22 .22 .41 .42 .42 .42
16 04022 04042 00000 04022 .22 .22 .22 .22 .41 .42 .42 .42
17 04022 04042 00000 04022 .22 .22 .22 .22 .41 .42 .42 .42
18 04022 04042 00000 04022 .22 .22 .22 .22 .41 .42 .42 .42
19 04022 04042 00000 04022 .22 .22 .22 .22 .41 .42 .42 .42
20 04022 04042 00000 04022 .22 .22 .22 .22 .41 .42 .42 .42
21 04022 04042 00000 04022 .22 .22 .22 .22 .41 .42 .42 .42
22 04022 04042 00000 04022 .22 .22 .22 .22 .41 .42 .42 .42
23 04022 04042 00000 04022 .22 .22 .22 .22 .41 .42 .42 .42
24 04022 04042 00000 04022 .22 .22 .22 .22 .41 .42 .42 .42
25 04022 04042 00000 04022 .22 .22 .22 .22 .41 .42 .42 .42
26 04022 04042 00000 04022 .22 .22 .22 .22 .41 .42 .42 .42
27 04022 04042 00000 04022 .22 .22 .22 .22 .41 .42 .42 .42
28 04022 04042 00000 04022 .22 .22 .22 .22 .41 .42 .42 .42
29 04022 04042 00000 04022 .22 .22 .22 .22 .41 .42 .42 .42
30 04022 04042 00000 04022 .22 .22 .22 .22 .41 .42 .42 .42
31 04022 04042 00000 04022 .22 .22 .22 .22 .41 .42 .42 .42
32 04022 04042 00000 04022 .22 .22 .22 .22 .41 .42 .42 .42
33 04022 04042 00000 04022 .22 .22 .22 .22 .41 .42 .42 .42
34 04022 04042 00000 04022 .22 .22 .22 .22 .41 .42 .42 .42
35 04022 04042 00000 04022 .22 .22 .22 .22 .41 .42 .42 .42
36 04022 04042 00000 04022 .22 .22 .22 .22 .41 .42 .42 .42
37 04022 04042 00000 04022 .22 .22 .22 .22 .41 .42 .42 .42
38 04022 04042 00000 04022 .22 .22 .22 .22 .41 .42 .42 .42
39 04022 04042 00000 04022 .22 .22 .22 .22 .41 .42 .42 .42
40 04022 04042 00000 04022 .22 .22 .22 .22 .41 .42 .42 .42
41 04022 04042 00000 04022 .22 .22 .22 .22 .41 .42 .42 .42
42 04022 04042 00000 04022 .22 .22 .22 .22 .41 .42 .42 .42
43 04022 04042 00000 04022 .22 .22 .22 .22 .41 .42 .42 .42
44 04022 04042 00000 04022 .22 .22 .22 .22 .41 .42 .42 .42
45 04022 04042 00000 04022 .22 .22 .22 .22 .41 .42 .42 .42
46 04022 04042 00000 04022 .22 .22 .22 .22 .41 .42 .42 .42
47 04022 04042 00000 04022 .22 .22 .22 .22 .41 .42 .42 .42
48 04022 04042 00000 04022 .22 .22 .22 .22 .41 .42 .42 .42
49 04022 04042 00000 04022 .22 .22 .22 .22 .41 .42 .42 .42
50 04022 04042 00000 04022 .22 .22 .22 .22 .41 .42 .42 .42
51 04022 04042 00000 04022 .22 .22 .22 .22 .41 .42 .42 .42
52 04022 04042 00000 04022 .22 .22 .22 .22 .41 .42 .42 .42
53 04022 04042 00000 04022 .22 .22 .22 .22 .41 .42 .42 .42
54 04022 04042 00000 04022 .22 .22 .22 .22 .41 .42 .42 .42
55 04022 04042 00000 04022 .22 .22 .22 .22 .41 .42 .42 .42
56 04022 04042 00000 04022 .22 .22 .22 .22 .41 .42 .42 .42
57 04022 04042 00000 04022 .22 .22 .22 .22 .41 .42 .42 .42
58 04022 04042 00000 04022 .22 .22 .22 .22 .41 .42 .42 .42
59 04022 04042 00000 04022 .22 .22 .22 .22 .41 .42 .42 .42
60 04022 04042 00000 04022 .22 .22 .22 .22 .41 .42 .42 .42
61 04022 04042 00000 04022 .22 .22 .22 .22 .41 .42 .42 .42
62 04022 04042 00000 04022 .22 .22 .22 .22 .41 .42 .42 .42
63 04022 04042 00000 04022 .22 .22 .22 .22 .41 .42 .42 .42
64 04022 04042 00000 04022 .22 .22 .22 .22 .41 .42 .42 .42
65 04022 04042 00000 04022 .22 .22 .22 .22 .41 .42 .42 .42
66 04022 04042 00000 04022 .22 .22 .22 .22 .41 .42 .42 .42
67 04022 04042 00000 04022 .22 .22 .22 .22 .41 .42 .42 .42
68 04022 04042 00000 04022 .22 .22 .22 .22 .41 .42 .42 .42
69 04022 04042 00000 04022 .22 .22 .22 .22 .41 .42 .42 .42
70 04022 04042 00000 04022 .22 .22 .22 .22 .41 .42 .42 .42
71 04022 04042 00000 04022 .22 .22 .22 .22 .41 .42 .42 .42
72 04022 04042 00000 04022 .22 .22 .22 .22 .41 .42 .42 .42
73 04022 04042 00000 04022 .22 .22 .22 .22 .41 .42 .42 .42
74 04022 04042 00000 04022 .22 .22 .22 .22 .41 .42 .42 .42
75 04022 04042 00000 04022 .22 .22 .22 .22 .41 .42 .42 .42
76 04022 04042 00000 04022 .22 .22 .22 .22 .41 .42 .42 .42
77 04022 04042 00000 04022 .22 .22 .22 .22 .41 .42 .42 .42
78 04022 04042 00000 04022 .22 .22 .22 .22 .41 .42 .42 .42
79 04022 04042 00000 04022 .22 .22 .22 .22 .41 .42 .42 .42
80 04022 04042 00000 04022 .22 .22 .22 .22 .41 .42 .42 .42
81 04022 04042 00000 04022 .22 .22 .22 .22 .41 .42 .42 .42
82 04022 04042 00000 04022 .22 .22 .22 .22 .41 .42 .42 .42
83 04022 04042 00000 04022 .22 .22 .22 .22 .41 .42 .42 .42
84 04022 04042 00000 04022 .22 .22 .22 .22 .41 .42 .42 .42
85 04022 04042 00000 04022 .22 .22 .22 .22 .41 .42 .42 .42
86 04022 04042 00000 04022 .22 .22 .22 .22 .41 .42 .42 .42
87 04022 04042 00000 04022 .22 .22 .22 .22 .41 .42 .42 .42
88 04022 04042 00000 04022 .22 .22 .22 .22 .41 .42 .42 .42
89 04022 04042 00000 04022 .22 .22 .22 .22 .41 .42 .42 .42
90 00002 00002 00000 00002 .46 .46 .46 .46 .63 .63 .63 .63
91 00002 00002 00000 00002 .46 .46 .46 .46 .63 .63 .63 .63
92 00002 00002 00000 00002 .46 .46 .46 .46 .63 .63 .63 .63
93 00002 00002 00000 00002 .46 .46 .46 .46 .63 .63 .63 .63
94 00002 00002 00000 00002 .46 .46 .46 .46 .63 .63 .63 .63
95 00002 00002 00000 00002 .46 .46 .46 .46 .63 .63 .63 .63
96 00002 00002 00000 00002 .46 .46 .46 .46 .63 .63 .63 .63
97 00002 00002 00000 00002 .46 .46 .46 .46 .63 .63 .63 .63
98 00002 00002 00000 00002 .46 .46 .46 .46 .63 .63 .63 .63
99 00002 00002 00000 00002 .46 .46 .46 .46 .63 .63 .63 .63
100 00002 00002 00000 00002 .46 .46 .46 .46 .63 .63 .63 .63
101 00002 00002 00000 00002 .46 .46 .46 .46 .63 .63 .63 .63
102 00002 00002 00000 00002 .46 .46 .46 .46 .63 .63 .63 .63
103 00002 00002 00000 00002 .46 .46 .46 .46 .63 .63 .63 .63
104 00002 00002 00000 00002 .46 .46 .46 .46 .63 .63 .63 .63
105 00002 00002 00000 00002 .46 .46 .46 .46 .63 .63 .63 .63
106 00002 00002 00000 00002 .46 .46 .46 .46 .63 .63 .63 .63
107 00002 00002 00000 00002 .46 .46 .46 .46 .63 .63 .63 .63
108 00002 00002 00000 00002 .46 .46 .46 .46 .63 .63 .63 .63
109 00002 00002 00000 00002 .46 .46 .46 .46 .63 .63 .63 .63
110 00002 00002 00000 00002 .46 .46 .46 .46 .63 .63 .63 .63
111 00002 00002 00000 00002 .46 .46 .46 .46 .63 .63 .63 .63
112 00002 00002 00000 00002 .46 .46 .46 .46 .63 .63 .63 .63
113 00002 00002 00000 00002 .46 .46 .46 .46 .63 .63 .63 .63
114 00002 00002 00000 00002 .46 .46 .46 .46 .63 .63 .63 .63
115 00002 00002 00000 00002 .46 .46 .46 .46 .63 .63 .63 .63
116 00002 00002 00000 00002 .46 .46 .46 .46 .63 .63 .63 .63
117 00002 00002 00000 00002 .46 .46 .46 .46 .63 .63 .63 .63
118 00002 00002 00000 00002 .46 .46 .46 .46 .63 .63 .63 .63
119 00002 00002 00000 00002 .46 .46 .46 .46 .63 .63 .63 .63
120 00002 00002 00000 00002 .46 .46 .46 .46 .63 .63 .63 .63
121 00002 00002 00000 00002 .46 .46 .46 .46 .63 .63 .63 .63
122 00002 00002 00000 00002 .46 .46 .46 .46 .63 .63 .63 .63
123 00002 00002 00000 00002 .46 .46 .46 .46 .63 .63 .63 .63
124 00002 00002 00000 00002 .46 .46 .46 .46 .63 .63 .63 .63
125 00002 00002 00000 00002 .46 .46 .46 .46 .63 .63 .63 .63
126 00002 00002 00000 00002 .46 .46 .46 .46 .63 .63 .63 .63
127 00002 00002 00000 00002 .46 .46 .46 .46 .63 .63 .63 .63
128 00002 00002 00000 00002 .46 .46 .46 .46 .63 .63 .63 .63
129 00002 00002 00000 00002 .46 .46 .46 .46 .63 .63 .63 .63
130 00002 00002 00000 00002 .46 .46 .46 .46 .63 .63 .63 .63
131 00002 00002 00000 00002 .46 .46 .46 .46 .63 .63 .63 .63
132 00002 00002 00000 00002 .46 .46 .46 .46 .63 .63 .63 .63
133 00002 00002 00000 00002 .46 .46 .46 .46 .63 .63 .63 .63
134 00002 00002 00000 00002 .46 .46 .46 .46 .63 .63 .63 .63
135 00002 00002 00000 00002 .46 .46 .46 .46 .63 .63 .63 .63
136 00002 00002 00000 00002 .46 .46 .46 .46 .63 .63 .63 .63
137 00002 00002 00000 00002 .46 .46 .46 .46 .63 .63 .63 .63
138 00002 00002 00000 00002 .46 .46 .46 .46 .63 .63 .63 .63
139 00002 00002 00000 00002 .46 .46 .46 .46 .63 .63 .63 .63
140 00002 00002 00000 00002 .46 .46 .46 .46 .63 .63 .63 .63
141 00002 00002 00000 00002 .46 .46 .46 .46 .63 .63 .63 .63
142 00002 00002 00000 00002 .46 .46 .46 .46 .63 .63 .63 .63
143 00002 00002 00000 00002 .46 .46 .46 .46 .63 .63 .63 .63
144 00002 00002 00000 00002 .46 .46 .46 .46 .63 .63 .63 .63
145 00002 00002 00000 00002 .46 .46 .46 .46 .63 .63 .63 .63
146 00002 00002 00000 00002 .46 .46 .46 .46 .63 .63 .63 .63
147 00002 00002 00000 00002 .46 .46 .46 .46 .63 .63 .63 .63
148 00002 00002 00000 00002 .46 .46 .46 .46 .63 .63 .63 .63
149 00002 00002 00000 00002 .46 .46 .46 .46 .63 .63 .63 .63
150 00002 00002 00000 00002 .46 .46 .46 .46 .63 .63 .63 .63
151 00002 00002 00000 00002 .46 .46 .46 .46 .63 .63 .63 .63
152 00002 00002 00000 00002 .46 .46 .46 .46 .63 .63 .63 .63
153 00002 00002 00000 00002 .46 .46 .46 .46 .63 .63 .63 .63
154 00002 00002 00000 00002 .46 .46 .46 .46 .63 .63 .63 .63
155 00002 00002 00000 00002 .46 .46 .46 .46 .63 .63 .63 .63
156 00002 00002 00000 00002 .46 .46 .46 .46 .63 .63 .63 .63
157 00002 00002 00000 00002 .46 .46 .46 .46 .63 .63 .63 .63
158 00002 00002 00000 00002 .46 .46 .46 .46 .63 .63 .63 .63
159 00002 00002 00000 00002 .46 .46 .46 .46 .63 .63 .63 .63
160 00022 00002 00000 00002 .22 .22 .22 .22 .41 .41 .41 .41
161 00022 00002 00000 00002 .22 .22 .22 .22 .41 .41 .41 .41
162 00022 00002 00000 00002 .22 .22 .22 .22 .41 .41 .41 .41
163 00022 00002 00000 00002 .22 .22 .22 .22 .41 .41 .41 .41
164 00022 00002 00000 00002 .22 .22 .22 .22 .41 .41 .41 .41
165 00022 00002 00000 00002 .22 .22 .22 .22 .41 .41 .41 .41
166 00022 00002 00020 00022 .36 .36 .36 .36 .55 .55 .55 .55
167 00022 00002 00020 00022 .36 .36 .36 .36 .55 .55 .55 .55
168 00022 00002 00020 00022 .36 .36 .36 .36 .55 .55 .55 .55
169 00022 00002 00020 00022 .36 .36 .36 .36 .55 .55 .55 .55
170 00202 00202 00020 00202 .16 .16 .16 .16 .37 .37 .37 .37
171 00202 00202 00020 00202 .16 .16 .16 .16 .37 .37 .37 .37
172 00202 00202 00020 00202 .16 .16 .16 .16 .37 .37 .37 .37
173 00202 00202 00020 00202 .16 .16 .16 .16 .37 .37 .37 .37
174 00202 00202 00020 00202 .16 .16 .16 .16 .37 .37 .37 .37
175 00202 00202 00020 00202 .16 .16 .16 .16 .37 .37 .37 .37
176 00202 00202 00020 00202 .16 .16 .16 .16 .37 .37 .37 .37
177 00202 00202 00020 00202 .16 .16 .16 .16 .37 .37 .37 .37
178 00202 00202 00020 00202 .16 .16 .16 .16 .37 .37 .37 .37
179 00202 00202 00020 00202 .16 .16 .16 .16 .37 .37 .37 .37
180 00202 00202 00020 00202 .16 .16 .16 .16 .37 .37 .37 .37
181 00202 00202 00020 00202 .16 .16 .16 .16 .37 .37 .37 .37
182 00202 00202 00020 00202 .16 .16 .16 .16 .37 .37 .37 .37
183 00202 00202 00020 00202 .16 .16 .16 .16 .37 .37 .37 .37
184 00202 00202 00020 00202 .16 .16 .16 .16 .37 .37 .37 .37
185 00202 00202 00020 00202 .16 .16 .16 .16 .37 .37 .37 .37
186 00202 00202 00020 00202 .16 .16 .16 .16 .37 .37 .37 .37
187 00202 00202 00020 00202 .16 .16 .16 .16 .37 .37 .37 .37
188 00202 00202 00020 00202 .16 .16 .16 .16 .37 .37 .37 .37
189 00202 00202 00020 00202 .16 .16 .16 .16 .37 .37 .37 .37
190 00200 00200 00020 00200 .22 .22 .22 .22 .41 .41 .41 .41
191 00200 00200 00020 00200 .22 .22 .22 .22 .41 .41 .41 .41
192 00200 00200 00020 00200 .22 .22 .22 .22 .41 .41 .41 .41
193 00200 00200 00020 00200 .22 .22 .22 .22 .41 .41 .41 .41
194 00200 00200 00020 00200 .22 .22 .22 .22 .41 .41 .41 .41
195 00200 00200 00020 00200 .22 .22 .22 .22 .41 .41 .41 .41
196 00200 00200 00020 00200 .22 .22 .22 .22 .41 .41 .41 .41
197 00200 00200 00020 00200 .22 .22 .22 .22 .41 .41 .41 .41
198 00200 00200 00020 00200 .22 .22 .22 .22 .41 .41 .41 .41
199 00200 00200 00020 00200 .22 .22 .22 .22 .41 .41 .41 .41
200 00200 00200 00020 00200 .22 .22 .22 .22 .41 .41 .41 .41
201 00200 00200 00020 00200 .22 .22 .22 .22 .41 .41 .41 .41
202 00200 00200 00020 00200 .22 .22 .22 .22 .41 .41 .41 .41
203 00200 00200 00020 00200 .22 .22 .22 .22 .41 .41 .41 .41
204 00200 00200 00020 00200 .22 .22 .22 .22 .41 .41 .41 .41
205 00200 00200 00020 00200 .22 .22 .22 .22 .41 .41 .41 .41
206 00200 00200 00020 00200 .22 .22 .22 .22 .41 .41 .41 .41
207 00200 00200 00020 00200 .22 .22 .22 .22 .41 .41 .41 .41
208 00200 00200 00020 00200 .22 .22 .22 .22 .41 .41 .41 .41
209 00200 00200 00020 00200 .22 .22 .22 .22 .41 .41 .41 .41
210 00200 00200 00020 00200 .22 .22 .22 .22 .41 .41 .41 .41
211 00200 00200 00200 00200 1.00 1.00 1.00 1.00 1.00 1.00 1.00 1.00
212 00200 00200 00200 00200 1.00 1.00 1.00 1.00 1.00 1.00 1.00 1.00
213 00200 00200 00200 00200 1.00 1.00 1.00 1.00 1.00 1.00 1.00 1.00
214 00200 00200 00200 00200 1.00 1.00 1.00 1.00 1.00 1.00 1.00 1.00
215 00200 00200 00200 00200 1.00 1.00 1.00 1.00 1.00 1.00 1.00 1.00
216 00200 00200 00200 00200 1.00 1.00 1.00 1.00 1.00 1.00 1.00 1.00
217 00200 00200 00200 00200 1.00 1.00 1.00 1.00 1.00 1.00 1.00 1.00
218 00200 00200 00200 00200 1.00 1.00 1.00 1.00 1.00 1.00 1.00 1.00
219 00200 00200 00200 00200 1.00 1.00 1.00 1.00 1.00 1.00 1.00 1.00
220 00200 00200 00200 00200 1.00 1.00 1.00 1.00 1.00 1.00 1.00 1.00
221 00200 00200 00200 00200 1.00 1.00 1.00 1.00 1.00 1.00 1.00 1.00
222 00200 00200 00200 00200 1.00 1.00 1.00 1.00 1.00 1.00 1.00 1.00
223 00200 00200 00200 00200 1.00 1.00 1.00 1.00 1.00 1.00 1.00 1.00
224 00200 00200 00200 00200 1.00 1.00 1.00 1.00 1.00 1.00 1.00 1.00
225 00200 00200 00200 00200 1.00 1.00 1.00 1.00 1.00 1.00 1.00 1.00
226 00200 00200 02200 00200 .68 .68 .68 .68 .75 .75 .75 .75
227 00200 00200 02200 00200 .68 .68 .68 .68 .75 .75 .75 .75
228 00200 00200 02200 00200 .68 .68 .68 .68 .75 .75 .75 .75
229 00200 00200 02200 00200 .68 .68 .68 .68 .75 .75 .75 .75
230 00200 00200 02200 00200 .68 .68 .68 .68 .75 .75 .75 .75
231 00200 00200 02200 00200 .68 .68 .68 .68 .75 .75 .75 .75
232 00200 00200 02200 00200 .68 .68 .68 .68 .75 .75 .75 .75
233 00200 00200 02200 00200 .68 .68 .68 .68 .75 .75 .75 .75
234 00200 00200 02200 00200 .68 .68 .68 .68 .75 .75 .75 .75
235 00200 00200 02200 00200 .68 .68 .68 .68 .75 .75 .75 .75
236 00200 00200 02200 00200 .68 .68 .68 .68 .75 .75 .75 .75
237 00200 00200 02200 00200 .68 .68 .68 .68 .75 .75 .75 .75
238 00200 00200 02200 00200 .68 .68 .68 .68 .75 .75 .75 .75
239 00200 00200 02200 00200 .68 .68 .68 .68 .75 .75 .75 .75
240 00200 00200 02200 00200 .68 .68 .68 .68 .75 .75 .75 .75
241 00200 00200 02200 00200 .68 .68 .68 .68 .75 .75 .75 .75
242 00200 00200 02200 00200 .68 .68 .68 .68 .75 .75 .75 .75
243 00200 00200 02200 00200 .68 .68 .68 .68 .75 .75 .75 .75
244 00200 00200 02200 00200 .68 .68 .68 .68 .75 .75 .75 .75
245 00200 00200 02200 00200 .68 .68 .68 .68 .75 .75 .75 .75
246 00200 00200 02200 00200 .68 .68 .68 .68 .75 .75 .75 .75
247 00200 00200 02200 00200 .68 .68 .68 .68 .75 .75 .75 .75
248 00200 00200 02200 00200 .68 .68 .68 .68 .75 .75 .75 .75
249 00200 00200 02200 00200 .68 .68 .68 .68 .75 .75 .75 .75
250 00200 00200 02200 00200 .68 .68 .68 .68 .75 .75 .75 .75
251 00200 00200 02200 00200 .68 .68 .68 .68 .75 .75 .75 .75
252 00200 00200 02200 00200 .68 .68 .68 .68 .75 .75 .75 .75
253 00200 00200 02200 00200 .68 .68 .68 .68 .75 .75 .75 .75
254 00200 00200 02200 00200 .68 .68 .68 .68 .75 .75 .75 .75
255 00200 00200 02200 00200 .68 .68 .68 .68 .75 .75 .75 .75
256 00200 00200 02200 00200 .68 .68 .68 .68 .75 .75 .75 .75
257 00200 00200 02200 00200 .68 .68 .68 .68 .75 .75 .75 .75
258 00200 00200 02200 00200 .68 .68 .68 .68 .75 .75 .75 .75
259 00200 00200 02200 00200 .68 .68 .68 .68 .75 .75 .75 .75
260 00200 00200 02200 00200 .68 .68 .68 .68 .75 .75 .75 .75
261 00200 00200 02200 00200 .68 .68 .68 .68 .75 .75 .75 .75
262 00200 00200 02200 00200 .68 .68 .68 .68 .75 .75 .75 .75
263 00200 00200 02200 00200 .68 .68 .68 .68 .75 .75 .75 .75
264 00200 00200 02200 00200 .68 .68 .68 .68 .75 .75 .75 .75
265 00200 00200 02200 00200 .68 .68 .68 .68 .75 .75 .75 .75
266 00200 00200 02200 00200 .68 .68 .68 .68 .75 .75 .75 .75
267 00200 00200 02200 00200 .68 .68 .68 .68 .75 .75 .75 .75
268 00200 00200 02200 00200 .68 .68 .68 .68 .75 .75 .75 .75
269 00200 00200 02200 00200 .68 .68 .68 .68 .75 .75 .75 .75
270 00200 00200 02200 00200 .68 .68 .68 .68 .75 .75 .75 .75
271 00200 00200 02200 00200 .68 .68 .68 .68 .75 .75 .75 .75
272 00200 00200 02200 00200 .68 .68 .68 .68 .75 .75 .75 .75
273 00200 00200 02200 00200 .68 .68 .68 .68 .75 .75 .75 .75
274 00200 00200 02200 00200 .68 .68 .68 .68 .75 .75 .75 .75
275 00200 00200 02200 00200 .68 .68 .68 .68 .75 .75 .75 .75
276 00200 00200 02200 00200 .68 .68 .68 .68 .75 .75 .75 .75
277 00200 00200 02200 00200 .68 .68 .68 .68 .75 .75 .75 .75
278 00200 00200 02200 00200 .68 .68 .68 .68 .75 .75 .75 .75
279 00200 00200 02200 00200 .68 .68 .68 .68 .75 .75 .75 .75
280 00200 00200 02200 00200 .68 .68 .68 .68 .75 .75 .75 .75
281 00200 00200 02200 00200 .68 .68 .68 .68 .75 .75 .75 .75
282 00200 00200 02200 00200 .68 .68 .68 .68 .75 .75 .75 .75
283 00200 00200 02200 00200 .68 .68 .68 .68 .75 .75 .75 .75
284 00200 00200 02200 00200 .68 .68 .68 .68 .75 .75 .75 .75
285 00200 00200 02200 00200 .68 .68 .68 .68 .75 .75 .75 .75
286 00200 00200 02200 00200 .68 .68 .68 .68 .75 .75 .75 .75
287 00200 00200 02200 00200 .68 .68 .68 .68 .75 .75 .75 .75
288 00200 00200 02200 00200 .68 .68 .68 .68 .75 .75 .75 .75
289 00200 00200 02200 00200 .68 .68 .68 .68 .75 .75 .75 .75
290 00200 00200 02200 00200 .68 .68 .68 .68 .75 .75 .75 .75
291 00200 00200 02200 00200 .68 .68 .68 .68 .75 .75 .75 .75
292 00200 00200 02200 00200 .68 .68 .68 .68 .75 .75 .75 .75
293 00200 00200 02200 00200 .68 .68 .68 .68 .75 .75 .75 .75
294 00200 00200 02200 00200 .68 .68 .68 .68 .75 .75 .75 .75
295 00200 00200 02200 00200 .68 .68 .68 .68 .75 .75 .75 .75
296 00200 00200 02200 00200 .68 .68 .68 .68 .75 .75 .75 .75
297 00200 00200 02200 00200 .68 .68 .68 .68 .75 .75 .75 .75
298 00200 00200 02200 00200 .68 .68 .68 .68 .75 .75 .75 .75
299 00200 00200 02200 00200 .68 .68 .68 .68 .75 .75 .75 .75
300 00200 00200 02200 00200 .68 .68 .68 .68 .75 .75 .75 .75
301 00200 00200 00200 00200 1.00 1.00 1.00 1.00 1.00 1.00 1.00 1.00
302 00200 00200 00200 00200 1.00 1.00 1.00 1.00 1.00 1.00 1.00 1.00
303 00200 00200 00200 00200 1.00 1.00 1.00 1.00 1.00 1.00 1.00 1.00
304 00200 00200 00200 00200 1.00 1.00 1.00 1.00 1.00 1.00 1.00 1.00
305 00200 00200 00200 00200 1.00 1.00 1.00 1.00 1.00 1.00 1.00 1.00
306 00200 00200 00200 00200 1.00 1.00 1.00 1.00 1.00 1.00 1.00 1.00
307 00200 00200 00200 00200 1.00 1.00 1.00 1.00 1.00 1.00 1.00 1.00
308 00200 00200 00200 00200 1.00 1.00 1.00 1.00 1.00 1.00 1.00 1.00
309 00200 00200 00200 00200 1.00 1.00 1.00 1.00 1.00 1.00 1.00 1.00
310 00200 00200 00200 00200 1.00 1.00 1.00 1.00 1.00 1.00 1.00 1.00
311 00200 00200 00200 00200 1.00 1.00 1.00 1.00 1.00 1.00 1.00 1.00
312 00200 00200 00200 00200 1.00 1.00 1.00 1.00 1.00 1.00 1.00 1.00
313 00200 00200 00200 00200 1.00 1.00 1.00 1.00 1.00 1.00 1.00 1.00
314 00200 00200 00200 00200 1.00 1.00 1.00 1.00 1.00 1.00 1.00 1.00
315 00200 00200 02200 00200 .68 .68 .68 .68 .75 .75 .75 .75
316 00200 00200 02200 00200 .68 .68 .68 .68 .75 .75 .75 .75
317 00200 00200 02200 00200 .68 .68 .68 .68 .75 .75 .75 .75
318 00200 00200 02200 00200 .68 .68 .68 .68 .75 .75 .75 .75
319 00200 00200 02200 00200 .68 .68 .68 .68 .75 .75 .75 .75
320 02200 00200 02200 02200 .72 .72 .72 .72 .79 .79 .79 .79
321 02200 00200 02200 02200 .72 .72 .72 .72 .79 .79 .79 .79
322 02200 00200 02200 02200 .72 .72 .72 .72 .79 .79 .79 .79
323 02200 00200 02200 02200 .72 .72 .72 .72 .79 .79 .79 .79
324 02200 00200 02200 02200 .72 .72 .72 .72 .79 .79 .79 .79
325 02200 00200 02200 02200 .72 .72 .72 .72 .79 .79 .79 .79
326 02200 00200 02200 02200 .72 .72 .72 .72 .79 .79 .79 .79
327 02200 00200 02200 02200 .72 .72 .72 .72 .79 .79 .79 .79
328 02200 00200 02200 02200 .72 .72 .72 .72 .79 .79 .79 .79
329 02200 00200 02200 02200 .72 .72 .72 .72 .79 .79 .79 .79
330 02200 20200 02200 02200 .48 .48 .48 .48 .60 .60 .60 .60
331 02200 20200 02200 02200 .48 .48 .48 .48 .60 .60 .60 .60
332 02200 20200 02200 02200 .48 .48 .48 .48 .60 .60 .60 .60
333 02200 20200 02020 02200 -0.04 -0.04 -0.04 -0.04 .21 .21 .21 .21
334 02200 20200 02020 02200 -0.04 -0.04 -0.04 -0.04 .21 .21 .21 .21
335 02200 20200 02020 02200 -0.04 -0.04 -0.04 -0.04 .21 .21 .21 .21
336 02200 20200 02020 02200 -0.04 -0.04 -0.04 -0.04 .21 .21 .21 .21
337 02200 20200 02020 02200 -0.04 -0.04 -0.04 -0.04 .21 .21 .21 .21
338 02200 20200 02020 02200 -0.04 -0.04 -0.04 -0.04 .21 .21 .21 .21
339 02200 20200 02020 02200 -0.04 -0.04 -0.04 -0.04 .21 .21 .21 .21
340 20020 20020 02020 20020 .48 .48 .48 .48 .60 .60 .60 .60
341 20020 20020 02020 20020 .48 .48 .48 .48 .60 .60 .60 .60
342 20020 20020 02020 20020 .48 .48 .48 .48 .60 .60 .60 .60
343 20020 20020 02020 20020 .48 .48 .48 .48 .60 .60 .60 .60
344 20020 20020 02020 20020 .48 .48 .48 .48 .60 .60 .60 .60
345 20020 20020 02020 20020 .48 .48 .48 .48 .60 .60 .60 .60
346 20020 20020 02020 20020 .48 .48 .48 .48 .60 .60 .60 .60
347 20020 20020 02020 20020 .48 .48 .48 .48 .60 .60 .60 .60
348 20020 20020 20020 20020 1.00 1.00 1.00 1.00 1.00 1.00 1.00 1.00
349 20020 20020 20020 20020 1.00 1.00 1.00 1.00 1.00 1.00 1.00 1.00
350 20000 20000 20020 20000 .68 .68 .68 .68 .75 .75 .75 .75
351 20000 20000 20020 20000 .68 .68 .68 .68 .75 .75 .75 .75
352 20000 20000 20020 20000 .68 .68 .68 .68 .75 .75 .75 .75
353 20000 20000 20020 20000 .68 .68 .68 .68 .75 .75 .75 .75
354 20000 20000 20020 20000 .68 .68 .68 .68 .75 .75 .75 .75
355 20000 20000 20020 20000 .68 .68 .68 .68 .75 .75 .75 .75
356 20000 20000 20020 20000 .68 .68 .68 .68 .75 .75 .75 .75
357 20000 20000 20020 20000 .68 .68 .68 .68 .75 .75 .75 .75
358 20000 20000 20020 20000 .68 .68 .68 .68 .75 .75 .75 .75
359 20000 20000 20020 20000 .68 .68 .68 .68 .75 .75 .75 .75
360 20000 20000 20020 20000 .68 .68 .68 .68 .75 .75 .75 .75
361 20000 20000 20020 20000 .68 .68 .68 .68 .75 .75 .75 .75
362 20000 20000 20020 20000 .68 .68 .68 .68 .75 .75 .75 .75
363 20000 20000 20000 20000 1.00 1.00 1.00 1.00 1.00 1.00 1.00 1.00
364 20000 20000 20000 20000 1.00 1.00 1.00 1.00 1.00 1.00 1.00 1.00
365 20000 20000 20000 20000 1.00 1.00 1.00 1.00 1.00 1.00 1.00 1.00
366 20000 20000 20000 20000 1.00 1.00 1.00 1.00 1.00 1.00 1.00 1.00
367 20000 20000 20000 20000 1.00 1.00 1.00 1.00 1.00 1.00 1.00 1.00
368 20000 20000 20000 20000 1.00 1.00 1.00 1.00 1.00 1.00 1.00 1.00
369 20000 20000 20000 20000 1.00 1.00 1.00 1.00 1.00 1.00 1.00 1.00
370 20000 20000 20000 20000 1.00 1.00 1.00 1.00 1.00 1.00 1.00 1.00
371 20000 20000 20000 20000 1.00 1.00 1.00 1.00 1.00 1.00 1.00 1.00
372 20000 20000 20000 20000 1.00 1.00 1.00 1.00 1.00 1.00 1.00 1.00
373 20000 20000 20000 20000 1.00 1.00 1.00 1.00 1.00 1.00 1.00 1.00
374 20000 20000 20000 20000 1.00 1.00 1.00 1.00 1.00 1.00 1.00 1.00
375 20000 20000 20000 20000 1.00 1.00 1.00 1.00 1.00 1.00 1.00 1.00
376 20000 20000 20000 20000 1.00 1.00 1.00 1.00 1.00 1.00 1.00 1.00
377 20000 20000 20000 20000 1.00 1.00 1.00 1.00 1.00 1.00 1.00 1.00
378 20000 20000 20000 20000 1.00 1.00 1.00 1.00 1.00 1.00 1.00 1.00
379 20000 20000 20000 20000 1.00 1.00 1.00 1.00 1.00 1.00 1.00 1.00
380 20000 20000 20000 20000 1.00 1.00 1.00 1.00 1.00 1.00 1.00 1.00
381 20000 20000 20000 20000 1.00 1.00 1.00 1.00 1.00 1.00 1.00 1.00
382 20000 20000 20000 20000 1.00 1.00 1.00 1.00 1.00 1.00 1.00 1.00
383 20000 20000 20000 20000 1.00 1.00 1.00 1.00 1.00 1.00 1.00 1.00
384 20000 20000 20000 20000 1.00 1.00 1.00 1.00 1.00 1.00 1.00 1.00
385 20000 20000 20000 20000 1.00 1.00 1.00 1.00 1.00 1.00 1.00 1.00
386 20000 20000 20000 20000 1.00 1.00 1.00 1.00 1.00 1.00 1.00 1.00
387 20000 20000 20000 20000 1.00 1.00 1.00 1.00 1.00 1.00 1.00 1.00
388 20000 20000 20000 20000 1.00 1.00 1.00 1.00 1.00 1.00 1.00 1.00
389 20000 20000 20000 20000 1.00 1.00 1.00 1.00 1.00 1.00 1.00 1.00
390 20000 20000 20000 20000 1.00 1.00 1.00 1.00 1.00 1.00 1.00 1.00
391 20000 20000 20000 20000 1.00 1.00 1.00 1.00 1.00 1.00 1.00 1.00
392 20000 20000 20000 20000 1.00 1.00 1.00 1.00 1.00 1.00 1.00 1.00
393 20000 20000 20000 20000 1.00 1.00 1.00 1.00 1.00 1.00 1.00 1.00
394 20000 20000 20000 20000 1.00 1.00 1.00 1.00 1.00 1.00 1.00 1.00
395 20000 20000 20000 20000 1.00 1.00 1.00 1.00 1.00 1.00 1.00 1.00
396 20000 20000 20000 20000 1.00 1.00 1.00 1.00 1.00 1.00 1.00 1.00
397 20000 20000 20000 20000 1.00 1.00 1.00 1.00 1.00 1.00 1.00 1.00
398 20000 20000 20000 20000 1.00 1.00 1.00 1.00 1.00 1.00 1.00 1.00
399 20000 20000 20000 20000 1.00 1.00 1.00 1.00 1.00 1.00 1.00 1.00
400 20000 20000 20000 20000 1.00 1.00 1.00 1.00 1.00 1.00 1.00 1.00
401 20000 20000 20000 20000 1.00 1.00 1.00 1.00 1.00 1.00 1.00 1.00
402 20000 20000 20000 20000 1.00 1.00 1.00 1.00 1.00 1.00 1.00 1.00
403 20000 20000 20000 20000 1.00 1.00 1.00 1.00 1.00 1.00 1.00 1.00
404 20000 20000 20000 20000 1.00 1.00 1.00 1.00 1.00 1.00 1.00 1.00
405 20000 20000 20000 20000 1.00 1.00 1.00 1.00 1.00 1.00 1.00 1.00
406 20000 20000 20000 20000 1.00 1.00 1.00 1.00 1.00 1.00 1.00 1.00
407 20000 20000 20000 20000 1.00 1.00 1.00 1.00 1.00 1.00 1.00 1.00
408 20000 20000 20000 20000 1.00 1.00 1.00 1.00 1.00 1.00 1.00 1.00
409 20000 20000 20000 20000 1.00 1.00 1.00 1.00 1.00 1.00 1.00 1.00
410 20000 20000 20000 20000 1.00 1.00 1.00 1.00 1.00 1.00 1.00 1.00
411 20000 20000 20000 20000 1.00 1.00 1.00 1.00 1.00 1.00 1.00 1.00
412 20000 20000 20000 20000 1.00 1.00 1.00 1.00 1.00 1.00 1.00 1.00
413 20000 20000 20000 20000 1.00 1.00 1.00 1.00 1.00 1.00 1.00 1.00
414 20000 20000 20000 20000 1.00 1.00 1.00 1.00 1.00 1.00 1.00 1.00
415 20000 20000 20000 20000 1.00 1.00 1.00 1.00 1.00 1.00 1.00 1.00
416 20000 20000 20000 20000 1.00 1.00 1.00 1.00 1.00 1.00 1.00 1.00
417 20000 20000 20000 20000 1.00 1.00 1.00 1.00 1.00 1.00 1.00 1.00
418 20000 20000 20000 20000 1.00 1.00 1.00 1.00 1.00 1.00 1.00 1.00
419 20000 20000 20000 20000 1.00 1.00 1.00 1.00 1.00 1.00 1.00 1.00
420 20000 20000 20000 20000 1.00 1.00 1.00 1.00 1.00 1.00 1.00 1.00
421 20000 20000 20000 20000 1.00 1.00 1.00 1.00 1.00 1.00 1.00 1.00
422 20000 20000 20000 20000 1.00 1.00 1.00 1.00 1.00 1.00 1.00 1.00
423 20000 20000 20000 20000 1.00 1.00 1.00 1.00 1.00 1.00 1.00 1.00
424 20000 20000 20000 20000 1.00 1.00 1.00 1.00 1.00 1.00 1.00 1.00
425 20000 20000 20000 20000 1.00 1.00 1.00 1.00 1.00 1.00 1.00 1.00
426 20000 20000 20000 20000 1.00 1.00 1.00 1.00 1.00 1.00 1.00 1.00
427 20000 20000 20000 20000 1.00 1.00 1.00 1.00 1.00 1.00 1.00 1.00
428 20000 20000 20000 20000 1.00 1.00 1.00 1.00 1.00 1.00 1.00 1.00
429 20000 20000 20000 20000 1.00 1.00 1.00 1.00 1.00 1.00 1.00 1.00
430 20000 20000 20000 20000 1.00 1.00 1.00 1.00 1.00 1.00 1.00 1.00
431 20000 20000 20000 20000 1.00 1.00 1.00 1.00 1.00 1.00 1.00 1.00
432 20000 20000 20000 20000 1.00 1.00 1.00 1.00 1.00 1.00 1.00 1.00
433 20000 20000 20000 20000 1.00 1.00 1.00 1.00 1.00 1.00 1.00 1.00
434 20000 20000 20000 20000 1.00 1.00 1.00 1.00 1.00 1.00 1.00 1.00
435 20000 20000 20000 20000 1.00 1.00 1.00 1.00 1.00 1.00 1.00 1.00
436 20000 20000 20000 20000 1.00 1.00 1.00 1.00 1.00 1.00 1.00 1.00
437 20000 20000 20000 20000 1.00 1.00 1.00 1.00 1.00 1.00 1.00 1.00
438 20000 20000 20000 20000 1.00 1.00 1.00 1.00 1.00 1.00 1.00 1.00
439 20000 20000 20000 20000 1.00 1.00 1.00 1.00 1.00 1.00 1.00 1.00
440 20000 20000 20000 20000 1.00 1.00 1.00 1.00 1.00 1.00 1.00 1.00
441 20000 20000 20000 20000 1.00 1.00 1.00 1.00 1.00 1.00 1.00 1.00
442 20000 20000 20000 20000 1.00 1.00 1.00 1.00 1.00 1.00 1.00 1.00
443 20000 20000 20000 20000 1.00 1.00 1.00 1.00 1.00 1.00 1.00 1.00
444 20000 20000 20000 20000 1.00 1.00 1.00 1.00 1.00 1.00 1.00 1.00
445 20000 20000 20000 20000 1.00 1.00 1.00 1.00 1.00 1.00 1.00 1.00
446 20000 20000 20000 20000 1.00 1.00 1.00 1.00 1.00 1.00 1.00 1.00
447 20000 20000 20000 20000 1.00 1.00 1.00 1.00 1.00 1.00 1.00 1.00
448 20000 20000 20000 20000 1.00 1.00 1.00 1.00 1.00 1.00 1.00 1.00
449 20000 20000 20000 20000 1.00 1.00 1.00 1.00 1.00 1.00 1.00 1.00
450 20000 20000 20000 20000 1.00 1.00 1.00 1.00 1.00 1.00 1.00 1.00
451 20000 20000 20000 20000 1.00 1.00 1.00 1.00 1.00 1.00 1.00 1.00
452 20000 20000 20000 20000 1.00 1.00 1.00 1.00 1.00 1.00 1.00 1.00
453 20000 20000 20020 20000 .68 .68 .68 .68 .75 .75 .75 .75
454 20000 20000 20020 20000 .68 .68 .68 .68 .75 .75 .75 .75
455 20000 20000 20020 20000 .68 .68 .68 .68 .75 .75 .75 .75
456 20000 20000 20020 20000 .68 .68 .68 .68 .75 .75 .75 .75
457 20000 20000 20020 20000 .68 .68 .68 .68 .75 .75 .75 .75
458 20000 20000 20020 20000 .68 .68 .68 .68 .75 .75 .75 .75
459 20000 20000 20020 20000 .68 .68 .68 .68 .75 .75 .75 .75
460 20000 20000 20020 20000 .68 .68 .68 .68 .75 .75 .75 .75
461 20000 20000 20020 20000 .68 .68 .68 .68 .75 .75 .75 .75
462 20000 20000 20020 20000 .68 .68 .68 .68 .75 .75 .75 .75
463 20000 20000 20020 20000 .68 .68 .68 .68 .75 .75 .75 .75
464 20000 20000 20020 20000 .68 .68 .68 .68 .75 .75 .75 .75
465 20000 20000 20020 20000 .68 .68 .68 .68 .75 .75 .75 .75
466 20000 20000 20020 20000 .68 .68 .68 .68 .75 .75 .75 .75
467 20000 20000 20020 20000 .68 .68 .68 .68 .75 .75 .75 .75
468 20000 20000 20020 20000 .68 .68 .68 .68 .75 .75 .75 .75
469 20000 20000 20020 20000 .68 .68 .68 .68 .75 .75 .75 .75
470 20000 20000 20020 20000 .68 .68 .68 .68 .75 .75 .75 .75
471 20000 20000 20020 20000 .68 .68 .68 .68 .75 .75 .75 .75
472 20000 20000 20020 20000 .68 .68 .68 .68 .75 .75 .75 .75
473 20000 20000 20020 20000 .68 .68 .68 .68 .75 .75 .75 .75
474 20000 20000 20020 20000 .68 .68 .68 .68 .75 .75 .75 .75
475 20000 20000 20020 20000 .68 .68 .68 .68 .75 .75 .75 .75
476 20000 20000 20020 20000 .68 .68 .68 .68 .75 .75 .75 .75
477 20000 20000 20020 20000 .68 .68 .68 .68 .75 .75 .75 .75
478 20000 20000 20020 20000 .68 .68 .68 .68 .75 .75 .75 .75
479 20000 20000 20020 20000 .68 .68 .68 .68 .75 .75 .75 .75
480 20000 20000 20020 20000 .68 .68 .68 .68 .75 .75 .75 .75
481 20000 20000 20020 20000 .68 .68 .68 .68 .75 .75 .75 .75
482 20000 20000 20020 20000 .68 .68 .68 .68 .75 .75 .75 .75
483 20000 20000 20020 20000 .68 .68 .68 .68 .75 .75 .75 .75
484 20000 20000 20020 20000 .68 .68 .68 .68 .75 .75 .75 .75
485 20000 20000 20020 20000 .68 .68 .68 .68 .75 .75 .75 .75
486 20000 20000 20020 20000 .68 .68 .68 .68 .75 .75 .75 .75
487 20000 20000 20020 20000 .68 .68 .68 .68 .75 .75 .75 .75
488 20000 20000 20020 20000 .68 .68 .68 .68 .75 .75 .75 .75
489 20000 20000 20020 20000 .68 .68 .68 .68 .75 .75 .75 .75
490 20000 20000 20020 20000 .68 .68 .68 .68 .75 .75 .75 .75
491 20000 20000 20020 20000 .68 .68 .68 .68 .75 .75 .75 .75
492 20000 20000 20020 20000 .68 .68 .68 .68 .75 .75 .75 .75
493 20000 20000 20020 20000 .68 .68 .68 .68 .75 .75 .75 .75
494 20000 20000 20020 20000 .68 .68 .68 .68 .75 .75 .75 .75
495 20000 20000 20020 20000 .68 .68 .68 .68 .75 .75 .75 .75
496 20000 20000 20020 20000 .68 .68 .68 .68 .75 .75 .75 .75
497 20000 20000 20020 20000 .68 .68 .68 .68 .75 .75 .75 .75
498 20000 20000 20020 20000 .68 .68 .68 .68 .75 .75 .75 .75
499 20000 20000 20020 20000 .68 .68 .68 .68 .75 .75 .75 .75
500 20000 20000 20020 20000 .68 .68 .68 .68 .75 .75 .75 .75
501 20000 20000 20020 20000 .68 .68 .68 .68 .75 .75 .75 .75
502 20000 20000 20020 20000 .68 .68 .68 .68 .75 .75 .75 .75
503 20000 20000 20020 20000 .68 .68 .68 .68 .75 .75 .75 .75
504 20000 20000 20020 20000 .68 .68 .68 .68 .75 .75 .75 .75
505 20000 20000 20020 20000 .68 .68 .68 .68 .75 .75 .75 .75
506 20000 20000 20020 20000 .68 .68 .68 .68 .75 .75 .75 .75
507 20000 20000 20020 20000 .68 .68 .68 .68 .75 .75 .75 .75
508 20000 20000 20020 20000 .68 .68 .68 .68 .75 .75 .75 .75
509 20000 20000 20020 20000 .68 .68 .68 .68 .75 .75 .75 .75
510 20000 20000 20020 20000 .68 .68 .68 .68 .75 .75 .75 .75
511 20000 20000 20020 20000 .68 .68 .68 .68 .75 .75 .75 .75
512 20000 20000 20020 20000 .68 .68 .68 .68 .75 .75 .75 .75
513 20000 20000 20020 20000 .68 .68 .68 .68 .75 .75 .75 .75
514 20000 20000 20020 20000 .68 .68 .68 .68 .75 .75 .75 .75
515 20000 20000 20020 20000 .68 .68 .68 .68 .75 .75 .75 .75
516 20000 20000 20020 20000 .68 .68 .68 .68 .75 .75 .75 .75
517 20000 20000 20020 20000 .68 .68 .68 .68 .75 .75 .75 .75
518 20000 20000 20020 20000 .68 .68 .68 .68 .75 .75 .75 .75
519 20000 20000 20020 20000 .68 .68 .68 .68 .75 .75 .75 .75
520 20000 20000 20020 20000 .68 .68 .68 .68 .75 .75 .75 .75
521 20000 20000 20020 20000 .68 .68 .68 .68 .75 .75 .75 .75
522 20000 20000 20020 20000 .68 .68 .68 .68 .75 .75 .75 .75
523 20000 20000 20020 20000 .68 .68 .68 .68 .75 .75 .75 .75
524 20000 20000 20020 20000 .68 .68 .68 .68 .75 .75 .75 .75
525 20000 20000 20020 20000 .68 .68 .68 .68 .75 .75 .75 .75
526 20000 20000 20020 20000 .68 .68 .68 .68 .75 .75 .75 .75
527 20000 20000 20020 20000 .68 .68 .68 .68 .75 .75 .75 .75
528 20000 20000 20020 20000 .68 .68 .68 .68 .75 .75 .75 .75
529 20000 20000 20020 20000 .68 .68 .68 .68 .75 .75 .75 .75
530 20000 20000 20020 20000 .68 .68 .68 .68 .75 .75 .75 .75
531 20000 20000 20020 20000 .68 .68 .68 .68 .75 .75 .75 .75
532 20000 20000 20020 20000 .68 .68 .68 .68 .75 .75 .75 .75
533 20000 20000 20020 20000 .68 .68 .68 .68 .75 .75 .75 .75
534 20000 20000 20020 20000 .68 .68 .68 .68 .75 .75 .75 .75
535 20000 20000 20020 20000 .68 .68 .68 .68 .75 .75 .75 .75
536 20000 20000 20020 20000 .68 .68 .68 .68 .75 .75 .75 .75
537 20000 20000 20020 20000 .68 .68 .68 .68 .75 .75 .75 .75
538 20000 20000 20020 20000 .68 .68 .68 .68 .75 .75 .75 .75
539 20000 20000 20020 20000 .68 .68 .68 .68 .75 .75 .75 .75
540 20200 20200 20020 20200 .48 .48 .48 .48 .60 .60 .60 .60
541 20200 20200 20020 20200 .48 .48 .48 .48 .60 .60 .60 .60
542 20200 20200 20020 20200 .48 .48 .48 .48 .60 .60 .60 .60
543 20200 20200 02020 20200 -0.04 -0.04 -0.04 -0.04 .21 .21 .21 .21
544 20200 20200 02020 20200 -0.04 -0.04 -0.04 -0.04 .21 .21 .21 .21
545 20200 20200 02020 20200 -0.04 -0.04 -0.04 -0.04 .21 .21 .21 .21
546 20200 20200 02020 20200 -0.04 -0.04 -0.04 -0.04 .21 .21 .21 .21
547 20200 20200 02020 20200 -0.04 -0.04 -0.04 -0.04 .21 .21 .21 .21
548 20200 20200 02020 20200 -0.04 -0.04 -0.04 -0.04 .21 .21 .21 .21
549 20200 20200 02020 20200 -0.04 -0.04 -0.04 -0.04 .21 .21 .21 .21
550 20200 20200 02020 20200 -0.04 -0.04 -0.04 -0.04 .21 .21 .21 .21
551 20200 20200 02020 20200 -0.04 -0.04 -0.04 -0.04 .21 .21 .21 .21
552 20200 20200 02020 20200 -0.04 -0.04 -0.04 -0.04 .21 .21 .21 .21
553 20200 20200 02020 20200 -0.04 -0.04 -0.04 -0.04 .21 .21 .21 .21
554 20200 20200 02020 20200 -0.04 -0.04 -0.04 -0.04 .21 .21 .21 .21
555 20200 20200 02020 20200 -0.04 -0.04 -0.04 -0.04 .21 .21 .21 .21
556 20200 20200 02020 20200 -0.04 -0.04 -0.04 -0.04 .21 .21 .21 .21
557 20200 20200 02020 20200 -0.04 -0.04 -0.04 -0.04 .21 .21 .21 .21
558 20200 20200 02020 20200 -0.04 -0.04 -0.04 -0.04 .21 .21 .21 .21
559 20200 20200 02020 20200 -0.04 -0.04 -0.04 -0.04 .21 .21 .21 .21
560 00200 00200 02020 00200 .05 .05 .05 .05 .24 .24 .24 .24
561 00200 00200 02020 00200 .05 .05 .05 .05 .24 .24 .24 .24
562 00200 00200 02020 00200 .05 .05 .05 .05 .24 .24 .24 .24
563 00200 00200 02020 00200 .05 .05 .05 .05 .24 .24 .24 .24
564 00200 00200 02020 00200 .05 .05 .05 .05 .24 .24 .24 .24
565 00200 00200 02020 00200 .05 .05 .05 .05 .24 .24 .24 .24
