0 00002 00002 00000 00002 .46 .46 .46 .46 .63 .63 .63 .63
1 00002 00002 00000 00002 .46 .46 .46 .46 .63 .63 .63 .63
2 00002 00002 00000 00002 .46 .46 .46 .46 .63 .63 .63 .63
3 00002 00002 00000 00002 .46 .46 .46 .46 .63 .63 .63 .63
4 00002 00002 00000 00002 .46 .46 .46 .46 .63 .63 .63 .63
5 00002 00002 00000 00002 .46 .46 .46 .46 .63 .63 .63 .63
6 00002 00002 00000 00002 .46 .46 .46 .46 .63 .63 .63 .63
7 00002 00002 00000 00002 .46 .46 .46 .46 .63 .63 .63 .63
8 00002 00002 00000 00002 .46 .46 .46 .46 .63 .63 .63 .63
9 00002 00002 00000 00002 .46 .46 .46 .46 .63 .63 .63 .63
10 00002 00002 00000 00002 .46 .46 .46 .46 .63 .63 .63 .63
11 00002 00002 00000 00002 .46 .46 .46 .46 .63 .63 .63 .63
12 00002 00002 00000 00002 .46 .46 .46 .46 .63 .63 .63 .63
13 00002 00002 00000 00002 .46 .46 .46 .46 .63 .63 .63 .63
14 00002 00002 00000 00002 .46 .46 .46 .46 .63 .63 .63 .63
15 00002 00002 00000 00002 .46 .46 .46 .46 .63 .63 .63 .63
16 00002 00002 00000 00002 .46 .46 .46 .46 .63 .63 .63 .63
17 00002 00002 00000 00002 .46 .46 .46 .46 .63 .63 .63 .63
18 00002 00002 00000 00002 .46 .46 .46 .46 .63 .63 .63 .63
19 00002 00002 00000 00002 .46 .46 .46 .46 .63 .63 .63 .63
20 00002 00002 00000 00002 .46 .46 .46 .46 .63 .63 .63 .63
21 00002 00002 00000 00002 .46 .46 .46 .46 .63 .63 .63 .63
22 00002 00002 00000 00002 .46 .46 .46 .46 .63 .63 .63 .63
23 00002 00002 00000 00002 .46 .46 .46 .46 .63 .63 .63 .63
24 00002 00002 00000 00002 .46 .46 .46 .46 .63 .63 .63 .63
25 00002 00002 00000 00002 .46 .46 .46 .46 .63 .63 .63 .63
26 00002 00002 00000 00002 .46 .46 .46 .46 .63 .63 .63 .63
27 00002 00002 00000 00002 .46 .46 .46 .46 .63 .63 .63 .63
28 00002 00002 00000 00002 .46 .46 .46 .46 .63 .63 .63 .63
29 00002 00002 00000 00002 .46 .46 .46 .46 .63 .63 .63 .63
30 00002 00002 00000 00002 .46 .46 .46 .46 .63 .63 .63 .63
31 00002 00002 00000 00002 .46 .46 .46 .46 .63 .63 .63 .63
32 00002 00002 00000 00002 .46 .46 .46 .46 .63 .63 .63 .63
33 00002 00002 00000 00002 .46 .46 .46 .46 .63 .63 .63 .63
34 00002 00002 00000 00002 .46 .46 .46 .46 .63 .63 .63 .63
35 00002 00002 00000 00002 .46 .46 .46 .46 .63 .63 .63 .63
36 00002 00002 00000 00002 .46 .46 .46 .46 .63 .63 .63 .63
37 00002 00002 00000 00002 .46 .46 .46 .46 .63 .63 .63 .63
38 00002 00002 00000 00002 .46 .46 .46 .46 .63 .63 .63 .63
39 00002 00002 00000 00002 .46 .46 .46 .46 .63 .63 .63 .63
40 00002 00002 00000 00002 .46 .46 .46 .46 .63 .63 .63 .63
41 00002 00002 00000 00002 .46 .46 .46 .46 .63 .63 .63 .63
42 00002 00002 00000 00002 .46 .46 .46 .46 .63 .63 .63 .63
43 00002 00002 00000 00002 .46 .46 .46 .46 .63 .63 .63 .63
44 00002 00002 00000 00002 .46 .46 .46 .46 .63 .63 .63 .63
45 00002 00002 00000 00002 .46 .46 .46 .46 .63 .63 .63 .63
46 00002 00002 00000 00002 .46 .46 .46 .46 .63 .63 .63 .63
47 00002 00002 00000 00002 .46 .46 .46 .46 .63 .63 .63 .63
48 00002 00002 00000 00002 .46 .46 .46 .46 .63 .63 .63 .63
49 00002 00002 00000 00002 .46 .46 .46 .46 .63 .63 .63 .63
50 00002 00002 00000 00002 .46 .46 .46 .46 .63 .63 .63 .63
51 00002 00002 00000 00002 .46 .46 .46 .46 .63 .63 .63 .63
52 00002 00002 00000 00002 .46 .46 .46 .46 .63 .63 .63 .63
53 00002 00002 00000 00002 .46 .46 .46 .46 .63 .63 .63 .63
54 00002 00002 00000 00002 .46 .46 .46 .46 .63 .63 .63 .63
55 00002 00002 00000 00002 .46 .46 .46 .46 .63 .63 .63 .63
56 00002 00002 00000 00002 .46 .46 .46 .46 .63 .63 .63 .63
57 00002 00002 00000 00002 .46 .46 .46 .46 .63 .63 .63 .63
58 00002 00002 00000 00002 .46 .46 .46 .46 .63 .63 .63 .63
59 00002 00002 00000 00002 .46 .46 .46 .46 .63 .63 .63 .63
60 00002 04002 00000 00002 .26 .17 .05 .23 .43 .35 .17 .41
61 00002 04002 00000 00002 .26 .17 .05 .23 .43 .35 .17 .41
62 00002 04002 00000 00002 .26 .17 .05 .23 .43 .35 .17 .41
63 00002 04002 00000 00002 .26 .17 .05 .23 .43 .35 .17 .41
64 00002 04002 00000 00002 .26 .17 .05 .23 .43 .35 .17 .41
65 00002 04002 00000 00002 .26 .17 .05 .23 .43 .35 .17 .41
66 00002 04002 00000 00002 .26 .17 .05 .23 .43 .35 .17 .41
67 00002 04002 00000 00002 .26 .17 .05 .23 .43 .35 .17 .41
68 00002 04002 00000 00002 .26 .17 .05 .23 .43 .35 .17 .41
69 00002 04002 00000 00002 .26 .17 .05 .23 .43 .35 .17 .41
70 00002 04002 00000 00002 .26 .17 .05 .23 .43 .35 .17 .41
71 00002 04002 00000 00002 .26 .17 .05 .23 .43 .35 .17 .41
72 00002 04002 00000 00002 .26 .17 .05 .23 .43 .35 .17 .41
73 00002 04002 00000 00002 .26 .17 .05 .23 .43 .35 .17 .41
74 00002 04002 00000 00002 .26 .17 .05 .23 .43 .35 .17 .41
75 00002 04002 00000 00002 .26 .17 .05 .23 .43 .35 .17 .41
76 00002 04002 00000 00002 .26 .17 .05 .23 .43 .35 .17 .41
77 00002 04002 00000 00002 .26 .17 .05 .23 .43 .35 .17 .41
78 00002 04002 00000 00002 .26 .17 .05 .23 .43 .35 .17 .41
79 00002 04002 00000 00002 .26 .17 .05 .23 .43 .35 .17 .41
80 00002 04002 00000 00002 .26 .17 .05 .23 .43 .35 .17 .41
81 00002 04002 00000 00002 .26 .17 .05 .23 .43 .35 .17 .41
82 00002 04002 00000 00002 .26 .17 .05 .23 .43 .35 .17 .41
83 00002 04002 00000 00002 .26 .17 .05 .23 .43 .35 .17 .41
84 00002 04002 00000 00002 .26 .17 .05 .23 .43 .35 .17 .41
85 00002 04002 00000 00002 .26 .17 .05 .23 .43 .35 .17 .41
86 00002 04002 00000 00002 .26 .17 .05 .23 .43 .35 .17 .41
87 00002 04002 00000 00002 .26 .17 .05 .23 .43 .35 .17 .41
88 00002 04002 00000 00002 .26 .17 .05 .23 .43 .35 .17 .41
89 00002 04002 00000 00002 .26 .17 .05 .23 .43 .35 .17 .41
90 00002 00002 00000 00002 .46 .46 .46 .46 .63 .63 .63 .63
91 00002 00002 00000 00002 .46 .46 .46 .46 .63 .63 .63 .63
92 00002 00002 00000 00002 .46 .46 .46 .46 .63 .63 .63 .63
93 00002 00002 00000 00002 .46 .46 .46 .46 .63 .63 .63 .63
94 00002 00002 00000 00002 .46 .46 .46 .46 .63 .63 .63 .63
95 00002 00002 00000 00002 .46 .46 .46 .46 .63 .63 .63 .63
96 00002 00002 00000 00002 .46 .46 .46 .46 .63 .63 .63 .63
97 00002 00002 00000 00002 .46 .46 .46 .46 .63 .63 .63 .63
98 00002 00002 00000 00002 .46 .46 .46 .46 .63 .63 .63 .63
99 00002 00002 00000 00002 .46 .46 .46 .46 .63 .63 .63 .63
100 00002 00002 00000 00002 .46 .46 .46 .46 .63 .63 .63 .63
101 00002 00002 00000 00002 .46 .46 .46 .46 .63 .63 .63 .63
102 00002 00002 00000 00002 .46 .46 .46 .46 .63 .63 .63 .63
103 00002 00002 00000 00002 .46 .46 .46 .46 .63 .63 .63 .63
104 00002 00002 00000 00002 .46 .46 .46 .46 .63 .63 .63 .63
105 00002 00002 00000 00002 .46 .46 .46 .46 .63 .63 .63 .63
106 00002 00002 00000 00002 .46 .46 .46 .46 .63 .63 .63 .63
107 00002 00002 00000 00002 .46 .46 .46 .46 .63 .63 .63 .63
108 00002 00002 00000 00002 .46 .46 .46 .46 .63 .63 .63 .63
109 00002 00002 00000 00002 .46 .46 .46 .46 .63 .63 .63 .63
110 00002 00002 00000 00002 .46 .46 .46 .46 .63 .63 .63 .63
111 00002 00002 00000 00002 .46 .46 .46 .46 .63 .63 .63 .63
112 00002 00002 00000 00002 .46 .46 .46 .46 .63 .63 .63 .63
113 00002 00002 00000 00002 .46 .46 .46 .46 .63 .63 .63 .63
114 00002 00002 00000 00002 .46 .46 .46 .46 .63 .63 .63 .63
115 00002 00002 00000 00002 .46 .46 .46 .46 .63 .63 .63 .63
116 00002 00002 00000 00002 .46 .46 .46 .46 .63 .63 .63 .63
117 00002 00002 00000 00002 .46 .46 .46 .46 .63 .63 .63 .63
118 00002 00002 00000 00002 .46 .46 .46 .46 .63 .63 .63 .63
119 00002 00002 00000 00002 .46 .46 .46 .46 .63 .63 .63 .63
120 00002 00002 00000 00002 .46 .46 .46 .46 .63 .63 .63 .63
121 00002 00002 00000 00002 .46 .46 .46 .46 .63 .63 .63 .63
122 00002 00002 00000 00002 .46 .46 .46 .46 .63 .63 .63 .63
123 00002 00002 00000 00002 .46 .46 .46 .46 .63 .63 .63 .63
124 00002 00002 00000 00002 .46 .46 .46 .46 .63 .63 .63 .63
125 00002 00002 00000 00002 .46 .46 .46 .46 .63 .63 .63 .63
126 00002 00002 00000 00002 .46 .46 .46 .46 .63 .63 .63 .63
127 00002 00002 00000 00002 .46 .46 .46 .46 .63 .63 .63 .63
128 00002 00002 00000 00002 .46 .46 .46 .46 .63 .63 .63 .63
129 00002 00002 00000 00002 .46 .46 .46 .46 .63 .63 .63 .63
130 00002 00002 00000 00002 .46 .46 .46 .46 .63 .63 .63 .63
131 00002 00002 00000 00002 .46 .46 .46 .46 .63 .63 .63 .63
132 00002 00002 00000 00002 .46 .46 .46 .46 .63 .63 .63 .63
133 00002 00002 00000 00002 .46 .46 .46 .46 .63 .63 .63 .63
134 00002 00002 00000 00002 .46 .46 .46 .46 .63 .63 .63 .63
135 00002 00002 00000 00002 .46 .46 .46 .46 .63 .63 .63 .63
136 00002 00002 00000 00002 .46 .46 .46 .46 .63 .63 .63 .63
137 00002 00002 00000 00002 .46 .46 .46 .46 .63 .63 .63 .63
138 00002 00002 00000 00002 .46 .46 .46 .46 .63 .63 .63 .63
139 00002 00002 00000 00002 .46 .46 .46 .46 .63 .63 .63 .63
140 00002 00002 00000 00002 .46 .46 .46 .46 .63 .63 .63 .63
141 00002 00002 00000 00002 .46 .46 .46 .46 .63 .63 .63 .63
142 00002 00002 00000 00002 .46 .46 .46 .46 .63 .63 .63 .63
143 00002 00002 00000 00002 .46 .46 .46 .46 .63 .63 .63 .63
144 00002 00002 00000 00002 .46 .46 .46 .46 .63 .63 .63 .63
145 00002 00002 00000 00002 .46 .46 .46 .46 .63 .63 .63 .63
146 00002 00002 00000 00002 .46 .46 .46 .46 .63 .63 .63 .63
147 00002 00002 00000 00002 .46 .46 .46 .46 .63 .63 .63 .63
148 00002 00002 00000 00002 .46 .46 .46 .46 .63 .63 .63 .63
149 00002 00002 00000 00002 .46 .46 .46 .46 .63 .63 .63 .63
150 00002 00002 00000 00002 .46 .46 .46 .46 .63 .63 .63 .63
151 00002 00002 00000 00002 .46 .46 .46 .46 .63 .63 .63 .63
152 00002 00002 00000 00002 .46 .46 .46 .46 .63 .63 .63 .63
153 00002 00002 00000 00002 .46 .46 .46 .46 .63 .63 .63 .63
154 00002 00002 00000 00002 .46 .46 .46 .46 .63 .63 .63 .63
155 00002 00002 00000 00002 .46 .46 .46 .46 .63 .63 .63 .63
156 00002 00002 00000 00002 .46 .46 .46 .46 .63 .63 .63 .63
157 00002 00002 00000 00002 .46 .46 .46 .46 .63 .63 .63 .63
158 00002 00002 00000 00002 .46 .46 .46 .46 .63 .63 .63 .63
159 00002 00002 00000 00002 .46 .46 .46 .46 .63 .63 .63 .63
160 00002 00002 00000 00002 .46 .46 .46 .46 .63 .63 .63 .63
161 00002 00002 00000 00002 .46 .46 .46 .46 .63 .63 .63 .63
162 00002 00002 00000 00002 .46 .46 .46 .46 .63 .63 .63 .63
163 00002 00002 00000 00002 .46 .46 .46 .46 .63 .63 .63 .63
164 00002 00002 00000 00002 .46 .46 .46 .46 .63 .63 .63 .63
165 00002 00002 00000 00002 .46 .46 .46 .46 .63 .63 .63 .63
166 00002 00002 00000 00002 .46 .46 .46 .46 .63 .63 .63 .63
167 00002 00002 00000 00002 .46 .46 .46 .46 .63 .63 .63 .63
168 00002 00002 00000 00002 .46 .46 .46 .46 .63 .63 .63 .63
169 00002 00002 00000 00002 .46 .46 .46 .46 .63 .63 .63 .63
170 00002 00002 00000 00002 .46 .46 .46 .46 .63 .63 .63 .63
171 00002 00002 00000 00002 .46 .46 .46 .46 .63 .63 .63 .63
172 00002 00002 00000 00002 .46 .46 .46 .46 .63 .63 .63 .63
173 00002 00002 00000 00002 .46 .46 .46 .46 .63 .63 .63 .63
174 00002 00002 00000 00002 .46 .46 .46 .46 .63 .63 .63 .63
175 00002 00002 00000 00002 .46 .46 .46 .46 .63 .63 .63 .63
176 00002 00002 00000 00002 .46 .46 .46 .46 .63 .63 .63 .63
177 00002 00002 00000 00002 .46 .46 .46 .46 .63 .63 .63 .63
178 00002 00002 00000 00002 .46 .46 .46 .46 .63 .63 .63 .63
179 00002 00002 00000 00002 .46 .46 .46 .46 .63 .63 .63 .63
180 00002 00002 00000 00002 .46 .46 .46 .46 .63 .63 .63 .63
181 00002 00002 00000 00002 .46 .46 .46 .46 .63 .63 .63 .63
182 00002 00002 00000 00002 .46 .46 .46 .46 .63 .63 .63 .63
183 00002 00002 00000 00002 .46 .46 .46 .46 .63 .63 .63 .63
184 00002 00002 00000 00002 .46 .46 .46 .46 .63 .63 .63 .63
185 00002 00002 00000 00002 .46 .46 .46 .46 .63 .63 .63 .63
186 00002 00002 00000 00002 .46 .46 .46 .46 .63 .63 .63 .63
187 00002 00002 00000 00002 .46 .46 .46 .46 .63 .63 .63 .63
188 00002 00002 00000 00002 .46 .46 .46 .46 .63 .63 .63 .63
189 00002 00002 00000 00002 .46 .46 .46 .46 .63 .63 .63 .63
190 00002 00002 00000 00002 .46 .46 .46 .46 .63 .63 .63 .63
191 00002 00002 00000 00002 .46 .46 .46 .46 .63 .63 .63 .63
192 00002 00002 00000 00002 .46 .46 .46 .46 .63 .63 .63 .63
193 00002 00002 00000 00002 .46 .46 .46 .46 .63 .63 .63 .63
194 00002 00002 00000 00002 .46 .46 .46 .46 .63 .63 .63 .63
195 00002 00002 00000 00002 .46 .46 .46 .46 .63 .63 .63 .63
196 00002 00002 00000 00002 .46 .46 .46 .46 .63 .63 .63 .63
197 00002 00002 00000 00002 .46 .46 .46 .46 .63 .63 .63 .63
198 00002 00002 00000 00002 .46 .46 .46 .46 .63 .63 .63 .63
199 00002 00002 00020 00002 .22 .22 .22 .22 .41 .41 .41 .41
200 00002 00002 00020 00002 .22 .22 .22 .22 .41 .41 .41 .41
201 00002 00002 00020 00002 .22 .22 .22 .22 .41 .41 .41 .41
202 00002 00002 00020 00002 .22 .22 .22 .22 .41 .41 .41 .41
203 00002 00002 00020 00002 .22 .22 .22 .22 .41 .41 .41 .41
204 00002 00002 00020 00002 .22 .22 .22 .22 .41 .41 .41 .41
205 00002 00002 00020 00002 .22 .22 .22 .22 .41 .41 .41 .41
206 00002 00002 00020 00002 .22 .22 .22 .22 .41 .41 .41 .41
207 00002 00002 00020 00002 .22 .22 .22 .22 .41 .41 .41 .41
208 00002 00002 00020 00002 .22 .22 .22 .22 .41 .41 .41 .41
209 00002 00002 00020 00002 .22 .22 .22 .22 .41 .41 .41 .41
210 00002 00002 00020 00002 .22 .22 .22 .22 .41 .41 .41 .41
211 00002 00002 00020 00002 .22 .22 .22 .22 .41 .41 .41 .41
212 00002 00002 00020 00002 .22 .22 .22 .22 .41 .41 .41 .41
213 00002 00002 00020 00002 .22 .22 .22 .22 .41 .41 .41 .41
214 00002 00002 00200 00002 .22 .22 .22 .22 .41 .41 .41 .41
215 00002 00002 00200 00002 .22 .22 .22 .22 .41 .41 .41 .41
216 00002 00002 00200 00002 .22 .22 .22 .22 .41 .41 .41 .41
217 00002 00002 00200 00002 .22 .22 .22 .22 .41 .41 .41 .41
218 00002 00002 00200 00002 .22 .22 .22 .22 .41 .41 .41 .41
219 00002 00002 00200 00002 .22 .22 .22 .22 .41 .41 .41 .41
220 00002 00002 00200 00002 .22 .22 .22 .22 .41 .41 .41 .41
221 00002 00002 00200 00002 .22 .22 .22 .22 .41 .41 .41 .41
222 00002 00002 00200 00002 .22 .22 .22 .22 .41 .41 .41 .41
223 00002 00002 00200 00002 .22 .22 .22 .22 .41 .41 .41 .41
224 00002 00002 00200 00002 .22 .22 .22 .22 .41 .41 .41 .41
225 00002 00002 00200 00002 .22 .22 .22 .22 .41 .41 .41 .41
226 00002 00002 00200 00002 .22 .22 .22 .22 .41 .41 .41 .41
227 00002 00002 00200 00002 .22 .22 .22 .22 .41 .41 .41 .41
228 00002 00002 00200 00002 .22 .22 .22 .22 .41 .41 .41 .41
229 00002 00002 00020 00002 .22 .22 .22 .22 .41 .41 .41 .41
230 00002 00002 00020 00002 .22 .22 .22 .22 .41 .41 .41 .41
231 00002 00002 00020 00002 .22 .22 .22 .22 .41 .41 .41 .41
232 00002 00002 00020 00002 .22 .22 .22 .22 .41 .41 .41 .41
233 00002 00002 00020 00002 .22 .22 .22 .22 .41 .41 .41 .41
234 00002 00002 00020 00002 .22 .22 .22 .22 .41 .41 .41 .41
235 00002 00002 00020 00002 .22 .22 .22 .22 .41 .41 .41 .41
236 00002 00002 00020 00002 .22 .22 .22 .22 .41 .41 .41 .41
237 00002 00002 00020 00002 .22 .22 .22 .22 .41 .41 .41 .41
238 00002 00002 00020 00002 .22 .22 .22 .22 .41 .41 .41 .41
239 00002 00002 00020 00002 .22 .22 .22 .22 .41 .41 .41 .41
240 00002 00002 00020 00002 .22 .22 .22 .22 .41 .41 .41 .41
241 00002 00002 00020 00002 .22 .22 .22 .22 .41 .41 .41 .41
242 00002 00002 00020 00002 .22 .22 .22 .22 .41 .41 .41 .41
243 00002 00002 00020 00002 .22 .22 .22 .22 .41 .41 .41 .41
244 00002 00002 00020 00002 .22 .22 .22 .22 .41 .41 .41 .41
245 00002 00002 00020 00002 .22 .22 .22 .22 .41 .41 .41 .41
246 00002 00002 00020 00002 .22 .22 .22 .22 .41 .41 .41 .41
247 00002 00002 00020 00002 .22 .22 .22 .22 .41 .41 .41 .41
248 00002 00002 00020 00002 .22 .22 .22 .22 .41 .41 .41 .41
249 00002 00002 00020 00002 .22 .22 .22 .22 .41 .41 .41 .41
250 00022 00002 00020 00022 .36 .36 .36 .36 .55 .55 .55 .55
251 00022 00002 00020 00022 .36 .36 .36 .36 .55 .55 .55 .55
252 00022 00002 00020 00022 .36 .36 .36 .36 .55 .55 .55 .55
253 00022 00002 00020 00022 .36 .36 .36 .36 .55 .55 .55 .55
254 00022 00002 00020 00022 .36 .36 .36 .36 .55 .55 .55 .55
255 00022 00002 00020 00022 .36 .36 .36 .36 .55 .55 .55 .55
256 00022 00002 00020 00022 .36 .36 .36 .36 .55 .55 .55 .55
257 00022 00002 00020 00022 .36 .36 .36 .36 .55 .55 .55 .55
258 00022 00002 00020 00022 .36 .36 .36 .36 .55 .55 .55 .55
259 00022 00002 00020 00022 .36 .36 .36 .36 .55 .55 .55 .55
260 00202 00202 00020 00202 .16 .16 .16 .16 .37 .37 .37 .37
261 00202 00202 00020 00202 .16 .16 .16 .16 .37 .37 .37 .37
262 00202 00202 00020 00202 .16 .16 .16 .16 .37 .37 .37 .37
263 00202 00202 00020 00202 .16 .16 .16 .16 .37 .37 .37 .37
264 00202 00202 00020 00202 .16 .16 .16 .16 .37 .37 .37 .37
265 00202 00202 00020 00202 .16 .16 .16 .16 .37 .37 .37 .37
266 00202 00202 00020 00202 .16 .16 .16 .16 .37 .37 .37 .37
267 00202 00202 00020 00202 .16 .16 .16 .16 .37 .37 .37 .37
268 00202 00202 00020 00202 .16 .16 .16 .16 .37 .37 .37 .37
269 00202 00202 00020 00202 .16 .16 .16 .16 .37 .37 .37 .37
270 00202 00202 00020 00202 .16 .16 .16 .16 .37 .37 .37 .37
271 00202 00202 00020 00202 .16 .16 .16 .16 .37 .37 .37 .37
272 00202 00202 00020 00202 .16 .16 .16 .16 .37 .37 .37 .37
273 00202 00202 00020 00202 .16 .16 .16 .16 .37 .37 .37 .37
274 00202 00202 00020 00202 .16 .16 .16 .16 .37 .37 .37 .37
275 00202 00202 00020 00202 .16 .16 .16 .16 .37 .37 .37 .37
276 00202 00202 00020 00202 .16 .16 .16 .16 .37 .37 .37 .37
277 00202 00202 00020 00202 .16 .16 .16 .16 .37 .37 .37 .37
278 00202 00202 00020 00202 .16 .16 .16 .16 .37 .37 .37 .37
279 00202 00202 00020 00202 .16 .16 .16 .16 .37 .37 .37 .37
280 00200 00200 00020 00200 .22 .22 .22 .22 .41 .41 .41 .41
281 00200 00200 00020 00200 .22 .22 .22 .22 .41 .41 .41 .41
282 00200 00200 00020 00200 .22 .22 .22 .22 .41 .41 .41 .41
283 00200 00200 00020 00200 .22 .22 .22 .22 .41 .41 .41 .41
284 00200 00200 00020 00200 .22 .22 .22 .22 .41 .41 .41 .41
285 00200 00200 00020 00200 .22 .22 .22 .22 .41 .41 .41 .41
286 00200 00200 00020 00200 .22 .22 .22 .22 .41 .41 .41 .41
287 00200 00200 00020 00200 .22 .22 .22 .22 .41 .41 .41 .41
288 00200 00200 00020 00200 .22 .22 .22 .22 .41 .41 .41 .41
289 00200 00200 00020 00200 .22 .22 .22 .22 .41 .41 .41 .41
290 00200 00200 00020 00200 .22 .22 .22 .22 .41 .41 .41 .41
291 00200 00200 00020 00200 .22 .22 .22 .22 .41 .41 .41 .41
292 00200 00200 00020 00200 .22 .22 .22 .22 .41 .41 .41 .41
293 00200 00200 00020 00200 .22 .22 .22 .22 .41 .41 .41 .41
294 00200 00200 00020 00200 .22 .22 .22 .22 .41 .41 .41 .41
295 00200 00200 00020 00200 .22 .22 .22 .22 .41 .41 .41 .41
296 00200 00200 00020 00200 .22 .22 .22 .22 .41 .41 .41 .41
297 00200 00200 00020 00200 .22 .22 .22 .22 .41 .41 .41 .41
298 00200 00200 00020 00200 .22 .22 .22 .22 .41 .41 .41 .41
299 00200 00200 00020 00200 .22 .22 .22 .22 .41 .41 .41 .41
300 00200 00200 00020 00200 .22 .22 .22 .22 .41 .41 .41 .41
301 00200 00200 00200 00200 1.00 1.00 1.00 1.00 1.00 1.00 1.00 1.00
302 00200 00200 00200 00200 1.00 1.00 1.00 1.00 1.00 1.00 1.00 1.00
303 00200 00200 00200 00200 1.00 1.00 1.00 1.00 1.00 1.00 1.00 1.00
304 00200 00200 00200 00200 1.00 1.00 1.00 1.00 1.00 1.00 1.00 1.00
305 00200 00200 00200 00200 1.00 1.00 1.00 1.00 1.00 1.00 1.00 1.00
306 00200 00200 00200 00200 1.00 1.00 1.00 1.00 1.00 1.00 1.00 1.00
307 00200 00200 00200 00200 1.00 1.00 1.00 1.00 1.00 1.00 1.00 1.00
308 00200 00200 00200 00200 1.00 1.00 1.00 1.00 1.00 1.00 1.00 1.00
309 00200 00200 00200 00200 1.00 1.00 1.00 1.00 1.00 1.00 1.00 1.00
310 00200 00200 00200 00200 1.00 1.00 1.00 1.00 1.00 1.00 1.00 1.00
311 00200 00200 00200 00200 1.00 1.00 1.00 1.00 1.00 1.00 1.00 1.00
312 00200 00200 00200 00200 1.00 1.00 1.00 1.00 1.00 1.00 1.00 1.00
313 00200 00200 00200 00200 1.00 1.00 1.00 1.00 1.00 1.00 1.00 1.00
314 00200 00200 00200 00200 1.00 1.00 1.00 1.00 1.00 1.00 1.00 1.00
315 00200 00200 00200 00200 1.00 1.00 1.00 1.00 1.00 1.00 1.00 1.00
316 00200 00200 00200 00200 1.00 1.00 1.00 1.00 1.00 1.00 1.00 1.00
317 00200 00200 00200 00200 1.00 1.00 1.00 1.00 1.00 1.00 1.00 1.00
318 00200 00200 00200 00200 1.00 1.00 1.00 1.00 1.00 1.00 1.00 1.00
319 00200 00200 00200 00200 1.00 1.00 1.00 1.00 1.00 1.00 1.00 1.00
320 00200 00200 00200 00200 1.00 1.00 1.00 1.00 1.00 1.00 1.00 1.00
321 00200 00200 00200 00200 1.00 1.00 1.00 1.00 1.00 1.00 1.00 1.00
322 00200 00200 00200 00200 1.00 1.00 1.00 1.00 1.00 1.00 1.00 1.00
323 00200 00200 00200 00200 1.00 1.00 1.00 1.00 1.00 1.00 1.00 1.00
324 00200 00200 00200 00200 1.00 1.00 1.00 1.00 1.00 1.00 1.00 1.00
325 00200 00200 00200 00200 1.00 1.00 1.00 1.00 1.00 1.00 1.00 1.00
326 00200 00200 00200 00200 1.00 1.00 1.00 1.00 1.00 1.00 1.00 1.00
327 00200 00200 00200 00200 1.00 1.00 1.00 1.00 1.00 1.00 1.00 1.00
328 00200 00200 00200 00200 1.00 1.00 1.00 1.00 1.00 1.00 1.00 1.00
329 00200 00200 00200 00200 1.00 1.00 1.00 1.00 1.00 1.00 1.00 1.00
330 00200 00200 00200 00200 1.00 1.00 1.00 1.00 1.00 1.00 1.00 1.00
331 00200 00200 00000 00200 .46 .46 .46 .46 .63 .63 .63 .63
332 00200 00200 00000 00200 .46 .46 .46 .46 .63 .63 .63 .63
333 00200 00200 00000 00200 .46 .46 .46 .46 .63 .63 .63 .63
334 00200 00200 00000 00200 .46 .46 .46 .46 .63 .63 .63 .63
335 00200 00200 00000 00200 .46 .46 .46 .46 .63 .63 .63 .63
336 00200 00200 00000 00200 .46 .46 .46 .46 .63 .63 .63 .63
337 00200 00200 00000 00200 .46 .46 .46 .46 .63 .63 .63 .63
338 00200 00200 00000 00200 .46 .46 .46 .46 .63 .63 .63 .63
339 00200 00200 00000 00200 .46 .46 .46 .46 .63 .63 .63 .63
340 00200 00200 00000 00200 .46 .46 .46 .46 .63 .63 .63 .63
341 00200 00200 00000 00200 .46 .46 .46 .46 .63 .63 .63 .63
342 00200 00200 00000 00200 .46 .46 .46 .46 .63 .63 .63 .63
343 00200 00200 00000 00200 .46 .46 .46 .46 .63 .63 .63 .63
344 00200 00200 00000 00200 .46 .46 .46 .46 .63 .63 .63 .63
345 00200 00200 00000 00200 .46 .46 .46 .46 .63 .63 .63 .63
346 00200 00200 02000 00200 .22 .22 .22 .22 .41 .41 .41 .41
347 00200 00200 02000 00200 .22 .22 .22 .22 .41 .41 .41 .41
348 00200 00200 02000 00200 .22 .22 .22 .22 .41 .41 .41 .41
349 00200 00200 02000 00200 .22 .22 .22 .22 .41 .41 .41 .41
350 00200 00200 02000 00200 .22 .22 .22 .22 .41 .41 .41 .41
351 00200 00200 02000 00200 .22 .22 .22 .22 .41 .41 .41 .41
352 00200 00200 02000 00200 .22 .22 .22 .22 .41 .41 .41 .41
353 00200 00200 02000 00200 .22 .22 .22 .22 .41 .41 .41 .41
354 00200 00200 02000 00200 .22 .22 .22 .22 .41 .41 .41 .41
355 00200 00200 02000 00200 .22 .22 .22 .22 .41 .41 .41 .41
356 00200 00200 02000 00200 .22 .22 .22 .22 .41 .41 .41 .41
357 00200 00200 02000 00200 .22 .22 .22 .22 .41 .41 .41 .41
358 00200 00200 02000 00200 .22 .22 .22 .22 .41 .41 .41 .41
359 00200 00200 02000 00200 .22 .22 .22 .22 .41 .41 .41 .41
360 02200 00200 02000 02200 .36 .36 .36 .36 .55 .55 .55 .55
361 02200 00200 02000 02200 .36 .36 .36 .36 .55 .55 .55 .55
362 02200 00200 02000 02200 .36 .36 .36 .36 .55 .55 .55 .55
363 02200 00200 02000 02200 .36 .36 .36 .36 .55 .55 .55 .55
364 02200 00200 02000 02200 .36 .36 .36 .36 .55 .55 .55 .55
365 02200 00200 02000 02200 .36 .36 .36 .36 .55 .55 .55 .55
366 02200 00200 02000 02200 .36 .36 .36 .36 .55 .55 .55 .55
367 02200 00200 02000 02200 .36 .36 .36 .36 .55 .55 .55 .55
368 02200 00200 02000 02200 .36 .36 .36 .36 .55 .55 .55 .55
369 02200 00200 02000 02200 .36 .36 .36 .36 .55 .55 .55 .55
370 02200 00200 02000 02200 .36 .36 .36 .36 .55 .55 .55 .55
371 02200 00200 02000 02200 .36 .36 .36 .36 .55 .55 .55 .55
372 02200 00200 02000 02200 .36 .36 .36 .36 .55 .55 .55 .55
373 02200 00200 02000 02200 .36 .36 .36 .36 .55 .55 .55 .55
374 02200 00200 02000 02200 .36 .36 .36 .36 .55 .55 .55 .55
375 02200 00200 02000 02200 .36 .36 .36 .36 .55 .55 .55 .55
376 02200 00200 02000 02200 .36 .36 .36 .36 .55 .55 .55 .55
377 02200 00200 02000 02200 .36 .36 .36 .36 .55 .55 .55 .55
378 02200 00200 02000 02200 .36 .36 .36 .36 .55 .55 .55 .55
379 02200 00200 02000 02200 .36 .36 .36 .36 .55 .55 .55 .55
380 02200 00200 02000 02200 .36 .36 .36 .36 .55 .55 .55 .55
381 02200 00200 02000 02200 .36 .36 .36 .36 .55 .55 .55 .55
382 02200 00200 02000 02200 .36 .36 .36 .36 .55 .55 .55 .55
383 02200 00200 02000 02200 .36 .36 .36 .36 .55 .55 .55 .55
384 02200 00200 02000 02200 .36 .36 .36 .36 .55 .55 .55 .55
385 02200 00200 02000 02200 .36 .36 .36 .36 .55 .55 .55 .55
386 02200 00200 02000 02200 .36 .36 .36 .36 .55 .55 .55 .55
387 02200 00200 02000 02200 .36 .36 .36 .36 .55 .55 .55 .55
388 02200 00200 00200 00200 .68 .68 .68 .68 .75 .75 .75 .75
389 02200 00200 00200 00200 .68 .68 .68 .68 .75 .75 .75 .75
390 00200 00200 00200 00200 1.00 1.00 1.00 1.00 1.00 1.00 1.00 1.00
391 00200 00200 00200 00200 1.00 1.00 1.00 1.00 1.00 1.00 1.00 1.00
392 00200 00200 00200 00200 1.00 1.00 1.00 1.00 1.00 1.00 1.00 1.00
393 00200 00200 00200 00200 1.00 1.00 1.00 1.00 1.00 1.00 1.00 1.00
394 00200 00200 00200 00200 1.00 1.00 1.00 1.00 1.00 1.00 1.00 1.00
395 00200 00200 00200 00200 1.00 1.00 1.00 1.00 1.00 1.00 1.00 1.00
396 00200 00200 00200 00200 1.00 1.00 1.00 1.00 1.00 1.00 1.00 1.00
397 00200 00200 00200 00200 1.00 1.00 1.00 1.00 1.00 1.00 1.00 1.00
398 00200 00200 00200 00200 1.00 1.00 1.00 1.00 1.00 1.00 1.00 1.00
399 00200 00200 00200 00200 1.00 1.00 1.00 1.00 1.00 1.00 1.00 1.00
400 00200 00200 00200 00200 1.00 1.00 1.00 1.00 1.00 1.00 1.00 1.00
401 00200 00200 00200 00200 1.00 1.00 1.00 1.00 1.00 1.00 1.00 1.00
402 00200 00200 00200 00200 1.00 1.00 1.00 1.00 1.00 1.00 1.00 1.00
403 00200 00200 00000 00200 .46 .46 .46 .46 .63 .63 .63 .63
404 00200 00200 00000 00200 .46 .46 .46 .46 .63 .63 .63 .63
405 00200 00200 00000 00200 .46 .46 .46 .46 .63 .63 .63 .63
406 00200 00200 00000 00200 .46 .46 .46 .46 .63 .63 .63 .63
407 00200 00200 00000 00200 .46 .46 .46 .46 .63 .63 .63 .63
408 00200 00200 00000 00200 .46 .46 .46 .46 .63 .63 .63 .63
409 00200 00200 00000 00200 .46 .46 .46 .46 .63 .63 .63 .63
410 00200 00200 00000 00200 .46 .46 .46 .46 .63 .63 .63 .63
411 00200 00200 00000 00200 .46 .46 .46 .46 .63 .63 .63 .63
412 00200 00200 00000 00200 .46 .46 .46 .46 .63 .63 .63 .63
413 00200 00200 00000 00200 .46 .46 .46 .46 .63 .63 .63 .63
414 00200 00200 00000 00200 .46 .46 .46 .46 .63 .63 .63 .63
415 00200 00200 00000 00200 .46 .46 .46 .46 .63 .63 .63 .63
416 00200 00200 00000 00200 .46 .46 .46 .46 .63 .63 .63 .63
417 00200 00200 00000 00200 .46 .46 .46 .46 .63 .63 .63 .63
418 00200 00200 02000 00200 .22 .22 .22 .22 .41 .41 .41 .41
419 00200 00200 02000 00200 .22 .22 .22 .22 .41 .41 .41 .41
420 02200 00200 02000 02200 .36 .36 .36 .36 .55 .55 .55 .55
421 02200 00200 02000 02200 .36 .36 .36 .36 .55 .55 .55 .55
422 02200 00200 02000 02200 .36 .36 .36 .36 .55 .55 .55 .55
423 02200 00200 02000 02200 .36 .36 .36 .36 .55 .55 .55 .55
424 02200 00200 02000 02200 .36 .36 .36 .36 .55 .55 .55 .55
425 02200 00200 02000 02200 .36 .36 .36 .36 .55 .55 .55 .55
426 02200 00200 02000 02200 .36 .36 .36 .36 .55 .55 .55 .55
427 02200 00200 02000 02200 .36 .36 .36 .36 .55 .55 .55 .55
428 02200 00200 02000 02200 .36 .36 .36 .36 .55 .55 .55 .55
