0 00002 00002 00000 00002 .46 .46 .46 .46 .63 .63 .63 .63
1 00002 00002 00000 00002 .46 .46 .46 .46 .63 .63 .63 .63
2 00002 00002 00000 00002 .46 .46 .46 .46 .63 .63 .63 .63
3 00002 00002 00000 00002 .46 .46 .46 .46 .63 .63 .63 .63
4 00002 00002 00000 00002 .46 .46 .46 .46 .63 .63 .63 .63
5 00002 00002 00000 00002 .46 .46 .46 .46 .63 .63 .63 .63
6 00002 00002 00000 00002 .46 .46 .46 .46 .63 .63 .63 .63
7 00002 00002 00000 00002 .46 .46 .46 .46 .63 .63 .63 .63
8 00002 00002 00000 00002 .46 .46 .46 .46 .63 .63 .63 .63
9 00002 00002 00000 00002 .46 .46 .46 .46 .63 .63 .63 .63
10 00002 00002 00000 00002 .46 .46 .46 .46 .63 .63 .63 .63
11 00002 00002 00000 00002 .46 .46 .46 .46 .63 .63 .63 .63
12 00002 00002 00000 00002 .46 .46 .46 .46 .63 .63 .63 .63
13 00002 00002 00000 00002 .46 .46 .46 .46 .63 .63 .63 .63
14 00002 00002 00000 00002 .46 .46 .46 .46 .63 .63 .63 .63
15 00002 00002 00000 00002 .46 .46 .46 .46 .63 .63 .63 .63
16 00002 00002 00000 00002 .46 .46 .46 .46 .63 .63 .63 .63
17 00002 00002 00000 00002 .46 .46 .46 .46 .63 .63 .63 .63
18 00002 00002 00000 00002 .46 .46 .46 .46 .63 .63 .63 .63
19 00002 00002 00000 00002 .46 .46 .46 .46 .63 .63 .63 .63
20 00002 04002 00000 00002 .26 .17 .05 .23 .43 .35 .17 .41
21 00002 04002 00000 00002 .26 .17 .05 .23 .43 .35 .17 .41
22 00002 04002 00000 00002 .26 .17 .05 .23 .43 .35 .17 .41
23 00002 04002 00000 00002 .26 .17 .05 .23 .43 .35 .17 .41
24 00002 04002 00000 00002 .26 .17 .05 .23 .43 .35 .17 .41
25 00002 04002 00000 00002 .26 .17 .05 .23 .43 .35 .17 .41
26 00002 04002 00000 00002 .26 .17 .05 .23 .43 .35 .17 .41
27 00002 04002 00000 00002 .26 .17 .05 .23 .43 .35 .17 .41
28 00002 04002 00000 00002 .26 .17 .05 .23 .43 .35 .17 .41
29 00002 04002 00000 00002 .26 .17 .05 .23 .43 .35 .17 .41
30 00002 04002 00000 00002 .26 .17 .05 .23 .43 .35 .17 .41
31 00002 04002 00000 00002 .26 .17 .05 .23 .43 .35 .17 .41
32 00002 04002 00000 00002 .26 .17 .05 .23 .43 .35 .17 .41
33 00002 04002 00000 00002 .26 .17 .05 .23 .43 .35 .17 .41
34 00002 04002 00000 00002 .26 .17 .05 .23 .43 .35 .17 .41
35 00002 04002 00000 00002 .26 .17 .05 .23 .43 .35 .17 .41
36 00002 04002 00000 00002 .26 .17 .05 .23 .43 .35 .17 .41
37 00002 04002 00000 00002 .26 .17 .05 .23 .43 .35 .17 .41
38 00002 04002 00000 00002 .26 .17 .05 .23 .43 .35 .17 .41
39 00002 04002 00000 00002 .26 .17 .05 .23 .43 .35 .17 .41
40 00002 04002 00000 00002 .26 .17 .05 .23 .43 .35 .17 .41
41 00002 04002 00000 00002 .26 .17 .05 .23 .43 .35 .17 .41
42 00002 04002 00000 00002 .26 .17 .05 .23 .43 .35 .17 .41
43 00002 04002 00000 00002 .26 .17 .05 .23 .43 .35 .17 .41
44 00002 04002 00000 00002 .26 .17 .05 .23 .43 .35 .17 .41
45 00002 04002 00000 00002 .26 .17 .05 .23 .43 .35 .17 .41
46 00002 04002 00000 00002 .26 .17 .05 .23 .43 .35 .17 .41
47 00002 04002 00000 00002 .26 .17 .05 .23 .43 .35 .17 .41
48 00002 04002 00000 00002 .26 .17 .05 .23 .43 .35 .17 .41
49 00002 04002 00000 00002 .26 .17 .05 .23 .43 .35 .17 .41
50 00002 04002 00000 00002 .26 .17 .05 .23 .43 .35 .17 .41
51 00002 04002 00000 00002 .26 .17 .05 .23 .43 .35 .17 .41
52 00002 04002 00000 00002 .26 .17 .05 .23 .43 .35 .17 .41
53 00002 04002 00000 00002 .26 .17 .05 .23 .43 .35 .17 .41
54 00002 04002 00000 00002 .26 .17 .05 .23 .43 .35 .17 .41
55 00002 04002 00000 00002 .26 .17 .05 .23 .43 .35 .17 .41
56 00002 04002 00000 00002 .26 .17 .05 .23 .43 .35 .17 .41
57 00002 04002 00000 00002 .26 .17 .05 .23 .43 .35 .17 .41
58 00002 04002 00000 00002 .26 .17 .05 .23 .43 .35 .17 .41
59 00002 04002 00000 00002 .26 .17 .05 .23 .43 .35 .17 .41
60 00022 04022 00000 00022 .22 .09 1.0 .17 .41 .29 .16 .38
61 00022 04022 00000 00022 .22 .09 1.0 .17 .41 .29 .16 .38
62 00022 04022 00000 00022 .22 .09 1.0 .17 .41 .29 .16 .38
63 00022 04022 00000 00022 .22 .09 1.0 .17 .41 .29 .16 .38
64 00022 04022 00000 00022 .22 .09 1.0 .17 .41 .29 .16 .38
65 00022 04022 00000 00022 .22 .09 1.0 .17 .41 .29 .16 .38
66 00022 04022 00000 00022 .22 .09 1.0 .17 .41 .29 .16 .38
67 00022 04022 00000 00022 .22 .09 1.0 .17 .41 .29 .16 .38
68 00022 04022 00000 00022 .22 .09 1.0 .17 .41 .29 .16 .38
69 00022 04022 00000 00022 .22 .09 1.0 .17 .41 .29 .16 .38
70 00022 04022 00000 00022 .22 .09 1.0 .17 .41 .29 .16 .38
71 00022 04022 00000 00022 .22 .09 1.0 .17 .41 .29 .16 .38
72 00022 04022 00000 00022 .22 .09 1.0 .17 .41 .29 .16 .38
73 00022 04022 00000 00022 .22 .09 1.0 .17 .41 .29 .16 .38
74 00022 04022 00000 00022 .22 .09 1.0 .17 .41 .29 .16 .38
75 00022 04022 00020 00022 .53 .34 .19 .49 .63 .48 .32 .61
76 00022 04022 00020 00022 .53 .34 .19 .49 .63 .48 .32 .61
77 00022 04022 00020 00022 .53 .34 .19 .49 .63 .48 .32 .61
78 00022 04022 00200 00022 .05 -0.10 -0.14 -0.03 .26 .13 .04 .21
79 00022 04022 00200 00022 .05 -0.10 -0.14 -0.03 .26 .13 .04 .21
80 00202 04202 00200 00202 .53 .34 .19 .49 .63 .48 .32 .61
81 00202 04202 00200 00202 .53 .34 .19 .49 .63 .48 .32 .61
82 00202 04202 00200 00202 .53 .34 .19 .49 .63 .48 .32 .61
83 00202 04202 00200 00202 .53 .34 .19 .49 .63 .48 .32 .61
84 00202 04202 00200 00202 .53 .34 .19 .49 .63 .48 .32 .61
85 00202 04202 00200 00202 .53 .34 .19 .49 .63 .48 .32 .61
86 00202 04202 00200 00202 .53 .34 .19 .49 .63 .48 .32 .61
87 00202 04202 00200 00202 .53 .34 .19 .49 .63 .48 .32 .61
88 00202 04202 00200 00202 .53 .34 .19 .49 .63 .48 .32 .61
89 00202 04202 00200 00202 .53 .34 .19 .49 .63 .48 .32 .61
90 00202 04202 00200 00202 .53 .34 .19 .49 .63 .48 .32 .61
91 00202 04202 00200 00202 .53 .34 .19 .49 .63 .48 .32 .61
92 00202 04202 00200 00202 .53 .34 .19 .49 .63 .48 .32 .61
93 00202 04202 00200 00202 .53 .34 .19 .49 .63 .48 .32 .61
94 00202 04202 00200 00202 .53 .34 .19 .49 .63 .48 .32 .61
95 00202 04202 00200 00202 .53 .34 .19 .49 .63 .48 .32 .61
96 00202 04202 00200 00202 .53 .34 .19 .49 .63 .48 .32 .61
97 00202 04202 00200 00202 .53 .34 .19 .49 .63 .48 .32 .61
98 00202 04202 00200 00202 .53 .34 .19 .49 .63 .48 .32 .61
99 00202 04202 00200 00202 .53 .34 .19 .49 .63 .48 .32 .61
100 00200 04200 00200 00200 .70 .55 .30 .68 .76 .64 .39 .75
101 00200 04200 00200 00200 .70 .55 .30 .68 .76 .64 .39 .75
102 00200 04200 00200 00200 .70 .55 .30 .68 .76 .64 .39 .75
103 00200 04200 00200 00200 .70 .55 .30 .68 .76 .64 .39 .75
104 00200 04200 00200 00200 .70 .55 .30 .68 .76 .64 .39 .75
105 00200 04200 00200 00200 .70 .55 .30 .68 .76 .64 .39 .75
106 00200 04200 00200 00200 .70 .55 .30 .68 .76 .64 .39 .75
107 00200 04200 00200 00200 .70 .55 .30 .68 .76 .64 .39 .75
108 00200 04200 00200 00200 .70 .55 .30 .68 .76 .64 .39 .75
109 00200 04200 00200 00200 .70 .55 .30 .68 .76 .64 .39 .75
110 00200 00200 00200 00200 1.00 1.00 1.00 1.00 1.00 1.00 1.00 1.00
111 00200 00200 00200 00200 1.00 1.00 1.00 1.00 1.00 1.00 1.00 1.00
112 00200 00200 00200 00200 1.00 1.00 1.00 1.00 1.00 1.00 1.00 1.00
113 00200 00200 00200 00200 1.00 1.00 1.00 1.00 1.00 1.00 1.00 1.00
114 00200 00200 00200 00200 1.00 1.00 1.00 1.00 1.00 1.00 1.00 1.00
115 00200 00200 00200 00200 1.00 1.00 1.00 1.00 1.00 1.00 1.00 1.00
116 00200 00200 00200 00200 1.00 1.00 1.00 1.00 1.00 1.00 1.00 1.00
117 00200 00200 00200 00200 1.00 1.00 1.00 1.00 1.00 1.00 1.00 1.00
118 00200 00200 00200 00200 1.00 1.00 1.00 1.00 1.00 1.00 1.00 1.00
119 00200 00200 00200 00200 1.00 1.00 1.00 1.00 1.00 1.00 1.00 1.00
120 00200 00200 00200 00200 1.00 1.00 1.00 1.00 1.00 1.00 1.00 1.00
121 00200 00200 00200 00200 1.00 1.00 1.00 1.00 1.00 1.00 1.00 1.00
122 00200 00200 00200 00200 1.00 1.00 1.00 1.00 1.00 1.00 1.00 1.00
123 00200 00200 00200 00200 1.00 1.00 1.00 1.00 1.00 1.00 1.00 1.00
124 00200 00200 00200 00200 1.00 1.00 1.00 1.00 1.00 1.00 1.00 1.00
125 00200 00200 00200 00200 1.00 1.00 1.00 1.00 1.00 1.00 1.00 1.00
126 00200 00200 00200 00200 1.00 1.00 1.00 1.00 1.00 1.00 1.00 1.00
127 00200 00200 00200 00200 1.00 1.00 1.00 1.00 1.00 1.00 1.00 1.00
128 00200 00200 00200 00200 1.00 1.00 1.00 1.00 1.00 1.00 1.00 1.00
129 00200 00200 00200 00200 1.00 1.00 1.00 1.00 1.00 1.00 1.00 1.00
130 00200 00200 00200 00200 1.00 1.00 1.00 1.00 1.00 1.00 1.00 1.00
131 00200 00200 00200 00200 1.00 1.00 1.00 1.00 1.00 1.00 1.00 1.00
132 00200 00200 00200 00200 1.00 1.00 1.00 1.00 1.00 1.00 1.00 1.00
133 00200 00200 00200 00200 1.00 1.00 1.00 1.00 1.00 1.00 1.00 1.00
134 00200 00200 00200 00200 1.00 1.00 1.00 1.00 1.00 1.00 1.00 1.00
135 00200 00200 00200 00200 1.00 1.00 1.00 1.00 1.00 1.00 1.00 1.00
136 00200 00200 00200 00200 1.00 1.00 1.00 1.00 1.00 1.00 1.00 1.00
137 00200 00200 00200 00200 1.00 1.00 1.00 1.00 1.00 1.00 1.00 1.00
138 00200 00200 00200 00200 1.00 1.00 1.00 1.00 1.00 1.00 1.00 1.00
139 00200 00200 00200 00200 1.00 1.00 1.00 1.00 1.00 1.00 1.00 1.00
140 00200 00200 00200 00200 1.00 1.00 1.00 1.00 1.00 1.00 1.00 1.00
141 00200 00200 00200 00200 1.00 1.00 1.00 1.00 1.00 1.00 1.00 1.00
142 00200 00200 00200 00200 1.00 1.00 1.00 1.00 1.00 1.00 1.00 1.00
143 00200 00200 00200 00200 1.00 1.00 1.00 1.00 1.00 1.00 1.00 1.00
144 00200 00200 00200 00200 1.00 1.00 1.00 1.00 1.00 1.00 1.00 1.00
145 00200 00200 00200 00200 1.00 1.00 1.00 1.00 1.00 1.00 1.00 1.00
146 00200 00200 00200 00200 1.00 1.00 1.00 1.00 1.00 1.00 1.00 1.00
147 00200 00200 00200 00200 1.00 1.00 1.00 1.00 1.00 1.00 1.00 1.00
148 00200 00200 00200 00200 1.00 1.00 1.00 1.00 1.00 1.00 1.00 1.00
149 00200 00200 00200 00200 1.00 1.00 1.00 1.00 1.00 1.00 1.00 1.00
150 00200 00200 00200 00200 1.00 1.00 1.00 1.00 1.00 1.00 1.00 1.00
151 00200 00200 00200 00200 1.00 1.00 1.00 1.00 1.00 1.00 1.00 1.00
152 00200 00200 00200 00200 1.00 1.00 1.00 1.00 1.00 1.00 1.00 1.00
153 00200 00200 00200 00200 1.00 1.00 1.00 1.00 1.00 1.00 1.00 1.00
154 00200 00200 00200 00200 1.00 1.00 1.00 1.00 1.00 1.00 1.00 1.00
155 00200 00200 00200 00200 1.00 1.00 1.00 1.00 1.00 1.00 1.00 1.00
156 00200 00200 00200 00200 1.00 1.00 1.00 1.00 1.00 1.00 1.00 1.00
157 00200 00200 00200 00200 1.00 1.00 1.00 1.00 1.00 1.00 1.00 1.00
158 00200 00200 00200 00200 1.00 1.00 1.00 1.00 1.00 1.00 1.00 1.00
159 00200 00200 00200 00200 1.00 1.00 1.00 1.00 1.00 1.00 1.00 1.00
160 00200 00200 00200 00200 1.00 1.00 1.00 1.00 1.00 1.00 1.00 1.00
161 00200 00200 00200 00200 1.00 1.00 1.00 1.00 1.00 1.00 1.00 1.00
162 00200 00200 00200 00200 1.00 1.00 1.00 1.00 1.00 1.00 1.00 1.00
163 00200 00200 00200 00200 1.00 1.00 1.00 1.00 1.00 1.00 1.00 1.00
164 00200 00200 00200 00200 1.00 1.00 1.00 1.00 1.00 1.00 1.00 1.00
165 00200 00200 00200 00200 1.00 1.00 1.00 1.00 1.00 1.00 1.00 1.00
166 00200 00200 00200 00200 1.00 1.00 1.00 1.00 1.00 1.00 1.00 1.00
167 00200 00200 00200 00200 1.00 1.00 1.00 1.00 1.00 1.00 1.00 1.00
168 00200 00200 00200 00200 1.00 1.00 1.00 1.00 1.00 1.00 1.00 1.00
169 00200 00200 00200 00200 1.00 1.00 1.00 1.00 1.00 1.00 1.00 1.00
170 00200 00200 00200 00200 1.00 1.00 1.00 1.00 1.00 1.00 1.00 1.00
171 00200 00200 00200 00200 1.00 1.00 1.00 1.00 1.00 1.00 1.00 1.00
172 00200 00200 00200 00200 1.00 1.00 1.00 1.00 1.00 1.00 1.00 1.00
173 00200 00200 00200 00200 1.00 1.00 1.00 1.00 1.00 1.00 1.00 1.00
174 00200 00200 00200 00200 1.00 1.00 1.00 1.00 1.00 1.00 1.00 1.00
175 00200 00200 00200 00200 1.00 1.00 1.00 1.00 1.00 1.00 1.00 1.00
176 00200 00200 00200 00200 1.00 1.00 1.00 1.00 1.00 1.00 1.00 1.00
177 00200 00200 00200 00200 1.00 1.00 1.00 1.00 1.00 1.00 1.00 1.00
178 00200 00200 00200 00200 1.00 1.00 1.00 1.00 1.00 1.00 1.00 1.00
179 00200 00200 00200 00200 1.00 1.00 1.00 1.00 1.00 1.00 1.00 1.00
180 00201 00201 00200 00201 .75 .83 .90 .72 .82 .87 .93 .79
181 00201 00201 00200 00201 .75 .83 .90 .72 .82 .87 .93 .79
182 00201 00201 00200 00201 .75 .83 .90 .72 .82 .87 .93 .79
183 00201 00201 00200 00201 .75 .83 .90 .72 .82 .87 .93 .79
184 00201 00201 00200 00201 .75 .83 .90 .72 .82 .87 .93 .79
185 00201 00201 00200 00201 .75 .83 .90 .72 .82 .87 .93 .79
186 00201 00201 00200 00201 .75 .83 .90 .72 .82 .87 .93 .79
187 00201 00201 00200 00201 .75 .83 .90 .72 .82 .87 .93 .79
188 00201 00201 00200 00201 .75 .83 .90 .72 .82 .87 .93 .79
189 00201 00201 00200 00201 .75 .83 .90 .72 .82 .87 .93 .79
190 00201 00201 00200 00201 .75 .83 .90 .72 .82 .87 .93 .79
191 00201 00201 00200 00201 .75 .83 .90 .72 .82 .87 .93 .79
192 00201 00201 00200 00201 .75 .83 .90 .72 .82 .87 .93 .79
193 00201 00201 00200 00201 .75 .83 .90 .72 .82 .87 .93 .79
194 00201 00201 00200 00201 .75 .83 .90 .72 .82 .87 .93 .79
195 00201 00201 00200 00201 .75 .83 .90 .72 .82 .87 .93 .79
196 00201 00201 00200 00201 .75 .83 .90 .72 .82 .87 .93 .79
197 00201 00201 00200 00201 .75 .83 .90 .72 .82 .87 .93 .79
198 00201 00201 00200 00201 .75 .83 .90 .72 .82 .87 .93 .79
199 00201 00201 00200 00201 .75 .83 .90 .72 .82 .87 .93 .79
200 00202 00202 00200 00202 .72 .72 .72 .72 .79 .79 .79 .79
201 00202 00202 00200 00202 .72 .72 .72 .72 .79 .79 .79 .79
202 00202 00202 00200 00202 .72 .72 .72 .72 .79 .79 .79 .79
203 00202 00202 00200 00202 .72 .72 .72 .72 .79 .79 .79 .79
204 00202 00202 00200 00202 .72 .72 .72 .72 .79 .79 .79 .79
205 00202 00202 00200 00202 .72 .72 .72 .72 .79 .79 .79 .79
206 00202 00202 00200 00202 .72 .72 .72 .72 .79 .79 .79 .79
207 00202 00202 00200 00202 .72 .72 .72 .72 .79 .79 .79 .79
208 00202 00202 00200 00202 .72 .72 .72 .72 .79 .79 .79 .79
209 00202 00202 00200 00202 .72 .72 .72 .72 .79 .79 .79 .79
210 00202 00202 00200 00202 .72 .72 .72 .72 .79 .79 .79 .79
211 00202 00202 00200 00202 .72 .72 .72 .72 .79 .79 .79 .79
212 00202 00202 00200 00202 .72 .72 .72 .72 .79 .79 .79 .79
213 00202 00202 00200 00202 .72 .72 .72 .72 .79 .79 .79 .79
214 00202 00202 00200 00202 .72 .72 .72 .72 .79 .79 .79 .79
215 00202 00202 00200 00202 .72 .72 .72 .72 .79 .79 .79 .79
216 00202 00202 00200 00202 .72 .72 .72 .72 .79 .79 .79 .79
217 00202 00202 00200 00202 .72 .72 .72 .72 .79 .79 .79 .79
218 00202 00202 00200 00202 .72 .72 .72 .72 .79 .79 .79 .79
219 00202 00202 00200 00202 .72 .72 .72 .72 .79 .79 .79 .79
220 00202 00202 00200 00202 .72 .72 .72 .72 .79 .79 .79 .79
221 00202 00202 00200 00202 .72 .72 .72 .72 .79 .79 .79 .79
