0 20002 20002 00000 20002 .36 .36 .36 .36 .55 .55 .55 .55
1 20002 20002 02000 20002 .16 .16 .16 .16 .37 .37 .37 .37
2 20002 20002 02000 20002 .16 .16 .16 .16 .37 .37 .37 .37
3 20002 20002 02000 20002 .16 .16 .16 .16 .37 .37 .37 .37
4 20002 20002 02000 20002 .16 .16 .16 .16 .37 .37 .37 .37
5 20002 20002 02000 20002 .16 .16 .16 .16 .37 .37 .37 .37
6 20002 20002 02000 20002 .16 .16 .16 .16 .37 .37 .37 .37
7 20002 20002 02000 20002 .16 .16 .16 .16 .37 .37 .37 .37
8 20002 20002 02000 20002 .16 .16 .16 .16 .37 .37 .37 .37
9 20002 20002 02000 20002 .16 .16 .16 .16 .37 .37 .37 .37
10 20000 20000 02000 20000 .22 .22 .22 .22 .41 .41 .41 .41
11 20000 20000 02000 20000 .22 .22 .22 .22 .41 .41 .41 .41
12 20000 20000 02000 20000 .22 .22 .22 .22 .41 .41 .41 .41
13 20000 20000 02000 20000 .22 .22 .22 .22 .41 .41 .41 .41
14 20000 20000 02000 20000 .22 .22 .22 .22 .41 .41 .41 .41
15 20000 20000 02000 20000 .22 .22 .22 .22 .41 .41 .41 .41
16 20000 20000 20000 20000 1.00 1.00 1.00 1.00 1.00 1.00 1.00 1.00
17 20000 20000 20000 20000 1.00 1.00 1.00 1.00 1.00 1.00 1.00 1.00
18 20000 20000 20000 20000 1.00 1.00 1.00 1.00 1.00 1.00 1.00 1.00
19 20000 20000 20000 20000 1.00 1.00 1.00 1.00 1.00 1.00 1.00 1.00
20 20000 20000 20000 20000 1.00 1.00 1.00 1.00 1.00 1.00 1.00 1.00
21 20000 20000 20000 20000 1.00 1.00 1.00 1.00 1.00 1.00 1.00 1.00
22 20000 20000 20000 20000 1.00 1.00 1.00 1.00 1.00 1.00 1.00 1.00
23 20000 20000 20000 20000 1.00 1.00 1.00 1.00 1.00 1.00 1.00 1.00
24 20000 20000 20000 20000 1.00 1.00 1.00 1.00 1.00 1.00 1.00 1.00
25 20000 20000 20000 20000 1.00 1.00 1.00 1.00 1.00 1.00 1.00 1.00
26 20000 20000 20000 20000 1.00 1.00 1.00 1.00 1.00 1.00 1.00 1.00
27 20000 20000 20000 20000 1.00 1.00 1.00 1.00 1.00 1.00 1.00 1.00
28 20000 20000 20000 20000 1.00 1.00 1.00 1.00 1.00 1.00 1.00 1.00
29 20000 20000 20000 20000 1.00 1.00 1.00 1.00 1.00 1.00 1.00 1.00
30 20000 20000 20000 20000 1.00 1.00 1.00 1.00 1.00 1.00 1.00 1.00
31 20000 20000 20000 20000 1.00 1.00 1.00 1.00 1.00 1.00 1.00 1.00
32 20000 20000 20000 20000 1.00 1.00 1.00 1.00 1.00 1.00 1.00 1.00
33 20000 20000 20000 20000 1.00 1.00 1.00 1.00 1.00 1.00 1.00 1.00
34 20000 20000 20000 20000 1.00 1.00 1.00 1.00 1.00 1.00 1.00 1.00
35 20000 20000 20000 20000 1.00 1.00 1.00 1.00 1.00 1.00 1.00 1.00
36 20000 20000 20000 20000 1.00 1.00 1.00 1.00 1.00 1.00 1.00 1.00
37 20000 20000 20000 20000 1.00 1.00 1.00 1.00 1.00 1.00 1.00 1.00
38 20000 20000 20000 20000 1.00 1.00 1.00 1.00 1.00 1.00 1.00 1.00
39 20000 20000 20000 20000 1.00 1.00 1.00 1.00 1.00 1.00 1.00 1.00
40 20000 20000 20000 20000 1.00 1.00 1.00 1.00 1.00 1.00 1.00 1.00
41 20000 20000 20000 20000 1.00 1.00 1.00 1.00 1.00 1.00 1.00 1.00
42 20000 20000 20000 20000 1.00 1.00 1.00 1.00 1.00 1.00 1.00 1.00
43 20000 20000 20000 20000 1.00 1.00 1.00 1.00 1.00 1.00 1.00 1.00
44 20000 20000 20000 20000 1.00 1.00 1.00 1.00 1.00 1.00 1.00 1.00
45 20000 20000 20000 20000 1.00 1.00 1.00 1.00 1.00 1.00 1.00 1.00
46 20000 20000 20000 20000 1.00 1.00 1.00 1.00 1.00 1.00 1.00 1.00
47 20000 20000 20000 20000 1.00 1.00 1.00 1.00 1.00 1.00 1.00 1.00
48 20000 20000 20000 20000 1.00 1.00 1.00 1.00 1.00 1.00 1.00 1.00
49 20000 20000 20000 20000 1.00 1.00 1.00 1.00 1.00 1.00 1.00 1.00
50 20000 20000 20000 20000 1.00 1.00 1.00 1.00 1.00 1.00 1.00 1.00
51 20000 20000 20000 20000 1.00 1.00 1.00 1.00 1.00 1.00 1.00 1.00
52 20000 20000 20000 20000 1.00 1.00 1.00 1.00 1.00 1.00 1.00 1.00
53 20000 20000 20000 20000 1.00 1.00 1.00 1.00 1.00 1.00 1.00 1.00
54 20000 20000 20000 20000 1.00 1.00 1.00 1.00 1.00 1.00 1.00 1.00
55 20000 20000 20000 20000 1.00 1.00 1.00 1.00 1.00 1.00 1.00 1.00
56 20000 20000 20000 20000 1.00 1.00 1.00 1.00 1.00 1.00 1.00 1.00
57 20000 20000 20000 20000 1.00 1.00 1.00 1.00 1.00 1.00 1.00 1.00
58 20000 20000 20000 20000 1.00 1.00 1.00 1.00 1.00 1.00 1.00 1.00
59 20000 20000 20000 20000 1.00 1.00 1.00 1.00 1.00 1.00 1.00 1.00
60 20000 20000 20000 20000 1.00 1.00 1.00 1.00 1.00 1.00 1.00 1.00
61 20000 20000 20000 20000 1.00 1.00 1.00 1.00 1.00 1.00 1.00 1.00
62 20000 20000 20000 20000 1.00 1.00 1.00 1.00 1.00 1.00 1.00 1.00
63 20000 20000 20000 20000 1.00 1.00 1.00 1.00 1.00 1.00 1.00 1.00
64 20000 20000 20000 20000 1.00 1.00 1.00 1.00 1.00 1.00 1.00 1.00
65 20000 20000 20000 20000 1.00 1.00 1.00 1.00 1.00 1.00 1.00 1.00
66 20000 20000 20000 20000 1.00 1.00 1.00 1.00 1.00 1.00 1.00 1.00
67 20000 20000 20000 20000 1.00 1.00 1.00 1.00 1.00 1.00 1.00 1.00
68 20000 20000 20000 20000 1.00 1.00 1.00 1.00 1.00 1.00 1.00 1.00
69 20000 20000 20000 20000 1.00 1.00 1.00 1.00 1.00 1.00 1.00 1.00
70 20000 20000 20000 20000 1.00 1.00 1.00 1.00 1.00 1.00 1.00 1.00
71 20000 20000 20000 20000 1.00 1.00 1.00 1.00 1.00 1.00 1.00 1.00
72 20000 20000 20000 20000 1.00 1.00 1.00 1.00 1.00 1.00 1.00 1.00
73 20000 20000 20000 20000 1.00 1.00 1.00 1.00 1.00 1.00 1.00 1.00
74 20000 20000 20000 20000 1.00 1.00 1.00 1.00 1.00 1.00 1.00 1.00
75 20000 20000 20000 20000 1.00 1.00 1.00 1.00 1.00 1.00 1.00 1.00
76 20000 20000 20020 20000 .68 .68 .68 .68 .75 .75 .75 .75
77 20000 20000 20020 20000 .68 .68 .68 .68 .75 .75 .75 .75
78 20000 20000 20020 20000 .68 .68 .68 .68 .75 .75 .75 .75
79 20000 20000 20020 20000 .68 .68 .68 .68 .75 .75 .75 .75
80 20000 20000 20020 20000 .68 .68 .68 .68 .75 .75 .75 .75
81 20000 20000 20020 20000 .68 .68 .68 .68 .75 .75 .75 .75
82 20000 20000 20020 20000 .68 .68 .68 .68 .75 .75 .75 .75
83 20000 20000 20020 20000 .68 .68 .68 .68 .75 .75 .75 .75
84 20000 20000 20020 20000 .68 .68 .68 .68 .75 .75 .75 .75
85 20000 20000 20020 20000 .68 .68 .68 .68 .75 .75 .75 .75
86 20000 20000 20020 20000 .68 .68 .68 .68 .75 .75 .75 .75
87 20000 20000 20020 20000 .68 .68 .68 .68 .75 .75 .75 .75
88 20000 20000 20020 20000 .68 .68 .68 .68 .75 .75 .75 .75
89 20000 20000 20020 20000 .68 .68 .68 .68 .75 .75 .75 .75
90 20000 20000 20020 20000 .68 .68 .68 .68 .75 .75 .75 .75
91 20000 20000 20020 20000 .68 .68 .68 .68 .75 .75 .75 .75
92 20000 20000 20020 20000 .68 .68 .68 .68 .75 .75 .75 .75
93 20000 20000 20020 20000 .68 .68 .68 .68 .75 .75 .75 .75
94 20000 20000 20020 20000 .68 .68 .68 .68 .75 .75 .75 .75
95 20000 20000 20020 20000 .68 .68 .68 .68 .75 .75 .75 .75
96 20000 20000 20020 20000 .68 .68 .68 .68 .75 .75 .75 .75
97 20000 20000 20020 20000 .68 .68 .68 .68 .75 .75 .75 .75
98 20000 20000 20020 20000 .68 .68 .68 .68 .75 .75 .75 .75
99 20000 20000 20020 20000 .68 .68 .68 .68 .75 .75 .75 .75
100 20000 20000 20020 20000 .68 .68 .68 .68 .75 .75 .75 .75
101 20000 20000 20020 20000 .68 .68 .68 .68 .75 .75 .75 .75
102 20000 20000 20020 20000 .68 .68 .68 .68 .75 .75 .75 .75
103 20000 20000 20020 20000 .68 .68 .68 .68 .75 .75 .75 .75
104 20000 20000 20020 20000 .68 .68 .68 .68 .75 .75 .75 .75
105 20000 20000 20020 20000 .68 .68 .68 .68 .75 .75 .75 .75
106 20000 20000 20020 20000 .68 .68 .68 .68 .75 .75 .75 .75
107 20000 20000 20020 20000 .68 .68 .68 .68 .75 .75 .75 .75
108 20000 20000 20020 20000 .68 .68 .68 .68 .75 .75 .75 .75
109 20000 20000 20020 20000 .68 .68 .68 .68 .75 .75 .75 .75
110 20200 20200 20020 20200 .48 .48 .48 .48 .60 .60 .60 .60
111 20200 20200 20020 20200 .48 .48 .48 .48 .60 .60 .60 .60
112 20200 20200 20020 20200 .48 .48 .48 .48 .60 .60 .60 .60
113 20200 20200 20020 20200 .48 .48 .48 .48 .60 .60 .60 .60
114 20200 20200 20020 20200 .48 .48 .48 .48 .60 .60 .60 .60
115 20200 20200 20020 20200 .48 .48 .48 .48 .60 .60 .60 .60
116 20200 20200 20020 20200 .48 .48 .48 .48 .60 .60 .60 .60
117 20200 20200 20020 20200 .48 .48 .48 .48 .60 .60 .60 .60
118 20200 20200 20020 20200 .48 .48 .48 .48 .60 .60 .60 .60
119 20200 20200 20020 20200 .48 .48 .48 .48 .60 .60 .60 .60
120 20200 20200 20020 20200 .48 .48 .48 .48 .60 .60 .60 .60
121 20200 20200 02020 20200 -0.04 -0.04 -0.04 -0.04 .21 .21 .21 .21
122 20200 20200 02020 20200 -0.04 -0.04 -0.04 -0.04 .21 .21 .21 .21
123 20200 20200 02020 20200 -0.04 -0.04 -0.04 -0.04 .21 .21 .21 .21
124 20200 20200 02020 20200 -0.04 -0.04 -0.04 -0.04 .21 .21 .21 .21
125 20200 20200 02020 20200 -0.04 -0.04 -0.04 -0.04 .21 .21 .21 .21
126 20200 20200 02020 20200 -0.04 -0.04 -0.04 -0.04 .21 .21 .21 .21
127 20200 20200 02020 20200 -0.04 -0.04 -0.04 -0.04 .21 .21 .21 .21
128 20200 20200 02020 20200 -0.04 -0.04 -0.04 -0.04 .21 .21 .21 .21
129 20200 20200 02020 20200 -0.04 -0.04 -0.04 -0.04 .21 .21 .21 .21
130 02200 02200 02020 02200 .48 .48 .48 .48 .60 .60 .60 .60
131 02200 02200 02020 02200 .48 .48 .48 .48 .60 .60 .60 .60
132 02200 02200 02020 02200 .48 .48 .48 .48 .60 .60 .60 .60
133 02200 02200 02020 02200 .48 .48 .48 .48 .60 .60 .60 .60
134 02200 02200 02020 02200 .48 .48 .48 .48 .60 .60 .60 .60
135 02200 02200 02020 02200 .48 .48 .48 .48 .60 .60 .60 .60
136 02200 02200 02020 02200 .48 .48 .48 .48 .60 .60 .60 .60
137 02200 02200 02020 02200 .48 .48 .48 .48 .60 .60 .60 .60
138 02200 02200 02020 02200 .48 .48 .48 .48 .60 .60 .60 .60
139 02200 02200 02020 02200 .48 .48 .48 .48 .60 .60 .60 .60
140 02200 02200 02020 02200 .48 .48 .48 .48 .60 .60 .60 .60
141 02200 02200 02020 02200 .48 .48 .48 .48 .60 .60 .60 .60
142 02200 02200 02020 02200 .48 .48 .48 .48 .60 .60 .60 .60
143 02200 02200 02020 02200 .48 .48 .48 .48 .60 .60 .60 .60
144 02200 02200 02020 02200 .48 .48 .48 .48 .60 .60 .60 .60
145 02200 02200 02020 02200 .48 .48 .48 .48 .60 .60 .60 .60
146 02200 02200 02020 02200 .48 .48 .48 .48 .60 .60 .60 .60
147 02200 02200 02020 02200 .48 .48 .48 .48 .60 .60 .60 .60
148 02200 02200 02020 02200 .48 .48 .48 .48 .60 .60 .60 .60
149 02200 02200 02020 02200 .48 .48 .48 .48 .60 .60 .60 .60
150 02200 02200 02020 02200 .48 .48 .48 .48 .60 .60 .60 .60
151 02200 02200 02020 02200 .48 .48 .48 .48 .60 .60 .60 .60
152 02200 02200 02020 02200 .48 .48 .48 .48 .60 .60 .60 .60
153 02200 02200 02020 02200 .48 .48 .48 .48 .60 .60 .60 .60
154 02200 02200 02020 02200 .48 .48 .48 .48 .60 .60 .60 .60
155 02200 02200 02020 02200 .48 .48 .48 .48 .60 .60 .60 .60
156 02200 02200 02020 02200 .48 .48 .48 .48 .60 .60 .60 .60
157 02200 02200 02020 02200 .48 .48 .48 .48 .60 .60 .60 .60
158 02200 02200 02020 02200 .48 .48 .48 .48 .60 .60 .60 .60
159 02200 02200 02020 02200 .48 .48 .48 .48 .60 .60 .60 .60
160 02200 02200 02020 02200 .48 .48 .48 .48 .60 .60 .60 .60
161 02200 02200 02020 02200 .48 .48 .48 .48 .60 .60 .60 .60
162 02200 02200 02020 02200 .48 .48 .48 .48 .60 .60 .60 .60
163 02200 02200 02020 02200 .48 .48 .48 .48 .60 .60 .60 .60
164 02200 02200 02020 02200 .48 .48 .48 .48 .60 .60 .60 .60
165 02200 02200 02020 02200 .48 .48 .48 .48 .60 .60 .60 .60
166 02200 02200 02020 02200 .48 .48 .48 .48 .60 .60 .60 .60
167 02200 02200 02020 02200 .48 .48 .48 .48 .60 .60 .60 .60
168 02200 02200 02020 02200 .48 .48 .48 .48 .60 .60 .60 .60
169 02200 02200 02020 02200 .48 .48 .48 .48 .60 .60 .60 .60
170 00200 00200 02020 00200 .05 .05 .05 .05 .24 .24 .24 .24
171 00200 00200 02020 00200 .05 .05 .05 .05 .24 .24 .24 .24
172 00200 00200 02020 00200 .05 .05 .05 .05 .24 .24 .24 .24
173 00200 00200 02020 00200 .05 .05 .05 .05 .24 .24 .24 .24
174 00200 00200 02020 00200 .05 .05 .05 .05 .24 .24 .24 .24
175 00200 00200 02020 00200 .05 .05 .05 .05 .24 .24 .24 .24
176 00200 00200 02020 00200 .05 .05 .05 .05 .24 .24 .24 .24
177 00200 00200 02020 00200 .05 .05 .05 .05 .24 .24 .24 .24
178 00200 00200 02020 00200 .05 .05 .05 .05 .24 .24 .24 .24
179 00200 00200 02020 00200 .05 .05 .05 .05 .24 .24 .24 .24
180 00200 00200 02020 00200 .05 .05 .05 .05 .24 .24 .24 .24
181 00200 00200 00020 00200 .22 .22 .22 .22 .41 .41 .41 .41
182 00200 00200 00020 00200 .22 .22 .22 .22 .41 .41 .41 .41
183 00200 00200 00020 00200 .22 .22 .22 .22 .41 .41 .41 .41
184 00200 00200 00020 00200 .22 .22 .22 .22 .41 .41 .41 .41
185 00200 00200 00020 00200 .22 .22 .22 .22 .41 .41 .41 .41
186 00200 00200 00020 00200 .22 .22 .22 .22 .41 .41 .41 .41
187 00200 00200 00020 00200 .22 .22 .22 .22 .41 .41 .41 .41
188 00200 00200 00020 00200 .22 .22 .22 .22 .41 .41 .41 .41
189 00200 00200 00020 00200 .22 .22 .22 .22 .41 .41 .41 .41
190 00200 00200 00020 00200 .22 .22 .22 .22 .41 .41 .41 .41
191 00200 00200 00020 00200 .22 .22 .22 .22 .41 .41 .41 .41
192 00200 00200 00020 00200 .22 .22 .22 .22 .41 .41 .41 .41
193 00200 00200 00020 00200 .22 .22 .22 .22 .41 .41 .41 .41
194 00200 00200 00020 00200 .22 .22 .22 .22 .41 .41 .41 .41
195 00200 00200 00020 00200 .22 .22 .22 .22 .41 .41 .41 .41
196 00200 00200 00020 00200 .22 .22 .22 .22 .41 .41 .41 .41
197 00200 00200 00020 00200 .22 .22 .22 .22 .41 .41 .41 .41
198 00200 00200 00020 00200 .22 .22 .22 .22 .41 .41 .41 .41
199 00200 00200 00020 00200 .22 .22 .22 .22 .41 .41 .41 .41
200 00200 00200 00020 00200 .22 .22 .22 .22 .41 .41 .41 .41
201 00200 00200 00020 00200 .22 .22 .22 .22 .41 .41 .41 .41
202 00200 00200 00020 00200 .22 .22 .22 .22 .41 .41 .41 .41
203 00200 00200 00020 00200 .22 .22 .22 .22 .41 .41 .41 .41
204 00200 00200 00020 00200 .22 .22 .22 .22 .41 .41 .41 .41
205 00200 00200 00020 00200 .22 .22 .22 .22 .41 .41 .41 .41
206 00200 00200 00020 00200 .22 .22 .22 .22 .41 .41 .41 .41
207 00200 00200 00020 00200 .22 .22 .22 .22 .41 .41 .41 .41
208 00200 00200 00020 00200 .22 .22 .22 .22 .41 .41 .41 .41
209 00200 00200 00020 00200 .22 .22 .22 .22 .41 .41 .41 .41
210 00200 00200 00020 00200 .22 .22 .22 .22 .41 .41 .41 .41
211 00200 00200 00020 00200 .22 .22 .22 .22 .41 .41 .41 .41
212 00200 00200 00020 00200 .22 .22 .22 .22 .41 .41 .41 .41
213 00200 00200 00020 00200 .22 .22 .22 .22 .41 .41 .41 .41
214 00200 00200 00020 00200 .22 .22 .22 .22 .41 .41 .41 .41
215 00200 00200 00020 00200 .22 .22 .22 .22 .41 .41 .41 .41
216 00200 00200 00020 00200 .22 .22 .22 .22 .41 .41 .41 .41
217 00200 00200 00020 00200 .22 .22 .22 .22 .41 .41 .41 .41
218 00200 00200 00020 00200 .22 .22 .22 .22 .41 .41 .41 .41
219 00200 00200 00020 00200 .22 .22 .22 .22 .41 .41 .41 .41
220 00200 00200 00020 00200 .22 .22 .22 .22 .41 .41 .41 .41
221 00200 00200 00020 00200 .22 .22 .22 .22 .41 .41 .41 .41
222 00200 00200 00020 00200 .22 .22 .22 .22 .41 .41 .41 .41
223 00200 00200 00020 00200 .22 .22 .22 .22 .41 .41 .41 .41
224 00200 00200 00020 00200 .22 .22 .22 .22 .41 .41 .41 .41
225 00200 00200 00020 00200 .22 .22 .22 .22 .41 .41 .41 .41
226 00200 00200 02200 00200 .68 .68 .68 .68 .75 .75 .75 .75
227 00200 00200 02200 00200 .68 .68 .68 .68 .75 .75 .75 .75
228 00200 00200 02200 00200 .68 .68 .68 .68 .75 .75 .75 .75
229 00200 00200 02200 00200 .68 .68 .68 .68 .75 .75 .75 .75
230 00200 00200 02200 00200 .68 .68 .68 .68 .75 .75 .75 .75
231 00200 00200 02200 00200 .68 .68 .68 .68 .75 .75 .75 .75
232 00200 00200 02200 00200 .68 .68 .68 .68 .75 .75 .75 .75
233 00200 00200 02200 00200 .68 .68 .68 .68 .75 .75 .75 .75
234 00200 00200 02200 00200 .68 .68 .68 .68 .75 .75 .75 .75
235 00200 00200 02200 00200 .68 .68 .68 .68 .75 .75 .75 .75
236 00200 00200 02200 00200 .68 .68 .68 .68 .75 .75 .75 .75
237 00200 00200 02200 00200 .68 .68 .68 .68 .75 .75 .75 .75
238 00200 00200 02200 00200 .68 .68 .68 .68 .75 .75 .75 .75
239 00200 00200 02200 00200 .68 .68 .68 .68 .75 .75 .75 .75
240 00200 00200 02200 00200 .68 .68 .68 .68 .75 .75 .75 .75
241 00200 00200 00200 00200 1.00 1.00 1.00 1.00 1.00 1.00 1.00 1.00
242 00200 00200 00200 00200 1.00 1.00 1.00 1.00 1.00 1.00 1.00 1.00
243 00200 00200 00200 00200 1.00 1.00 1.00 1.00 1.00 1.00 1.00 1.00
244 00200 00200 00200 00200 1.00 1.00 1.00 1.00 1.00 1.00 1.00 1.00
245 00200 00200 00200 00200 1.00 1.00 1.00 1.00 1.00 1.00 1.00 1.00
246 00200 00200 00200 00200 1.00 1.00 1.00 1.00 1.00 1.00 1.00 1.00
247 00200 00200 00200 00200 1.00 1.00 1.00 1.00 1.00 1.00 1.00 1.00
248 00200 00200 00200 00200 1.00 1.00 1.00 1.00 1.00 1.00 1.00 1.00
249 00200 00200 00200 00200 1.00 1.00 1.00 1.00 1.00 1.00 1.00 1.00
250 00200 00200 00200 00200 1.00 1.00 1.00 1.00 1.00 1.00 1.00 1.00
251 00200 00200 00200 00200 1.00 1.00 1.00 1.00 1.00 1.00 1.00 1.00
252 00200 00200 00200 00200 1.00 1.00 1.00 1.00 1.00 1.00 1.00 1.00
253 00200 00200 00200 00200 1.00 1.00 1.00 1.00 1.00 1.00 1.00 1.00
254 00200 00200 00200 00200 1.00 1.00 1.00 1.00 1.00 1.00 1.00 1.00
255 00200 00200 00200 00200 1.00 1.00 1.00 1.00 1.00 1.00 1.00 1.00
256 00200 00200 00200 00200 1.00 1.00 1.00 1.00 1.00 1.00 1.00 1.00
257 00200 00200 00200 00200 1.00 1.00 1.00 1.00 1.00 1.00 1.00 1.00
258 00200 00200 00200 00200 1.00 1.00 1.00 1.00 1.00 1.00 1.00 1.00
259 00200 00200 00200 00200 1.00 1.00 1.00 1.00 1.00 1.00 1.00 1.00
260 00200 00200 00200 00200 1.00 1.00 1.00 1.00 1.00 1.00 1.00 1.00
261 00200 00200 00200 00200 1.00 1.00 1.00 1.00 1.00 1.00 1.00 1.00
262 00200 00200 00200 00200 1.00 1.00 1.00 1.00 1.00 1.00 1.00 1.00
263 00200 00200 00200 00200 1.00 1.00 1.00 1.00 1.00 1.00 1.00 1.00
264 00200 00200 00200 00200 1.00 1.00 1.00 1.00 1.00 1.00 1.00 1.00
265 00200 00200 00200 00200 1.00 1.00 1.00 1.00 1.00 1.00 1.00 1.00
266 00200 00200 00200 00200 1.00 1.00 1.00 1.00 1.00 1.00 1.00 1.00
267 00200 00200 00200 00200 1.00 1.00 1.00 1.00 1.00 1.00 1.00 1.00
268 00200 00200 00200 00200 1.00 1.00 1.00 1.00 1.00 1.00 1.00 1.00
269 00200 00200 00200 00200 1.00 1.00 1.00 1.00 1.00 1.00 1.00 1.00
270 00200 00200 00200 00200 1.00 1.00 1.00 1.00 1.00 1.00 1.00 1.00
271 00200 00200 02200 00200 .68 .68 .68 .68 .75 .75 .75 .75
272 00200 00200 02200 00200 .68 .68 .68 .68 .75 .75 .75 .75
273 00200 00200 02200 00200 .68 .68 .68 .68 .75 .75 .75 .75
274 00200 00200 02200 00200 .68 .68 .68 .68 .75 .75 .75 .75
275 00200 00200 02200 00200 .68 .68 .68 .68 .75 .75 .75 .75
276 00200 00200 02200 00200 .68 .68 .68 .68 .75 .75 .75 .75
277 00200 00200 02200 00200 .68 .68 .68 .68 .75 .75 .75 .75
278 00200 00200 02200 00200 .68 .68 .68 .68 .75 .75 .75 .75
279 00200 00200 02200 00200 .68 .68 .68 .68 .75 .75 .75 .75
280 20200 20200 02200 20200 .48 .48 .48 .48 .60 .60 .60 .60
281 20200 20200 02200 20200 .48 .48 .48 .48 .60 .60 .60 .60
282 20200 20200 02200 20200 .48 .48 .48 .48 .60 .60 .60 .60
283 20200 20200 02200 20200 .48 .48 .48 .48 .60 .60 .60 .60
284 20200 20200 02200 20200 .48 .48 .48 .48 .60 .60 .60 .60
285 20200 20200 02200 20200 .48 .48 .48 .48 .60 .60 .60 .60
286 20200 20200 02000 20200 .16 .16 .16 .16 .37 .37 .37 .37
287 20200 20200 02000 20200 .16 .16 .16 .16 .37 .37 .37 .37
288 20200 20200 02000 20200 .16 .16 .16 .16 .37 .37 .37 .37
289 20200 20200 02000 20200 .16 .16 .16 .16 .37 .37 .37 .37
290 20200 20200 02000 20200 .16 .16 .16 .16 .37 .37 .37 .37
291 20200 20200 02000 20200 .16 .16 .16 .16 .37 .37 .37 .37
292 20200 20200 02000 20200 .16 .16 .16 .16 .37 .37 .37 .37
293 20200 20200 02000 20200 .16 .16 .16 .16 .37 .37 .37 .37
294 20200 20200 02000 20200 .16 .16 .16 .16 .37 .37 .37 .37
295 20200 20200 02000 20200 .16 .16 .16 .16 .37 .37 .37 .37
296 20200 20200 02000 20200 .16 .16 .16 .16 .37 .37 .37 .37
297 20200 20200 02000 20200 .16 .16 .16 .16 .37 .37 .37 .37
298 20200 20200 02000 20200 .16 .16 .16 .16 .37 .37 .37 .37
299 20200 20200 02000 20200 .16 .16 .16 .16 .37 .37 .37 .37
300 20200 20200 02000 20200 .16 .16 .16 .16 .37 .37 .37 .37
301 20200 20200 02000 20200 .16 .16 .16 .16 .37 .37 .37 .37
302 20200 20200 02000 20200 .16 .16 .16 .16 .37 .37 .37 .37
303 20200 20200 02000 20200 .16 .16 .16 .16 .37 .37 .37 .37
304 20200 20200 02000 20200 .16 .16 .16 .16 .37 .37 .37 .37
305 20200 20200 02000 20200 .16 .16 .16 .16 .37 .37 .37 .37
306 20200 20200 02000 20200 .16 .16 .16 .16 .37 .37 .37 .37
307 20200 20200 02000 20200 .16 .16 .16 .16 .37 .37 .37 .37
308 20200 20200 02000 20200 .16 .16 .16 .16 .37 .37 .37 .37
309 20200 20200 02000 20200 .16 .16 .16 .16 .37 .37 .37 .37
310 20000 20000 02000 20000 .22 .22 .22 .22 .41 .41 .41 .41
311 20000 20000 02000 20000 .22 .22 .22 .22 .41 .41 .41 .41
312 20000 20000 02000 20000 .22 .22 .22 .22 .41 .41 .41 .41
313 20000 20000 02000 20000 .22 .22 .22 .22 .41 .41 .41 .41
314 20000 20000 02000 20000 .22 .22 .22 .22 .41 .41 .41 .41
315 20000 20000 02000 20000 .22 .22 .22 .22 .41 .41 .41 .41
316 20000 20000 02000 20000 .22 .22 .22 .22 .41 .41 .41 .41
317 20000 20000 02000 20000 .22 .22 .22 .22 .41 .41 .41 .41
318 20000 20000 02000 20000 .22 .22 .22 .22 .41 .41 .41 .41
319 20000 20000 02000 20000 .22 .22 .22 .22 .41 .41 .41 .41
320 20000 20000 02000 20000 .22 .22 .22 .22 .41 .41 .41 .41
321 20000 20000 02000 20000 .22 .22 .22 .22 .41 .41 .41 .41
322 20000 20000 02000 20000 .22 .22 .22 .22 .41 .41 .41 .41
323 20000 20000 02000 20000 .22 .22 .22 .22 .41 .41 .41 .41
324 20000 20000 02000 20000 .22 .22 .22 .22 .41 .41 .41 .41
325 20000 20000 02000 20000 .22 .22 .22 .22 .41 .41 .41 .41
326 20000 20000 02000 20000 .22 .22 .22 .22 .41 .41 .41 .41
327 20000 20000 02000 20000 .22 .22 .22 .22 .41 .41 .41 .41
328 20000 20000 02000 20000 .22 .22 .22 .22 .41 .41 .41 .41
329 20000 20000 02000 20000 .22 .22 .22 .22 .41 .41 .41 .41
330 20000 20000 02000 20000 .22 .22 .22 .22 .41 .41 .41 .41
331 20000 20000 00000 20000 .46 .46 .46 .46 .63 .63 .63 .63
332 20000 20000 00000 20000 .46 .46 .46 .46 .63 .63 .63 .63
333 20000 20000 00000 20000 .46 .46 .46 .46 .63 .63 .63 .63
334 20000 20000 00000 20000 .46 .46 .46 .46 .63 .63 .63 .63
335 20000 20000 00000 20000 .46 .46 .46 .46 .63 .63 .63 .63
336 20000 20000 00000 20000 .46 .46 .46 .46 .63 .63 .63 .63
337 20000 20000 00000 20000 .46 .46 .46 .46 .63 .63 .63 .63
338 20000 20000 00000 20000 .46 .46 .46 .46 .63 .63 .63 .63
339 20000 20000 00000 20000 .46 .46 .46 .46 .63 .63 .63 .63
340 20000 20000 00000 20000 .46 .46 .46 .46 .63 .63 .63 .63
341 20000 20000 00000 20000 .46 .46 .46 .46 .63 .63 .63 .63
342 20000 20000 00000 20000 .46 .46 .46 .46 .63 .63 .63 .63
343 20000 20000 00000 20000 .46 .46 .46 .46 .63 .63 .63 .63
344 20000 20000 00000 20000 .46 .46 .46 .46 .63 .63 .63 .63
345 20000 20000 00000 20000 .46 .46 .46 .46 .63 .63 .63 .63
346 20000 20000 02020 20000 .05 .05 .05 .05 .24 .24 .24 .24
347 20000 20000 02020 20000 .05 .05 .05 .05 .24 .24 .24 .24
348 20000 20000 02020 20000 .05 .05 .05 .05 .24 .24 .24 .24
349 20000 20000 02020 20000 .05 .05 .05 .05 .24 .24 .24 .24
350 20020 20020 02020 20020 .48 .48 .48 .48 .60 .60 .60 .60
351 20020 20020 02020 20020 .48 .48 .48 .48 .60 .60 .60 .60
352 20020 20020 02020 20020 .48 .48 .48 .48 .60 .60 .60 .60
353 20020 20020 02020 20020 .48 .48 .48 .48 .60 .60 .60 .60
354 20020 20020 02020 20020 .48 .48 .48 .48 .60 .60 .60 .60
355 20020 20020 02020 20020 .48 .48 .48 .48 .60 .60 .60 .60
356 20020 20020 02020 20020 .48 .48 .48 .48 .60 .60 .60 .60
357 20020 20020 02020 20020 .48 .48 .48 .48 .60 .60 .60 .60
358 20020 20020 02020 20020 .48 .48 .48 .48 .60 .60 .60 .60
359 20020 20020 02020 20020 .48 .48 .48 .48 .60 .60 .60 .60
360 20020 20020 02020 20020 .48 .48 .48 .48 .60 .60 .60 .60
361 20020 20020 00020 20020 .72 .72 .72 .72 .79 .79 .79 .79
362 20020 20020 00020 20020 .72 .72 .72 .72 .79 .79 .79 .79
363 20020 20020 00020 20020 .72 .72 .72 .72 .79 .79 .79 .79
364 20020 20020 00020 20020 .72 .72 .72 .72 .79 .79 .79 .79
365 20020 20020 00020 20020 .72 .72 .72 .72 .79 .79 .79 .79
366 20020 20020 00020 20020 .72 .72 .72 .72 .79 .79 .79 .79
367 20020 20020 00020 20020 .72 .72 .72 .72 .79 .79 .79 .79
368 20020 20020 00020 20020 .72 .72 .72 .72 .79 .79 .79 .79
369 20020 20020 00020 20020 .72 .72 .72 .72 .79 .79 .79 .79
370 20020 20020 00020 20020 .72 .72 .72 .72 .79 .79 .79 .79
371 20020 20020 00020 20020 .72 .72 .72 .72 .79 .79 .79 .79
372 20020 20020 00020 20020 .72 .72 .72 .72 .79 .79 .79 .79
373 20020 20020 00020 20020 .72 .72 .72 .72 .79 .79 .79 .79
374 20020 20020 00020 20020 .72 .72 .72 .72 .79 .79 .79 .79
375 20020 20020 00020 20020 .72 .72 .72 .72 .79 .79 .79 .79
376 20020 20020 00020 20020 .72 .72 .72 .72 .79 .79 .79 .79
377 20020 20020 00020 20020 .72 .72 .72 .72 .79 .79 .79 .79
378 20020 20020 00020 20020 .72 .72 .72 .72 .79 .79 .79 .79
379 20020 20020 00020 20020 .72 .72 .72 .72 .79 .79 .79 .79
380 20020 20020 00020 20020 .72 .72 .72 .72 .79 .79 .79 .79
381 20020 20020 00020 20020 .72 .72 .72 .72 .79 .79 .79 .79
382 20020 20020 00020 20020 .72 .72 .72 .72 .79 .79 .79 .79
383 20020 20020 00020 20020 .72 .72 .72 .72 .79 .79 .79 .79
384 20020 20020 00020 20020 .72 .72 .72 .72 .79 .79 .79 .79
385 20020 20020 00020 20020 .72 .72 .72 .72 .79 .79 .79 .79
386 20020 20020 00020 20020 .72 .72 .72 .72 .79 .79 .79 .79
387 20020 20020 00020 20020 .72 .72 .72 .72 .79 .79 .79 .79
388 20020 20020 00020 20020 .72 .72 .72 .72 .79 .79 .79 .79
389 20020 20020 00020 20020 .72 .72 .72 .72 .79 .79 .79 .79
390 20200 20200 00020 20200 .16 .16 .16 .16 .37 .37 .37 .37
391 20200 20200 02020 20200 -0.04 -0.04 -0.04 -0.04 .21 .21 .21 .21
392 20200 20200 02020 20200 -0.04 -0.04 -0.04 -0.04 .21 .21 .21 .21
393 20200 20200 02020 20200 -0.04 -0.04 -0.04 -0.04 .21 .21 .21 .21
394 20200 20200 02020 20200 -0.04 -0.04 -0.04 -0.04 .21 .21 .21 .21
395 20200 20200 02020 20200 -0.04 -0.04 -0.04 -0.04 .21 .21 .21 .21
396 20200 20200 02020 20200 -0.04 -0.04 -0.04 -0.04 .21 .21 .21 .21
397 20200 20200 02020 20200 -0.04 -0.04 -0.04 -0.04 .21 .21 .21 .21
398 20200 20200 02020 20200 -0.04 -0.04 -0.04 -0.04 .21 .21 .21 .21
399 20200 20200 02020 20200 -0.04 -0.04 -0.04 -0.04 .21 .21 .21 .21
400 20200 20200 02020 20200 -0.04 -0.04 -0.04 -0.04 .21 .21 .21 .21
401 20200 20200 02020 20200 -0.04 -0.04 -0.04 -0.04 .21 .21 .21 .21
402 20200 20200 02020 20200 -0.04 -0.04 -0.04 -0.04 .21 .21 .21 .21
403 20200 20200 02020 20200 -0.04 -0.04 -0.04 -0.04 .21 .21 .21 .21
404 20200 20200 02020 20200 -0.04 -0.04 -0.04 -0.04 .21 .21 .21 .21
405 20200 20200 02020 20200 -0.04 -0.04 -0.04 -0.04 .21 .21 .21 .21
406 20200 20200 02020 20200 -0.04 -0.04 -0.04 -0.04 .21 .21 .21 .21
407 20200 20200 00020 20200 .16 .16 .16 .16 .37 .37 .37 .37
408 20200 20200 00020 20200 .16 .16 .16 .16 .37 .37 .37 .37
409 20200 20200 00020 20200 .16 .16 .16 .16 .37 .37 .37 .37
410 02200 02200 00020 02200 .16 .16 .16 .16 .37 .37 .37 .37
411 02200 02200 00020 02200 .16 .16 .16 .16 .37 .37 .37 .37
412 02200 02200 00020 02200 .16 .16 .16 .16 .37 .37 .37 .37
413 02200 02200 00020 02200 .16 .16 .16 .16 .37 .37 .37 .37
414 02200 02200 00020 02200 .16 .16 .16 .16 .37 .37 .37 .37
415 02200 02200 00020 02200 .16 .16 .16 .16 .37 .37 .37 .37
416 02200 02200 00020 02200 .16 .16 .16 .16 .37 .37 .37 .37
417 02200 02200 00020 02200 .16 .16 .16 .16 .37 .37 .37 .37
418 02200 02200 00020 02200 .16 .16 .16 .16 .37 .37 .37 .37
419 02200 02200 00020 02200 .16 .16 .16 .16 .37 .37 .37 .37
420 00200 00200 00020 00200 .22 .22 .22 .22 .41 .41 .41 .41
421 00200 00200 00020 00200 .22 .22 .22 .22 .41 .41 .41 .41
422 00200 00200 00000 00200 .46 .46 .46 .46 .63 .63 .63 .63
423 00200 00200 00000 00200 .46 .46 .46 .46 .63 .63 .63 .63
424 00200 00200 00000 00200 .46 .46 .46 .46 .63 .63 .63 .63
425 00200 00200 00000 00200 .46 .46 .46 .46 .63 .63 .63 .63
426 00200 00200 00000 00200 .46 .46 .46 .46 .63 .63 .63 .63
427 00200 00200 00000 00200 .46 .46 .46 .46 .63 .63 .63 .63
428 00200 00200 00000 00200 .46 .46 .46 .46 .63 .63 .63 .63
429 00200 00200 00000 00200 .46 .46 .46 .46 .63 .63 .63 .63
430 00200 00200 00000 00200 .46 .46 .46 .46 .63 .63 .63 .63
431 00200 00200 00000 00200 .46 .46 .46 .46 .63 .63 .63 .63
432 00200 00200 00000 00200 .46 .46 .46 .46 .63 .63 .63 .63
433 00200 00200 00000 00200 .46 .46 .46 .46 .63 .63 .63 .63
434 00200 00200 00000 00200 .46 .46 .46 .46 .63 .63 .63 .63
435 00200 00200 00000 00200 .46 .46 .46 .46 .63 .63 .63 .63
436 00200 00200 00000 00200 .46 .46 .46 .46 .63 .63 .63 .63
437 00200 00200 00020 00200 .22 .22 .22 .22 .41 .41 .41 .41
438 00200 00200 00020 00200 .22 .22 .22 .22 .41 .41 .41 .41
439 00200 00200 00020 00200 .22 .22 .22 .22 .41 .41 .41 .41
440 00200 00200 00020 00200 .22 .22 .22 .22 .41 .41 .41 .41
441 00200 00200 00020 00200 .22 .22 .22 .22 .41 .41 .41 .41
442 00200 00200 00020 00200 .22 .22 .22 .22 .41 .41 .41 .41
443 00200 00200 00020 00200 .22 .22 .22 .22 .41 .41 .41 .41
444 00200 00200 00020 00200 .22 .22 .22 .22 .41 .41 .41 .41
445 00200 00200 00020 00200 .22 .22 .22 .22 .41 .41 .41 .41
446 00200 00200 00020 00200 .22 .22 .22 .22 .41 .41 .41 .41
447 00200 00200 00020 00200 .22 .22 .22 .22 .41 .41 .41 .41
448 00200 00200 00020 00200 .22 .22 .22 .22 .41 .41 .41 .41
449 00200 00200 00020 00200 .22 .22 .22 .22 .41 .41 .41 .41
450 00200 00200 00020 00200 .22 .22 .22 .22 .41 .41 .41 .41
451 00200 00200 00020 00200 .22 .22 .22 .22 .41 .41 .41 .41
452 00200 00200 00200 00200 1.00 1.00 1.00 1.00 1.00 1.00 1.00 1.00
453 00200 00200 00200 00200 1.00 1.00 1.00 1.00 1.00 1.00 1.00 1.00
454 00200 00200 00200 00200 1.00 1.00 1.00 1.00 1.00 1.00 1.00 1.00
455 00200 00200 00200 00200 1.00 1.00 1.00 1.00 1.00 1.00 1.00 1.00
456 00200 00200 00200 00200 1.00 1.00 1.00 1.00 1.00 1.00 1.00 1.00
457 00200 00200 00200 00200 1.00 1.00 1.00 1.00 1.00 1.00 1.00 1.00
458 00200 00200 00200 00200 1.00 1.00 1.00 1.00 1.00 1.00 1.00 1.00
459 00200 00200 00200 00200 1.00 1.00 1.00 1.00 1.00 1.00 1.00 1.00
460 00200 00200 00200 00200 1.00 1.00 1.00 1.00 1.00 1.00 1.00 1.00
461 00200 00200 00200 00200 1.00 1.00 1.00 1.00 1.00 1.00 1.00 1.00
462 00200 00200 00200 00200 1.00 1.00 1.00 1.00 1.00 1.00 1.00 1.00
463 00200 00200 00200 00200 1.00 1.00 1.00 1.00 1.00 1.00 1.00 1.00
464 00200 00200 00200 00200 1.00 1.00 1.00 1.00 1.00 1.00 1.00 1.00
465 00200 00200 00200 00200 1.00 1.00 1.00 1.00 1.00 1.00 1.00 1.00
466 00200 00200 00200 00200 1.00 1.00 1.00 1.00 1.00 1.00 1.00 1.00
467 00200 00200 00200 00200 1.00 1.00 1.00 1.00 1.00 1.00 1.00 1.00
468 00200 00200 00200 00200 1.00 1.00 1.00 1.00 1.00 1.00 1.00 1.00
469 00200 00200 00200 00200 1.00 1.00 1.00 1.00 1.00 1.00 1.00 1.00
470 00200 00200 00200 00200 1.00 1.00 1.00 1.00 1.00 1.00 1.00 1.00
471 00200 00200 00200 00200 1.00 1.00 1.00 1.00 1.00 1.00 1.00 1.00
472 00200 00200 00200 00200 1.00 1.00 1.00 1.00 1.00 1.00 1.00 1.00
473 00200 00200 00200 00200 1.00 1.00 1.00 1.00 1.00 1.00 1.00 1.00
474 00200 00200 00200 00200 1.00 1.00 1.00 1.00 1.00 1.00 1.00 1.00
475 00200 00200 00200 00200 1.00 1.00 1.00 1.00 1.00 1.00 1.00 1.00
476 00200 00200 00200 00200 1.00 1.00 1.00 1.00 1.00 1.00 1.00 1.00
477 00200 00200 00200 00200 1.00 1.00 1.00 1.00 1.00 1.00 1.00 1.00
478 00200 00200 00200 00200 1.00 1.00 1.00 1.00 1.00 1.00 1.00 1.00
479 00200 00200 00200 00200 1.00 1.00 1.00 1.00 1.00 1.00 1.00 1.00
480 00200 00200 00200 00200 1.00 1.00 1.00 1.00 1.00 1.00 1.00 1.00
481 00200 00200 00200 00200 1.00 1.00 1.00 1.00 1.00 1.00 1.00 1.00
482 00200 00200 00200 00200 1.00 1.00 1.00 1.00 1.00 1.00 1.00 1.00
483 00200 00200 00200 00200 1.00 1.00 1.00 1.00 1.00 1.00 1.00 1.00
484 00200 00200 00200 00200 1.00 1.00 1.00 1.00 1.00 1.00 1.00 1.00
485 00200 00200 00200 00200 1.00 1.00 1.00 1.00 1.00 1.00 1.00 1.00
486 00200 00200 00200 00200 1.00 1.00 1.00 1.00 1.00 1.00 1.00 1.00
487 00200 00200 00200 00200 1.00 1.00 1.00 1.00 1.00 1.00 1.00 1.00
488 00200 00200 00200 00200 1.00 1.00 1.00 1.00 1.00 1.00 1.00 1.00
489 00200 00200 00200 00200 1.00 1.00 1.00 1.00 1.00 1.00 1.00 1.00
490 00200 00200 00200 00200 1.00 1.00 1.00 1.00 1.00 1.00 1.00 1.00
491 00200 00200 00200 00200 1.00 1.00 1.00 1.00 1.00 1.00 1.00 1.00
492 00200 00200 00200 00200 1.00 1.00 1.00 1.00 1.00 1.00 1.00 1.00
493 00200 00200 00200 00200 1.00 1.00 1.00 1.00 1.00 1.00 1.00 1.00
494 00200 00200 00200 00200 1.00 1.00 1.00 1.00 1.00 1.00 1.00 1.00
495 00200 00200 00200 00200 1.00 1.00 1.00 1.00 1.00 1.00 1.00 1.00
496 00200 00200 00200 00200 1.00 1.00 1.00 1.00 1.00 1.00 1.00 1.00
497 00200 00200 00200 00200 1.00 1.00 1.00 1.00 1.00 1.00 1.00 1.00
498 00200 00200 00200 00200 1.00 1.00 1.00 1.00 1.00 1.00 1.00 1.00
499 00200 00200 00200 00200 1.00 1.00 1.00 1.00 1.00 1.00 1.00 1.00
500 00200 00200 00200 00200 1.00 1.00 1.00 1.00 1.00 1.00 1.00 1.00
501 00200 00200 00200 00200 1.00 1.00 1.00 1.00 1.00 1.00 1.00 1.00
502 00200 00200 00200 00200 1.00 1.00 1.00 1.00 1.00 1.00 1.00 1.00
503 00200 00200 00200 00200 1.00 1.00 1.00 1.00 1.00 1.00 1.00 1.00
504 00200 00200 00200 00200 1.00 1.00 1.00 1.00 1.00 1.00 1.00 1.00
505 00200 00200 00200 00200 1.00 1.00 1.00 1.00 1.00 1.00 1.00 1.00
506 00200 00200 00200 00200 1.00 1.00 1.00 1.00 1.00 1.00 1.00 1.00
507 00200 00200 00200 00200 1.00 1.00 1.00 1.00 1.00 1.00 1.00 1.00
508 00200 00200 00200 00200 1.00 1.00 1.00 1.00 1.00 1.00 1.00 1.00
509 00200 00200 00200 00200 1.00 1.00 1.00 1.00 1.00 1.00 1.00 1.00
510 00201 00201 00200 00201 .75 .83 .90 .72 .82 .87 .93 .79
511 00201 00201 00200 00201 .75 .83 .90 .72 .82 .87 .93 .79
512 00201 00201 00200 00201 .75 .83 .90 .72 .82 .87 .93 .79
513 00201 00201 00200 00201 .75 .83 .90 .72 .82 .87 .93 .79
514 00201 00201 00200 00201 .75 .83 .90 .72 .82 .87 .93 .79
515 00201 00201 00200 00201 .75 .83 .90 .72 .82 .87 .93 .79
516 00201 00201 00200 00201 .75 .83 .90 .72 .82 .87 .93 .79
517 00201 00201 00200 00201 .75 .83 .90 .72 .82 .87 .93 .79
518 00201 00201 00200 00201 .75 .83 .90 .72 .82 .87 .93 .79
519 00201 00201 00200 00201 .75 .83 .90 .72 .82 .87 .93 .79
520 00201 00201 00200 00201 .75 .83 .90 .72 .82 .87 .93 .79
521 00201 00201 00200 00201 .75 .83 .90 .72 .82 .87 .93 .79
