0 00022 00022 00000 00022 .36 .36 .36 .36 .55 .55 .55 .55
1 00022 00022 00000 00022 .36 .36 .36 .36 .55 .55 .55 .55
2 00022 00022 00000 00022 .36 .36 .36 .36 .55 .55 .55 .55
3 00022 00022 00000 00022 .36 .36 .36 .36 .55 .55 .55 .55
4 00022 00022 00000 00022 .36 .36 .36 .36 .55 .55 .55 .55
5 00022 00022 00000 00022 .36 .36 .36 .36 .55 .55 .55 .55
6 00022 00022 00000 00022 .36 .36 .36 .36 .55 .55 .55 .55
7 00022 00022 00000 00022 .36 .36 .36 .36 .55 .55 .55 .55
8 00022 00022 00000 00022 .36 .36 .36 .36 .55 .55 .55 .55
9 00022 00022 00000 00022 .36 .36 .36 .36 .55 .55 .55 .55
10 00022 00022 00000 00022 .36 .36 .36 .36 .55 .55 .55 .55
11 00022 00022 00000 00022 .36 .36 .36 .36 .55 .55 .55 .55
12 00022 00022 00000 00022 .36 .36 .36 .36 .55 .55 .55 .55
13 00022 00022 00000 00022 .36 .36 .36 .36 .55 .55 .55 .55
14 00022 00022 00000 00022 .36 .36 .36 .36 .55 .55 .55 .55
15 00022 00022 00000 00022 .36 .36 .36 .36 .55 .55 .55 .55
16 00022 00022 00000 00022 .36 .36 .36 .36 .55 .55 .55 .55
17 00022 00022 00000 00022 .36 .36 .36 .36 .55 .55 .55 .55
18 00022 00022 00000 00022 .36 .36 .36 .36 .55 .55 .55 .55
19 00022 00022 00000 00022 .36 .36 .36 .36 .55 .55 .55 .55
20 00022 00022 00000 00022 .36 .36 .36 .36 .55 .55 .55 .55
21 00022 00022 00000 00022 .36 .36 .36 .36 .55 .55 .55 .55
22 00022 00022 00000 00022 .36 .36 .36 .36 .55 .55 .55 .55
23 00022 00022 00000 00022 .36 .36 .36 .36 .55 .55 .55 .55
24 00022 00022 00000 00022 .36 .36 .36 .36 .55 .55 .55 .55
25 00022 00022 00000 00022 .36 .36 .36 .36 .55 .55 .55 .55
26 00022 00022 00000 00022 .36 .36 .36 .36 .55 .55 .55 .55
27 00022 00022 00000 00022 .36 .36 .36 .36 .55 .55 .55 .55
28 00022 00022 00000 00022 .36 .36 .36 .36 .55 .55 .55 .55
29 00022 00022 00000 00022 .36 .36 .36 .36 .55 .55 .55 .55
30 00022 00022 00000 00022 .36 .36 .36 .36 .55 .55 .55 .55
31 00022 00022 00000 00022 .36 .36 .36 .36 .55 .55 .55 .55
32 00022 00022 00000 00022 .36 .36 .36 .36 .55 .55 .55 .55
33 00022 00022 00000 00022 .36 .36 .36 .36 .55 .55 .55 .55
34 00022 00022 00000 00022 .36 .36 .36 .36 .55 .55 .55 .55
35 00022 00022 00000 00022 .36 .36 .36 .36 .55 .55 .55 .55
36 00022 00022 00000 00022 .36 .36 .36 .36 .55 .55 .55 .55
37 00022 00022 00000 00022 .36 .36 .36 .36 .55 .55 .55 .55
38 00022 00022 00000 00022 .36 .36 .36 .36 .55 .55 .55 .55
39 00022 00022 00000 00022 .36 .36 .36 .36 .55 .55 .55 .55
40 00022 00022 00000 00022 .36 .36 .36 .36 .55 .55 .55 .55
41 00022 00022 00000 00022 .36 .36 .36 .36 .55 .55 .55 .55
42 00022 00022 00000 00022 .36 .36 .36 .36 .55 .55 .55 .55
43 00022 00022 00000 00022 .36 .36 .36 .36 .55 .55 .55 .55
44 00022 00022 00000 00022 .36 .36 .36 .36 .55 .55 .55 .55
45 00022 00022 00000 00022 .36 .36 .36 .36 .55 .55 .55 .55
46 00022 00022 00000 00022 .36 .36 .36 .36 .55 .55 .55 .55
47 00022 00022 00000 00022 .36 .36 .36 .36 .55 .55 .55 .55
48 00022 00022 00000 00022 .36 .36 .36 .36 .55 .55 .55 .55
49 00022 00022 00000 00022 .36 .36 .36 .36 .55 .55 .55 .55
50 00022 00022 00000 00022 .36 .36 .36 .36 .55 .55 .55 .55
51 00022 00022 00000 00022 .36 .36 .36 .36 .55 .55 .55 .55
52 00022 00022 00000 00022 .36 .36 .36 .36 .55 .55 .55 .55
53 00022 00022 00000 00022 .36 .36 .36 .36 .55 .55 .55 .55
54 00022 00022 00000 00022 .36 .36 .36 .36 .55 .55 .55 .55
55 00022 00022 00000 00022 .36 .36 .36 .36 .55 .55 .55 .55
56 00022 00022 00000 00022 .36 .36 .36 .36 .55 .55 .55 .55
57 00022 00022 00000 00022 .36 .36 .36 .36 .55 .55 .55 .55
58 00022 00022 00000 00022 .36 .36 .36 .36 .55 .55 .55 .55
59 00022 00022 00000 00022 .36 .36 .36 .36 .55 .55 .55 .55
60 00022 00022 00000 00022 .36 .36 .36 .36 .55 .55 .55 .55
61 00022 00022 00000 00022 .36 .36 .36 .36 .55 .55 .55 .55
62 00022 00022 00000 00022 .36 .36 .36 .36 .55 .55 .55 .55
63 00022 00022 00000 00022 .36 .36 .36 .36 .55 .55 .55 .55
64 00022 00022 00000 00022 .36 .36 .36 .36 .55 .55 .55 .55
65 00022 00022 00000 00022 .36 .36 .36 .36 .55 .55 .55 .55
66 00022 00022 00000 00022 .36 .36 .36 .36 .55 .55 .55 .55
67 00022 00022 00000 00022 .36 .36 .36 .36 .55 .55 .55 .55
68 00022 00022 00000 00022 .36 .36 .36 .36 .55 .55 .55 .55
69 00022 00022 00000 00022 .36 .36 .36 .36 .55 .55 .55 .55
70 00022 00022 00000 00022 .36 .36 .36 .36 .55 .55 .55 .55
71 00022 00022 00000 00022 .36 .36 .36 .36 .55 .55 .55 .55
72 00022 00022 00000 00022 .36 .36 .36 .36 .55 .55 .55 .55
73 00022 00022 00000 00022 .36 .36 .36 .36 .55 .55 .55 .55
74 00022 00022 00000 00022 .36 .36 .36 .36 .55 .55 .55 .55
75 00022 00022 00000 00022 .36 .36 .36 .36 .55 .55 .55 .55
76 00022 00022 00000 00022 .36 .36 .36 .36 .55 .55 .55 .55
77 00022 00022 00000 00022 .36 .36 .36 .36 .55 .55 .55 .55
78 00022 00022 00000 00022 .36 .36 .36 .36 .55 .55 .55 .55
79 00022 00022 00000 00022 .36 .36 .36 .36 .55 .55 .55 .55
80 00022 00022 00000 00022 .36 .36 .36 .36 .55 .55 .55 .55
81 00022 00022 00000 00022 .36 .36 .36 .36 .55 .55 .55 .55
82 00022 00022 00000 00022 .36 .36 .36 .36 .55 .55 .55 .55
83 00022 00022 00000 00022 .36 .36 .36 .36 .55 .55 .55 .55
84 00022 00022 00000 00022 .36 .36 .36 .36 .55 .55 .55 .55
85 00022 00022 00000 00022 .36 .36 .36 .36 .55 .55 .55 .55
86 00022 00022 00000 00022 .36 .36 .36 .36 .55 .55 .55 .55
87 00022 00022 00000 00022 .36 .36 .36 .36 .55 .55 .55 .55
88 00022 00022 00000 00022 .36 .36 .36 .36 .55 .55 .55 .55
89 00022 00022 00000 00022 .36 .36 .36 .36 .55 .55 .55 .55
90 00022 00022 00000 00022 .36 .36 .36 .36 .55 .55 .55 .55
91 00022 00022 00000 00022 .36 .36 .36 .36 .55 .55 .55 .55
92 00022 00022 00000 00022 .36 .36 .36 .36 .55 .55 .55 .55
93 00022 00022 00000 00022 .36 .36 .36 .36 .55 .55 .55 .55
94 00022 00022 00000 00022 .36 .36 .36 .36 .55 .55 .55 .55
95 00022 00022 00020 00022 .72 .72 .72 .72 .79 .79 .79 .79
96 00022 00022 00020 00022 .72 .72 .72 .72 .79 .79 .79 .79
97 00022 00022 00020 00022 .72 .72 .72 .72 .79 .79 .79 .79
98 00022 00022 00020 00022 .72 .72 .72 .72 .79 .79 .79 .79
99 00022 00022 00020 00022 .72 .72 .72 .72 .79 .79 .79 .79
100 00002 00002 00020 00002 .22 .22 .22 .22 .41 .41 .41 .41
101 00002 00002 00020 00002 .22 .22 .22 .22 .41 .41 .41 .41
102 00002 00002 00020 00002 .22 .22 .22 .22 .41 .41 .41 .41
103 00002 00002 00020 00002 .22 .22 .22 .22 .41 .41 .41 .41
104 00002 00002 00020 00002 .22 .22 .22 .22 .41 .41 .41 .41
105 00002 00002 00020 00002 .22 .22 .22 .22 .41 .41 .41 .41
106 00002 00002 00020 00002 .22 .22 .22 .22 .41 .41 .41 .41
107 00002 00002 00020 00002 .22 .22 .22 .22 .41 .41 .41 .41
108 00002 00002 00020 00002 .22 .22 .22 .22 .41 .41 .41 .41
109 00002 00002 00020 00002 .22 .22 .22 .22 .41 .41 .41 .41
110 00002 00002 00000 00002 .46 .46 .46 .46 .63 .63 .63 .63
111 00002 00002 00000 00002 .46 .46 .46 .46 .63 .63 .63 .63
112 00002 00002 00000 00002 .46 .46 .46 .46 .63 .63 .63 .63
113 00002 00002 00000 00002 .46 .46 .46 .46 .63 .63 .63 .63
114 00002 00002 00000 00002 .46 .46 .46 .46 .63 .63 .63 .63
115 00002 00002 00000 00002 .46 .46 .46 .46 .63 .63 .63 .63
116 00002 00002 00000 00002 .46 .46 .46 .46 .63 .63 .63 .63
117 00002 00002 00000 00002 .46 .46 .46 .46 .63 .63 .63 .63
118 00002 00002 00000 00002 .46 .46 .46 .46 .63 .63 .63 .63
119 00002 00002 00000 00002 .46 .46 .46 .46 .63 .63 .63 .63
120 00002 00002 00000 00002 .46 .46 .46 .46 .63 .63 .63 .63
121 00002 00002 00000 00002 .46 .46 .46 .46 .63 .63 .63 .63
122 00002 00002 00000 00002 .46 .46 .46 .46 .63 .63 .63 .63
123 00002 00002 00000 00002 .46 .46 .46 .46 .63 .63 .63 .63
124 00002 00002 00000 00002 .46 .46 .46 .46 .63 .63 .63 .63
125 00002 00002 00000 00002 .46 .46 .46 .46 .63 .63 .63 .63
126 00002 00002 00000 00002 .46 .46 .46 .46 .63 .63 .63 .63
127 00002 00002 00000 00002 .46 .46 .46 .46 .63 .63 .63 .63
128 00002 00002 00000 00002 .46 .46 .46 .46 .63 .63 .63 .63
129 00002 00002 00000 00002 .46 .46 .46 .46 .63 .63 .63 .63
130 00002 00002 00000 00002 .46 .46 .46 .46 .63 .63 .63 .63
131 00002 00002 00000 00002 .46 .46 .46 .46 .63 .63 .63 .63
132 00002 00002 00000 00002 .46 .46 .46 .46 .63 .63 .63 .63
133 00002 00002 00000 00002 .46 .46 .46 .46 .63 .63 .63 .63
134 00002 00002 00000 00002 .46 .46 .46 .46 .63 .63 .63 .63
135 00002 00002 00000 00002 .46 .46 .46 .46 .63 .63 .63 .63
136 00002 00002 00000 00002 .46 .46 .46 .46 .63 .63 .63 .63
137 00002 00002 00000 00002 .46 .46 .46 .46 .63 .63 .63 .63
138 00002 00002 00000 00002 .46 .46 .46 .46 .63 .63 .63 .63
139 00002 00002 00000 00002 .46 .46 .46 .46 .63 .63 .63 .63
140 00002 00002 00000 00002 .46 .46 .46 .46 .63 .63 .63 .63
141 00002 00002 00000 00002 .46 .46 .46 .46 .63 .63 .63 .63
142 00002 00002 00000 00002 .46 .46 .46 .46 .63 .63 .63 .63
143 00002 00002 00000 00002 .46 .46 .46 .46 .63 .63 .63 .63
144 00002 00002 00000 00002 .46 .46 .46 .46 .63 .63 .63 .63
145 00002 00002 00000 00002 .46 .46 .46 .46 .63 .63 .63 .63
146 00002 00002 00000 00002 .46 .46 .46 .46 .63 .63 .63 .63
147 00002 00002 00000 00002 .46 .46 .46 .46 .63 .63 .63 .63
148 00002 00002 00000 00002 .46 .46 .46 .46 .63 .63 .63 .63
149 00002 00002 00000 00002 .46 .46 .46 .46 .63 .63 .63 .63
150 00002 00022 00000 00002 .22 .22 .22 .22 .41 .41 .41 .41
151 00002 00022 00000 00002 .22 .22 .22 .22 .41 .41 .41 .41
152 00002 00022 00000 00002 .22 .22 .22 .22 .41 .41 .41 .41
153 00002 00022 00000 00002 .22 .22 .22 .22 .41 .41 .41 .41
154 00002 00022 00000 00002 .22 .22 .22 .22 .41 .41 .41 .41
155 00002 00022 00020 00022 .36 .36 .36 .36 .55 .55 .55 .55
156 00002 00022 00020 00022 .36 .36 .36 .36 .55 .55 .55 .55
157 00002 00022 00020 00022 .36 .36 .36 .36 .55 .55 .55 .55
158 00002 00022 00020 00022 .36 .36 .36 .36 .55 .55 .55 .55
159 00002 00022 00020 00022 .36 .36 .36 .36 .55 .55 .55 .55
160 00022 00022 00020 00022 .72 .72 .72 .72 .79 .79 .79 .79
161 00022 00022 00020 00022 .72 .72 .72 .72 .79 .79 .79 .79
162 00022 00022 00020 00022 .72 .72 .72 .72 .79 .79 .79 .79
163 00022 00022 00020 00022 .72 .72 .72 .72 .79 .79 .79 .79
164 00022 00022 00020 00022 .72 .72 .72 .72 .79 .79 .79 .79
165 00022 00022 00020 00022 .72 .72 .72 .72 .79 .79 .79 .79
166 00022 00022 00020 00022 .72 .72 .72 .72 .79 .79 .79 .79
167 00022 00022 00020 00022 .72 .72 .72 .72 .79 .79 .79 .79
168 00022 00022 00020 00022 .72 .72 .72 .72 .79 .79 .79 .79
169 00022 00022 00020 00022 .72 .72 .72 .72 .79 .79 .79 .79
170 00022 00022 00000 00022 .36 .36 .36 .36 .55 .55 .55 .55
171 00022 00022 00000 00022 .36 .36 .36 .36 .55 .55 .55 .55
172 00022 00022 00000 00022 .36 .36 .36 .36 .55 .55 .55 .55
173 00022 00022 00000 00022 .36 .36 .36 .36 .55 .55 .55 .55
174 00022 00022 00000 00022 .36 .36 .36 .36 .55 .55 .55 .55
175 00022 00022 00000 00022 .36 .36 .36 .36 .55 .55 .55 .55
176 00022 00022 00000 00022 .36 .36 .36 .36 .55 .55 .55 .55
177 00022 00022 00000 00022 .36 .36 .36 .36 .55 .55 .55 .55
178 00022 00022 00000 00022 .36 .36 .36 .36 .55 .55 .55 .55
179 00022 00022 00000 00022 .36 .36 .36 .36 .55 .55 .55 .55
180 00022 00022 00000 00022 .36 .36 .36 .36 .55 .55 .55 .55
181 00022 00022 00000 00022 .36 .36 .36 .36 .55 .55 .55 .55
182 00022 00022 00000 00022 .36 .36 .36 .36 .55 .55 .55 .55
183 00022 00022 00000 00022 .36 .36 .36 .36 .55 .55 .55 .55
184 00022 00022 00000 00022 .36 .36 .36 .36 .55 .55 .55 .55
185 00022 00022 00000 00022 .36 .36 .36 .36 .55 .55 .55 .55
186 00022 00022 00000 00022 .36 .36 .36 .36 .55 .55 .55 .55
187 00022 00022 00000 00022 .36 .36 .36 .36 .55 .55 .55 .55
188 00022 00022 00000 00022 .36 .36 .36 .36 .55 .55 .55 .55
189 00022 00022 00000 00022 .36 .36 .36 .36 .55 .55 .55 .55
190 00002 00002 00000 00002 .46 .46 .46 .46 .63 .63 .63 .63
191 00002 00002 00000 00002 .46 .46 .46 .46 .63 .63 .63 .63
192 00002 00002 00000 00002 .46 .46 .46 .46 .63 .63 .63 .63
193 00002 00002 00000 00002 .46 .46 .46 .46 .63 .63 .63 .63
194 00002 00002 00000 00002 .46 .46 .46 .46 .63 .63 .63 .63
195 00002 00002 00000 00002 .46 .46 .46 .46 .63 .63 .63 .63
196 00002 00002 00000 00002 .46 .46 .46 .46 .63 .63 .63 .63
197 00002 00002 00000 00002 .46 .46 .46 .46 .63 .63 .63 .63
198 00002 00002 00000 00002 .46 .46 .46 .46 .63 .63 .63 .63
199 00002 00002 00000 00002 .46 .46 .46 .46 .63 .63 .63 .63
200 00002 00002 00000 00002 .46 .46 .46 .46 .63 .63 .63 .63
201 00002 00002 00000 00002 .46 .46 .46 .46 .63 .63 .63 .63
202 00002 00002 00000 00002 .46 .46 .46 .46 .63 .63 .63 .63
203 00002 00002 00000 00002 .46 .46 .46 .46 .63 .63 .63 .63
204 00002 00002 00000 00002 .46 .46 .46 .46 .63 .63 .63 .63
205 00002 00002 00000 00002 .46 .46 .46 .46 .63 .63 .63 .63
206 00002 00002 00000 00002 .46 .46 .46 .46 .63 .63 .63 .63
207 00002 00002 00000 00002 .46 .46 .46 .46 .63 .63 .63 .63
208 00002 00002 00000 00002 .46 .46 .46 .46 .63 .63 .63 .63
209 00002 00002 00000 00002 .46 .46 .46 .46 .63 .63 .63 .63
210 00022 00002 00000 00002 .22 .22 .22 .22 .41 .41 .41 .41
211 00022 00002 00000 00002 .22 .22 .22 .22 .41 .41 .41 .41
212 00022 00002 00000 00002 .22 .22 .22 .22 .41 .41 .41 .41
213 00022 00002 00000 00002 .22 .22 .22 .22 .41 .41 .41 .41
214 00022 00002 00000 00002 .22 .22 .22 .22 .41 .41 .41 .41
215 00022 00002 00000 00002 .22 .22 .22 .22 .41 .41 .41 .41
216 00022 00002 00000 00002 .22 .22 .22 .22 .41 .41 .41 .41
217 00022 00002 00020 00022 .36 .36 .36 .36 .55 .55 .55 .55
218 00022 00002 00020 00022 .36 .36 .36 .36 .55 .55 .55 .55
219 00022 00002 00020 00022 .36 .36 .36 .36 .55 .55 .55 .55
220 00022 00022 00020 00022 .72 .72 .72 .72 .79 .79 .79 .79
221 00022 00022 00020 00022 .72 .72 .72 .72 .79 .79 .79 .79
222 00022 00022 00020 00022 .72 .72 .72 .72 .79 .79 .79 .79
223 00022 00022 00020 00022 .72 .72 .72 .72 .79 .79 .79 .79
224 00022 00022 00020 00022 .72 .72 .72 .72 .79 .79 .79 .79
225 00022 00022 00020 00022 .72 .72 .72 .72 .79 .79 .79 .79
226 00022 00022 00020 00022 .72 .72 .72 .72 .79 .79 .79 .79
227 00022 00022 00020 00022 .72 .72 .72 .72 .79 .79 .79 .79
228 00022 00022 00020 00022 .72 .72 .72 .72 .79 .79 .79 .79
229 00022 00022 00020 00022 .72 .72 .72 .72 .79 .79 .79 .79
230 00202 00202 00020 00202 .16 .16 .16 .16 .37 .37 .37 .37
231 00202 00202 00020 00202 .16 .16 .16 .16 .37 .37 .37 .37
232 00202 00202 00020 00202 .16 .16 .16 .16 .37 .37 .37 .37
233 00202 00202 00020 00202 .16 .16 .16 .16 .37 .37 .37 .37
234 00202 00202 00020 00202 .16 .16 .16 .16 .37 .37 .37 .37
235 00202 00202 00200 00202 .72 .72 .72 .72 .79 .79 .79 .79
236 00202 00202 00200 00202 .72 .72 .72 .72 .79 .79 .79 .79
237 00202 00202 00200 00202 .72 .72 .72 .72 .79 .79 .79 .79
238 00202 00202 00200 00202 .72 .72 .72 .72 .79 .79 .79 .79
239 00202 00202 00200 00202 .72 .72 .72 .72 .79 .79 .79 .79
240 00202 00202 00200 00202 .72 .72 .72 .72 .79 .79 .79 .79
241 00202 00202 00200 00202 .72 .72 .72 .72 .79 .79 .79 .79
242 00202 00202 00200 00202 .72 .72 .72 .72 .79 .79 .79 .79
243 00202 00202 00200 00202 .72 .72 .72 .72 .79 .79 .79 .79
244 00202 00202 00200 00202 .72 .72 .72 .72 .79 .79 .79 .79
245 00202 00202 00200 00202 .72 .72 .72 .72 .79 .79 .79 .79
246 00202 00202 00200 00202 .72 .72 .72 .72 .79 .79 .79 .79
247 00202 00202 00200 00202 .72 .72 .72 .72 .79 .79 .79 .79
248 00202 00202 00200 00202 .72 .72 .72 .72 .79 .79 .79 .79
249 00202 00202 00200 00202 .72 .72 .72 .72 .79 .79 .79 .79
250 00202 00202 00200 00202 .72 .72 .72 .72 .79 .79 .79 .79
251 00202 00202 00200 00202 .72 .72 .72 .72 .79 .79 .79 .79
252 00202 00202 00200 00202 .72 .72 .72 .72 .79 .79 .79 .79
253 00202 00202 00200 00202 .72 .72 .72 .72 .79 .79 .79 .79
254 00202 00202 00200 00202 .72 .72 .72 .72 .79 .79 .79 .79
255 00202 00202 00200 00202 .72 .72 .72 .72 .79 .79 .79 .79
256 00202 00202 00200 00202 .72 .72 .72 .72 .79 .79 .79 .79
257 00202 00202 00200 00202 .72 .72 .72 .72 .79 .79 .79 .79
258 00202 00202 00200 00202 .72 .72 .72 .72 .79 .79 .79 .79
259 00202 00202 00200 00202 .72 .72 .72 .72 .79 .79 .79 .79
260 00202 00202 00200 00202 .72 .72 .72 .72 .79 .79 .79 .79
261 00202 00202 00200 00202 .72 .72 .72 .72 .79 .79 .79 .79
262 00202 00202 00200 00202 .72 .72 .72 .72 .79 .79 .79 .79
263 00202 00202 00200 00202 .72 .72 .72 .72 .79 .79 .79 .79
264 00202 00202 00200 00202 .72 .72 .72 .72 .79 .79 .79 .79
265 00202 00202 00200 00202 .72 .72 .72 .72 .79 .79 .79 .79
266 00202 00202 00200 00202 .72 .72 .72 .72 .79 .79 .79 .79
267 00202 00202 00200 00202 .72 .72 .72 .72 .79 .79 .79 .79
268 00202 00202 00200 00202 .72 .72 .72 .72 .79 .79 .79 .79
269 00202 00202 00200 00202 .72 .72 .72 .72 .79 .79 .79 .79
270 00202 00202 00200 00202 .72 .72 .72 .72 .79 .79 .79 .79
271 00202 00202 00200 00202 .72 .72 .72 .72 .79 .79 .79 .79
272 00202 00202 00200 00202 .72 .72 .72 .72 .79 .79 .79 .79
273 00202 00202 00200 00202 .72 .72 .72 .72 .79 .79 .79 .79
274 00202 00202 00200 00202 .72 .72 .72 .72 .79 .79 .79 .79
275 00202 00202 00200 00202 .72 .72 .72 .72 .79 .79 .79 .79
276 00202 00202 00200 00202 .72 .72 .72 .72 .79 .79 .79 .79
277 00202 00202 00200 00202 .72 .72 .72 .72 .79 .79 .79 .79
278 00202 00202 00200 00202 .72 .72 .72 .72 .79 .79 .79 .79
279 00202 00202 00200 00202 .72 .72 .72 .72 .79 .79 .79 .79
280 00202 00202 00200 00202 .72 .72 .72 .72 .79 .79 .79 .79
281 00202 00202 00200 00202 .72 .72 .72 .72 .79 .79 .79 .79
282 00202 00202 00200 00202 .72 .72 .72 .72 .79 .79 .79 .79
283 00202 00202 00200 00202 .72 .72 .72 .72 .79 .79 .79 .79
284 00202 00202 00200 00202 .72 .72 .72 .72 .79 .79 .79 .79
285 00202 00202 00200 00202 .72 .72 .72 .72 .79 .79 .79 .79
286 00202 00202 00200 00202 .72 .72 .72 .72 .79 .79 .79 .79
287 00202 00202 00200 00202 .72 .72 .72 .72 .79 .79 .79 .79
288 00202 00202 00200 00202 .72 .72 .72 .72 .79 .79 .79 .79
289 00202 00202 00200 00202 .72 .72 .72 .72 .79 .79 .79 .79
290 00200 00200 00200 00200 1.00 1.00 1.00 1.00 1.00 1.00 1.00 1.00
291 00200 00200 00200 00200 1.00 1.00 1.00 1.00 1.00 1.00 1.00 1.00
292 00200 00200 00200 00200 1.00 1.00 1.00 1.00 1.00 1.00 1.00 1.00
293 00200 00200 00200 00200 1.00 1.00 1.00 1.00 1.00 1.00 1.00 1.00
294 00200 00200 00200 00200 1.00 1.00 1.00 1.00 1.00 1.00 1.00 1.00
295 00200 00200 00200 00200 1.00 1.00 1.00 1.00 1.00 1.00 1.00 1.00
296 00200 00200 00200 00200 1.00 1.00 1.00 1.00 1.00 1.00 1.00 1.00
297 00200 00200 00200 00200 1.00 1.00 1.00 1.00 1.00 1.00 1.00 1.00
298 00200 00200 00200 00200 1.00 1.00 1.00 1.00 1.00 1.00 1.00 1.00
299 00200 00200 00200 00200 1.00 1.00 1.00 1.00 1.00 1.00 1.00 1.00
300 00200 00200 00200 00200 1.00 1.00 1.00 1.00 1.00 1.00 1.00 1.00
301 00200 00200 00200 00200 1.00 1.00 1.00 1.00 1.00 1.00 1.00 1.00
302 00200 00200 00200 00200 1.00 1.00 1.00 1.00 1.00 1.00 1.00 1.00
303 00200 00200 00200 00200 1.00 1.00 1.00 1.00 1.00 1.00 1.00 1.00
304 00200 00200 00200 00200 1.00 1.00 1.00 1.00 1.00 1.00 1.00 1.00
305 00200 00200 00200 00200 1.00 1.00 1.00 1.00 1.00 1.00 1.00 1.00
306 00200 00200 00200 00200 1.00 1.00 1.00 1.00 1.00 1.00 1.00 1.00
307 00200 00200 00200 00200 1.00 1.00 1.00 1.00 1.00 1.00 1.00 1.00
308 00200 00200 00200 00200 1.00 1.00 1.00 1.00 1.00 1.00 1.00 1.00
309 00200 00200 00200 00200 1.00 1.00 1.00 1.00 1.00 1.00 1.00 1.00
310 00200 00200 00200 00200 1.00 1.00 1.00 1.00 1.00 1.00 1.00 1.00
311 00200 00200 00200 00200 1.00 1.00 1.00 1.00 1.00 1.00 1.00 1.00
312 00200 00200 00200 00200 1.00 1.00 1.00 1.00 1.00 1.00 1.00 1.00
313 00200 00200 00200 00200 1.00 1.00 1.00 1.00 1.00 1.00 1.00 1.00
314 00200 00200 00200 00200 1.00 1.00 1.00 1.00 1.00 1.00 1.00 1.00
315 00200 00200 00200 00200 1.00 1.00 1.00 1.00 1.00 1.00 1.00 1.00
316 00200 00200 00200 00200 1.00 1.00 1.00 1.00 1.00 1.00 1.00 1.00
317 00200 00200 00200 00200 1.00 1.00 1.00 1.00 1.00 1.00 1.00 1.00
318 00200 00200 00200 00200 1.00 1.00 1.00 1.00 1.00 1.00 1.00 1.00
319 00200 00200 00200 00200 1.00 1.00 1.00 1.00 1.00 1.00 1.00 1.00
320 00200 00200 00200 00200 1.00 1.00 1.00 1.00 1.00 1.00 1.00 1.00
321 00200 00200 00200 00200 1.00 1.00 1.00 1.00 1.00 1.00 1.00 1.00
322 00200 00200 00200 00200 1.00 1.00 1.00 1.00 1.00 1.00 1.00 1.00
323 00200 00200 00200 00200 1.00 1.00 1.00 1.00 1.00 1.00 1.00 1.00
324 00200 00200 00200 00200 1.00 1.00 1.00 1.00 1.00 1.00 1.00 1.00
325 00200 00200 00200 00200 1.00 1.00 1.00 1.00 1.00 1.00 1.00 1.00
326 00200 00200 00200 00200 1.00 1.00 1.00 1.00 1.00 1.00 1.00 1.00
327 00200 00200 00200 00200 1.00 1.00 1.00 1.00 1.00 1.00 1.00 1.00
328 00200 00200 00200 00200 1.00 1.00 1.00 1.00 1.00 1.00 1.00 1.00
329 00200 00200 00200 00200 1.00 1.00 1.00 1.00 1.00 1.00 1.00 1.00
330 00200 00200 00200 00200 1.00 1.00 1.00 1.00 1.00 1.00 1.00 1.00
331 00200 00200 00200 00200 1.00 1.00 1.00 1.00 1.00 1.00 1.00 1.00
332 00200 00200 00200 00200 1.00 1.00 1.00 1.00 1.00 1.00 1.00 1.00
333 00200 00200 00200 00200 1.00 1.00 1.00 1.00 1.00 1.00 1.00 1.00
334 00200 00200 00200 00200 1.00 1.00 1.00 1.00 1.00 1.00 1.00 1.00
335 00200 00200 00200 00200 1.00 1.00 1.00 1.00 1.00 1.00 1.00 1.00
336 00200 00200 00200 00200 1.00 1.00 1.00 1.00 1.00 1.00 1.00 1.00
337 00200 00200 00200 00200 1.00 1.00 1.00 1.00 1.00 1.00 1.00 1.00
338 00200 00200 00200 00200 1.00 1.00 1.00 1.00 1.00 1.00 1.00 1.00
339 00200 00200 00200 00200 1.00 1.00 1.00 1.00 1.00 1.00 1.00 1.00
340 00200 00200 00200 00200 1.00 1.00 1.00 1.00 1.00 1.00 1.00 1.00
341 00200 00200 00200 00200 1.00 1.00 1.00 1.00 1.00 1.00 1.00 1.00
342 00200 00200 00200 00200 1.00 1.00 1.00 1.00 1.00 1.00 1.00 1.00
343 00200 00200 00200 00200 1.00 1.00 1.00 1.00 1.00 1.00 1.00 1.00
344 00200 00200 00200 00200 1.00 1.00 1.00 1.00 1.00 1.00 1.00 1.00
345 00200 00200 00200 00200 1.00 1.00 1.00 1.00 1.00 1.00 1.00 1.00
346 00200 00200 00200 00200 1.00 1.00 1.00 1.00 1.00 1.00 1.00 1.00
347 00200 00200 00200 00200 1.00 1.00 1.00 1.00 1.00 1.00 1.00 1.00
348 00200 00200 00200 00200 1.00 1.00 1.00 1.00 1.00 1.00 1.00 1.00
349 00200 00200 00200 00200 1.00 1.00 1.00 1.00 1.00 1.00 1.00 1.00
350 00200 00200 00200 00200 1.00 1.00 1.00 1.00 1.00 1.00 1.00 1.00
351 00200 00200 00200 00200 1.00 1.00 1.00 1.00 1.00 1.00 1.00 1.00
352 00200 00200 00200 00200 1.00 1.00 1.00 1.00 1.00 1.00 1.00 1.00
353 00200 00200 00200 00200 1.00 1.00 1.00 1.00 1.00 1.00 1.00 1.00
354 00200 00200 00200 00200 1.00 1.00 1.00 1.00 1.00 1.00 1.00 1.00
355 00200 00200 00200 00200 1.00 1.00 1.00 1.00 1.00 1.00 1.00 1.00
356 00200 00200 00200 00200 1.00 1.00 1.00 1.00 1.00 1.00 1.00 1.00
357 00200 00200 00200 00200 1.00 1.00 1.00 1.00 1.00 1.00 1.00 1.00
358 00200 00200 00200 00200 1.00 1.00 1.00 1.00 1.00 1.00 1.00 1.00
359 00200 00200 00200 00200 1.00 1.00 1.00 1.00 1.00 1.00 1.00 1.00
360 00200 00200 00200 00200 1.00 1.00 1.00 1.00 1.00 1.00 1.00 1.00
361 00200 00200 00200 00200 1.00 1.00 1.00 1.00 1.00 1.00 1.00 1.00
362 00200 00200 00200 00200 1.00 1.00 1.00 1.00 1.00 1.00 1.00 1.00
363 00200 00200 00200 00200 1.00 1.00 1.00 1.00 1.00 1.00 1.00 1.00
364 00200 00200 00200 00200 1.00 1.00 1.00 1.00 1.00 1.00 1.00 1.00
365 00200 00200 00200 00200 1.00 1.00 1.00 1.00 1.00 1.00 1.00 1.00
366 00200 00200 00200 00200 1.00 1.00 1.00 1.00 1.00 1.00 1.00 1.00
367 00200 00200 00200 00200 1.00 1.00 1.00 1.00 1.00 1.00 1.00 1.00
368 00200 00200 02200 00200 .68 .68 .68 .68 .75 .75 .75 .75
369 00200 00200 02200 00200 .68 .68 .68 .68 .75 .75 .75 .75
370 00200 00200 02200 00200 .68 .68 .68 .68 .75 .75 .75 .75
371 00200 00200 02200 00200 .68 .68 .68 .68 .75 .75 .75 .75
372 00200 00200 02200 00200 .68 .68 .68 .68 .75 .75 .75 .75
373 00200 00200 02200 00200 .68 .68 .68 .68 .75 .75 .75 .75
374 00200 00200 02200 00200 .68 .68 .68 .68 .75 .75 .75 .75
375 00200 00200 02200 00200 .68 .68 .68 .68 .75 .75 .75 .75
376 00200 00200 02200 00200 .68 .68 .68 .68 .75 .75 .75 .75
377 00200 00200 02200 00200 .68 .68 .68 .68 .75 .75 .75 .75
378 00200 00200 02200 00200 .68 .68 .68 .68 .75 .75 .75 .75
379 00200 00200 02200 00200 .68 .68 .68 .68 .75 .75 .75 .75
380 00200 00200 02200 00200 .68 .68 .68 .68 .75 .75 .75 .75
381 00200 00200 02200 00200 .68 .68 .68 .68 .75 .75 .75 .75
382 00200 00200 02200 00200 .68 .68 .68 .68 .75 .75 .75 .75
383 00200 00200 02200 00200 .68 .68 .68 .68 .75 .75 .75 .75
384 00200 00200 02200 00200 .68 .68 .68 .68 .75 .75 .75 .75
385 00200 00200 02200 00200 .68 .68 .68 .68 .75 .75 .75 .75
386 00200 00200 02200 00200 .68 .68 .68 .68 .75 .75 .75 .75
387 00200 00200 02200 00200 .68 .68 .68 .68 .75 .75 .75 .75
388 00200 00200 02200 00200 .68 .68 .68 .68 .75 .75 .75 .75
389 00200 00200 02200 00200 .68 .68 .68 .68 .75 .75 .75 .75
390 00200 00200 02200 00200 .68 .68 .68 .68 .75 .75 .75 .75
391 00200 00200 02200 00200 .68 .68 .68 .68 .75 .75 .75 .75
392 00200 00200 02200 00200 .68 .68 .68 .68 .75 .75 .75 .75
393 00200 00200 02200 00200 .68 .68 .68 .68 .75 .75 .75 .75
394 00200 00200 02200 00200 .68 .68 .68 .68 .75 .75 .75 .75
395 00200 00200 02200 00200 .68 .68 .68 .68 .75 .75 .75 .75
396 00200 00200 02200 00200 .68 .68 .68 .68 .75 .75 .75 .75
397 00200 00200 02200 00200 .68 .68 .68 .68 .75 .75 .75 .75
398 00200 00200 02200 00200 .68 .68 .68 .68 .75 .75 .75 .75
399 00200 00200 02200 00200 .68 .68 .68 .68 .75 .75 .75 .75
400 00200 00200 02200 00200 .68 .68 .68 .68 .75 .75 .75 .75
401 00200 00200 00200 00200 1.00 1.00 1.00 1.00 1.00 1.00 1.00 1.00
402 00200 00200 00200 00200 1.00 1.00 1.00 1.00 1.00 1.00 1.00 1.00
403 00200 00200 00200 00200 1.00 1.00 1.00 1.00 1.00 1.00 1.00 1.00
404 00200 00200 00200 00200 1.00 1.00 1.00 1.00 1.00 1.00 1.00 1.00
405 00200 00200 00200 00200 1.00 1.00 1.00 1.00 1.00 1.00 1.00 1.00
406 00200 00200 00200 00200 1.00 1.00 1.00 1.00 1.00 1.00 1.00 1.00
407 00200 00200 00200 00200 1.00 1.00 1.00 1.00 1.00 1.00 1.00 1.00
408 00200 00200 00200 00200 1.00 1.00 1.00 1.00 1.00 1.00 1.00 1.00
409 00200 00200 00200 00200 1.00 1.00 1.00 1.00 1.00 1.00 1.00 1.00
410 00200 00200 00200 00200 1.00 1.00 1.00 1.00 1.00 1.00 1.00 1.00
411 00200 00200 00200 00200 1.00 1.00 1.00 1.00 1.00 1.00 1.00 1.00
412 00200 00200 00200 00200 1.00 1.00 1.00 1.00 1.00 1.00 1.00 1.00
413 00200 00200 00200 00200 1.00 1.00 1.00 1.00 1.00 1.00 1.00 1.00
414 00200 00200 00200 00200 1.00 1.00 1.00 1.00 1.00 1.00 1.00 1.00
415 00200 00200 00200 00200 1.00 1.00 1.00 1.00 1.00 1.00 1.00 1.00
416 00200 00200 02200 00200 .68 .68 .68 .68 .75 .75 .75 .75
417 00200 00200 02200 00200 .68 .68 .68 .68 .75 .75 .75 .75
418 00200 00200 02200 00200 .68 .68 .68 .68 .75 .75 .75 .75
419 00200 00200 02200 00200 .68 .68 .68 .68 .75 .75 .75 .75
420 00200 00200 02200 00200 .68 .68 .68 .68 .75 .75 .75 .75
421 00200 00200 02200 00200 .68 .68 .68 .68 .75 .75 .75 .75
422 00200 00200 02200 00200 .68 .68 .68 .68 .75 .75 .75 .75
423 00200 00200 02200 00200 .68 .68 .68 .68 .75 .75 .75 .75
424 00200 00200 02200 00200 .68 .68 .68 .68 .75 .75 .75 .75
425 00200 00200 02200 00200 .68 .68 .68 .68 .75 .75 .75 .75
426 00200 00200 02200 00200 .68 .68 .68 .68 .75 .75 .75 .75
427 00200 00200 02200 00200 .68 .68 .68 .68 .75 .75 .75 .75
428 00200 00200 02200 00200 .68 .68 .68 .68 .75 .75 .75 .75
429 00200 00200 02200 00200 .68 .68 .68 .68 .75 .75 .75 .75
430 00200 00200 02200 00200 .68 .68 .68 .68 .75 .75 .75 .75
431 00200 00200 02200 00200 .68 .68 .68 .68 .75 .75 .75 .75
432 00200 00200 02200 00200 .68 .68 .68 .68 .75 .75 .75 .75
433 00200 00200 02200 00200 .68 .68 .68 .68 .75 .75 .75 .75
434 00200 00200 02200 00200 .68 .68 .68 .68 .75 .75 .75 .75
435 00200 00200 02200 00200 .68 .68 .68 .68 .75 .75 .75 .75
436 00200 00200 02200 00200 .68 .68 .68 .68 .75 .75 .75 .75
437 00200 00200 02200 00200 .68 .68 .68 .68 .75 .75 .75 .75
438 00200 00200 02200 00200 .68 .68 .68 .68 .75 .75 .75 .75
439 00200 00200 02200 00200 .68 .68 .68 .68 .75 .75 .75 .75
440 00200 00200 02200 00200 .68 .68 .68 .68 .75 .75 .75 .75
441 00200 00200 02200 00200 .68 .68 .68 .68 .75 .75 .75 .75
442 00200 00200 02200 00200 .68 .68 .68 .68 .75 .75 .75 .75
443 00200 00200 02200 00200 .68 .68 .68 .68 .75 .75 .75 .75
444 00200 00200 02200 00200 .68 .68 .68 .68 .75 .75 .75 .75
445 00200 00200 02200 00200 .68 .68 .68 .68 .75 .75 .75 .75
446 00200 00200 02200 00200 .68 .68 .68 .68 .75 .75 .75 .75
447 00200 00200 02200 00200 .68 .68 .68 .68 .75 .75 .75 .75
448 00200 00200 02200 00200 .68 .68 .68 .68 .75 .75 .75 .75
449 00200 00200 02200 00200 .68 .68 .68 .68 .75 .75 .75 .75
450 00200 02200 02200 02200 .72 .72 .72 .72 .79 .79 .79 .79
451 00200 02200 02200 02200 .72 .72 .72 .72 .79 .79 .79 .79
452 00200 02200 02200 02200 .72 .72 .72 .72 .79 .79 .79 .79
453 00200 02200 02200 02200 .72 .72 .72 .72 .79 .79 .79 .79
454 00200 02200 02200 02200 .72 .72 .72 .72 .79 .79 .79 .79
455 00200 02200 02200 02200 .72 .72 .72 .72 .79 .79 .79 .79
456 00200 02200 02200 02200 .72 .72 .72 .72 .79 .79 .79 .79
457 00200 02200 02200 02200 .72 .72 .72 .72 .79 .79 .79 .79
458 00200 02200 02200 02200 .72 .72 .72 .72 .79 .79 .79 .79
459 00200 02200 02200 02200 .72 .72 .72 .72 .79 .79 .79 .79
460 20200 20200 02200 20200 .48 .48 .48 .48 .60 .60 .60 .60
461 20200 20200 20200 20200 1.00 1.00 1.00 1.00 1.00 1.00 1.00 1.00
462 20200 20200 20200 20200 1.00 1.00 1.00 1.00 1.00 1.00 1.00 1.00
463 20200 20200 20200 20200 1.00 1.00 1.00 1.00 1.00 1.00 1.00 1.00
464 20200 20200 20200 20200 1.00 1.00 1.00 1.00 1.00 1.00 1.00 1.00
465 20200 20200 20200 20200 1.00 1.00 1.00 1.00 1.00 1.00 1.00 1.00
466 20200 20200 20200 20200 1.00 1.00 1.00 1.00 1.00 1.00 1.00 1.00
467 20200 20200 20200 20200 1.00 1.00 1.00 1.00 1.00 1.00 1.00 1.00
468 20200 20200 20200 20200 1.00 1.00 1.00 1.00 1.00 1.00 1.00 1.00
469 20200 20200 20200 20200 1.00 1.00 1.00 1.00 1.00 1.00 1.00 1.00
470 20200 20200 20200 20200 1.00 1.00 1.00 1.00 1.00 1.00 1.00 1.00
471 20200 20200 20200 20200 1.00 1.00 1.00 1.00 1.00 1.00 1.00 1.00
472 20200 20200 20200 20200 1.00 1.00 1.00 1.00 1.00 1.00 1.00 1.00
473 20200 20200 20200 20200 1.00 1.00 1.00 1.00 1.00 1.00 1.00 1.00
474 20200 20200 20200 20200 1.00 1.00 1.00 1.00 1.00 1.00 1.00 1.00
475 20200 20200 20200 20200 1.00 1.00 1.00 1.00 1.00 1.00 1.00 1.00
476 20200 20200 20020 20200 .48 .48 .48 .48 .60 .60 .60 .60
477 20200 20200 20020 20200 .48 .48 .48 .48 .60 .60 .60 .60
478 20200 20200 20020 20200 .48 .48 .48 .48 .60 .60 .60 .60
479 20200 20200 20020 20200 .48 .48 .48 .48 .60 .60 .60 .60
480 20200 20020 20020 20020 .48 .48 .48 .48 .60 .60 .60 .60
481 20200 20020 20020 20020 .48 .48 .48 .48 .60 .60 .60 .60
482 20200 20020 20020 20020 .48 .48 .48 .48 .60 .60 .60 .60
483 20200 20020 20020 20020 .48 .48 .48 .48 .60 .60 .60 .60
484 20200 20020 20020 20020 .48 .48 .48 .48 .60 .60 .60 .60
485 20200 20020 20020 20020 .48 .48 .48 .48 .60 .60 .60 .60
486 20200 20020 20020 20020 .48 .48 .48 .48 .60 .60 .60 .60
487 20200 20020 20020 20020 .48 .48 .48 .48 .60 .60 .60 .60
488 20200 20020 20020 20020 .48 .48 .48 .48 .60 .60 .60 .60
489 20200 20020 20020 20020 .48 .48 .48 .48 .60 .60 .60 .60
490 20000 20000 20020 20000 .68 .68 .68 .68 .75 .75 .75 .75
491 20000 20000 20000 20000 1.00 1.00 1.00 1.00 1.00 1.00 1.00 1.00
492 20000 20000 20000 20000 1.00 1.00 1.00 1.00 1.00 1.00 1.00 1.00
493 20000 20000 20000 20000 1.00 1.00 1.00 1.00 1.00 1.00 1.00 1.00
494 20000 20000 20000 20000 1.00 1.00 1.00 1.00 1.00 1.00 1.00 1.00
495 20000 20000 20000 20000 1.00 1.00 1.00 1.00 1.00 1.00 1.00 1.00
496 20000 20000 20000 20000 1.00 1.00 1.00 1.00 1.00 1.00 1.00 1.00
497 20000 20000 20000 20000 1.00 1.00 1.00 1.00 1.00 1.00 1.00 1.00
498 20000 20000 20000 20000 1.00 1.00 1.00 1.00 1.00 1.00 1.00 1.00
499 20000 20000 20000 20000 1.00 1.00 1.00 1.00 1.00 1.00 1.00 1.00
500 20000 20000 20000 20000 1.00 1.00 1.00 1.00 1.00 1.00 1.00 1.00
501 20000 20000 20000 20000 1.00 1.00 1.00 1.00 1.00 1.00 1.00 1.00
502 20000 20000 20000 20000 1.00 1.00 1.00 1.00 1.00 1.00 1.00 1.00
503 20000 20000 20000 20000 1.00 1.00 1.00 1.00 1.00 1.00 1.00 1.00
504 20000 20000 20000 20000 1.00 1.00 1.00 1.00 1.00 1.00 1.00 1.00
505 20000 20000 20000 20000 1.00 1.00 1.00 1.00 1.00 1.00 1.00 1.00
506 20000 20000 20000 20000 1.00 1.00 1.00 1.00 1.00 1.00 1.00 1.00
507 20000 20000 20000 20000 1.00 1.00 1.00 1.00 1.00 1.00 1.00 1.00
508 20000 20000 20000 20000 1.00 1.00 1.00 1.00 1.00 1.00 1.00 1.00
509 20000 20000 20000 20000 1.00 1.00 1.00 1.00 1.00 1.00 1.00 1.00
510 20000 20000 20000 20000 1.00 1.00 1.00 1.00 1.00 1.00 1.00 1.00
511 20000 20000 20000 20000 1.00 1.00 1.00 1.00 1.00 1.00 1.00 1.00
512 20000 20000 20000 20000 1.00 1.00 1.00 1.00 1.00 1.00 1.00 1.00
513 20000 20000 20000 20000 1.00 1.00 1.00 1.00 1.00 1.00 1.00 1.00
514 20000 20000 20000 20000 1.00 1.00 1.00 1.00 1.00 1.00 1.00 1.00
515 20000 20000 20000 20000 1.00 1.00 1.00 1.00 1.00 1.00 1.00 1.00
516 20000 20000 20000 20000 1.00 1.00 1.00 1.00 1.00 1.00 1.00 1.00
517 20000 20000 20000 20000 1.00 1.00 1.00 1.00 1.00 1.00 1.00 1.00
518 20000 20000 20000 20000 1.00 1.00 1.00 1.00 1.00 1.00 1.00 1.00
519 20000 20000 20000 20000 1.00 1.00 1.00 1.00 1.00 1.00 1.00 1.00
520 20000 20000 20000 20000 1.00 1.00 1.00 1.00 1.00 1.00 1.00 1.00
521 20000 20000 20000 20000 1.00 1.00 1.00 1.00 1.00 1.00 1.00 1.00
522 20000 20000 20000 20000 1.00 1.00 1.00 1.00 1.00 1.00 1.00 1.00
523 20000 20000 20000 20000 1.00 1.00 1.00 1.00 1.00 1.00 1.00 1.00
524 20000 20000 20000 20000 1.00 1.00 1.00 1.00 1.00 1.00 1.00 1.00
525 20000 20000 20000 20000 1.00 1.00 1.00 1.00 1.00 1.00 1.00 1.00
526 20000 20000 20000 20000 1.00 1.00 1.00 1.00 1.00 1.00 1.00 1.00
527 20000 20000 20000 20000 1.00 1.00 1.00 1.00 1.00 1.00 1.00 1.00
528 20000 20000 20000 20000 1.00 1.00 1.00 1.00 1.00 1.00 1.00 1.00
529 20000 20000 20000 20000 1.00 1.00 1.00 1.00 1.00 1.00 1.00 1.00
530 20000 20000 20000 20000 1.00 1.00 1.00 1.00 1.00 1.00 1.00 1.00
531 20000 20000 20000 20000 1.00 1.00 1.00 1.00 1.00 1.00 1.00 1.00
532 20000 20000 20000 20000 1.00 1.00 1.00 1.00 1.00 1.00 1.00 1.00
533 20000 20000 20000 20000 1.00 1.00 1.00 1.00 1.00 1.00 1.00 1.00
534 20000 20000 20000 20000 1.00 1.00 1.00 1.00 1.00 1.00 1.00 1.00
535 20000 20000 20000 20000 1.00 1.00 1.00 1.00 1.00 1.00 1.00 1.00
536 20000 20000 20000 20000 1.00 1.00 1.00 1.00 1.00 1.00 1.00 1.00
537 20000 20000 20000 20000 1.00 1.00 1.00 1.00 1.00 1.00 1.00 1.00
538 20000 20000 20000 20000 1.00 1.00 1.00 1.00 1.00 1.00 1.00 1.00
539 20000 20000 20000 20000 1.00 1.00 1.00 1.00 1.00 1.00 1.00 1.00
540 20020 20000 20000 20000 .68 .68 .68 .68 .75 .75 .75 .75
541 20020 20000 20000 20000 .68 .68 .68 .68 .75 .75 .75 .75
542 20020 20000 20000 20000 .68 .68 .68 .68 .75 .75 .75 .75
543 20020 20000 20000 20000 .68 .68 .68 .68 .75 .75 .75 .75
544 20020 20000 20000 20000 .68 .68 .68 .68 .75 .75 .75 .75
545 20020 20000 20000 20000 .68 .68 .68 .68 .75 .75 .75 .75
546 20020 20000 20000 20000 .68 .68 .68 .68 .75 .75 .75 .75
547 20020 20000 20000 20000 .68 .68 .68 .68 .75 .75 .75 .75
548 20020 20000 20000 20000 .68 .68 .68 .68 .75 .75 .75 .75
549 20020 20000 20000 20000 .68 .68 .68 .68 .75 .75 .75 .75
550 20020 20020 20000 20020 .72 .72 .72 .72 .79 .79 .79 .79
551 20020 20020 20020 20020 1.00 1.00 1.00 1.00 1.00 1.00 1.00 1.00
552 20020 20020 20020 20020 1.00 1.00 1.00 1.00 1.00 1.00 1.00 1.00
553 20020 20020 20020 20020 1.00 1.00 1.00 1.00 1.00 1.00 1.00 1.00
554 20020 20020 20020 20020 1.00 1.00 1.00 1.00 1.00 1.00 1.00 1.00
555 20020 20020 20020 20020 1.00 1.00 1.00 1.00 1.00 1.00 1.00 1.00
556 20020 20020 20020 20020 1.00 1.00 1.00 1.00 1.00 1.00 1.00 1.00
557 20020 20020 20020 20020 1.00 1.00 1.00 1.00 1.00 1.00 1.00 1.00
558 20020 20020 20020 20020 1.00 1.00 1.00 1.00 1.00 1.00 1.00 1.00
559 20020 20020 20020 20020 1.00 1.00 1.00 1.00 1.00 1.00 1.00 1.00
560 20020 20020 20020 20020 1.00 1.00 1.00 1.00 1.00 1.00 1.00 1.00
561 20020 20020 20020 20020 1.00 1.00 1.00 1.00 1.00 1.00 1.00 1.00
562 20020 20020 20020 20020 1.00 1.00 1.00 1.00 1.00 1.00 1.00 1.00
563 20020 20020 20020 20020 1.00 1.00 1.00 1.00 1.00 1.00 1.00 1.00
