0 00202 00202 00000 00202 .36 .36 .36 .36 .55 .55 .55 .55
1 00202 00202 00020 00202 .16 .16 .16 .16 .37 .37 .37 .37
2 00202 00202 00020 00202 .16 .16 .16 .16 .37 .37 .37 .37
3 00202 00202 00020 00202 .16 .16 .16 .16 .37 .37 .37 .37
4 00202 00202 00020 00202 .16 .16 .16 .16 .37 .37 .37 .37
5 00202 00202 00020 00202 .16 .16 .16 .16 .37 .37 .37 .37
6 00202 00202 00020 00202 .16 .16 .16 .16 .37 .37 .37 .37
7 00202 00202 00020 00202 .16 .16 .16 .16 .37 .37 .37 .37
8 00202 00202 00020 00202 .16 .16 .16 .16 .37 .37 .37 .37
9 00202 00202 00020 00202 .16 .16 .16 .16 .37 .37 .37 .37
10 00202 00202 00020 00202 .16 .16 .16 .16 .37 .37 .37 .37
11 00202 00202 00020 00202 .16 .16 .16 .16 .37 .37 .37 .37
12 00202 00202 00020 00202 .16 .16 .16 .16 .37 .37 .37 .37
13 00202 00202 00020 00202 .16 .16 .16 .16 .37 .37 .37 .37
14 00202 00202 00020 00202 .16 .16 .16 .16 .37 .37 .37 .37
15 00202 00202 00020 00202 .16 .16 .16 .16 .37 .37 .37 .37
16 00202 00202 00020 00202 .16 .16 .16 .16 .37 .37 .37 .37
17 00202 00202 00020 00202 .16 .16 .16 .16 .37 .37 .37 .37
18 00202 00202 00020 00202 .16 .16 .16 .16 .37 .37 .37 .37
19 00202 00202 00020 00202 .16 .16 .16 .16 .37 .37 .37 .37
20 00202 00202 00020 00202 .16 .16 .16 .16 .37 .37 .37 .37
21 00202 00202 00020 00202 .16 .16 .16 .16 .37 .37 .37 .37
22 00202 00202 00020 00202 .16 .16 .16 .16 .37 .37 .37 .37
23 00202 00202 00020 00202 .16 .16 .16 .16 .37 .37 .37 .37
24 00202 00202 00020 00202 .16 .16 .16 .16 .37 .37 .37 .37
25 00202 00202 00020 00202 .16 .16 .16 .16 .37 .37 .37 .37
26 00202 00202 00020 00202 .16 .16 .16 .16 .37 .37 .37 .37
27 00202 00202 00020 00202 .16 .16 .16 .16 .37 .37 .37 .37
28 00202 00202 00020 00202 .16 .16 .16 .16 .37 .37 .37 .37
29 00202 00202 00020 00202 .16 .16 .16 .16 .37 .37 .37 .37
30 00202 00202 00020 00202 .16 .16 .16 .16 .37 .37 .37 .37
31 00202 00202 00020 00202 .16 .16 .16 .16 .37 .37 .37 .37
32 00202 00202 00020 00202 .16 .16 .16 .16 .37 .37 .37 .37
33 00202 00202 00020 00202 .16 .16 .16 .16 .37 .37 .37 .37
34 00202 00202 00020 00202 .16 .16 .16 .16 .37 .37 .37 .37
35 00202 00202 00020 00202 .16 .16 .16 .16 .37 .37 .37 .37
36 00202 00202 00020 00202 .16 .16 .16 .16 .37 .37 .37 .37
37 00202 00202 00020 00202 .16 .16 .16 .16 .37 .37 .37 .37
38 00202 00202 00020 00202 .16 .16 .16 .16 .37 .37 .37 .37
39 00202 00202 00020 00202 .16 .16 .16 .16 .37 .37 .37 .37
40 00200 00200 00020 00200 .22 .22 .22 .22 .41 .41 .41 .41
41 00200 00200 00020 00200 .22 .22 .22 .22 .41 .41 .41 .41
42 00200 00200 00020 00200 .22 .22 .22 .22 .41 .41 .41 .41
43 00200 00200 00020 00200 .22 .22 .22 .22 .41 .41 .41 .41
44 00200 00200 00020 00200 .22 .22 .22 .22 .41 .41 .41 .41
45 00200 00200 00020 00200 .22 .22 .22 .22 .41 .41 .41 .41
46 00200 00200 00020 00200 .22 .22 .22 .22 .41 .41 .41 .41
47 00200 00200 00020 00200 .22 .22 .22 .22 .41 .41 .41 .41
48 00200 00200 00020 00200 .22 .22 .22 .22 .41 .41 .41 .41
49 00200 00200 00020 00200 .22 .22 .22 .22 .41 .41 .41 .41
50 00200 00200 00020 00200 .22 .22 .22 .22 .41 .41 .41 .41
51 00200 00200 00020 00200 .22 .22 .22 .22 .41 .41 .41 .41
52 00200 00200 00020 00200 .22 .22 .22 .22 .41 .41 .41 .41
53 00200 00200 00020 00200 .22 .22 .22 .22 .41 .41 .41 .41
54 00200 00200 00020 00200 .22 .22 .22 .22 .41 .41 .41 .41
55 00200 00200 00020 00200 .22 .22 .22 .22 .41 .41 .41 .41
56 00200 00200 00020 00200 .22 .22 .22 .22 .41 .41 .41 .41
57 00200 00200 00020 00200 .22 .22 .22 .22 .41 .41 .41 .41
58 00200 00200 00020 00200 .22 .22 .22 .22 .41 .41 .41 .41
59 00200 00200 00020 00200 .22 .22 .22 .22 .41 .41 .41 .41
60 00200 00200 00020 00200 .22 .22 .22 .22 .41 .41 .41 .41
61 00200 00200 00020 00200 .22 .22 .22 .22 .41 .41 .41 .41
62 00200 00200 00020 00200 .22 .22 .22 .22 .41 .41 .41 .41
63 00200 00200 00020 00200 .22 .22 .22 .22 .41 .41 .41 .41
64 00200 00200 00020 00200 .22 .22 .22 .22 .41 .41 .41 .41
65 00200 00200 00020 00200 .22 .22 .22 .22 .41 .41 .41 .41
66 00200 00200 00020 00200 .22 .22 .22 .22 .41 .41 .41 .41
67 00200 00200 00020 00200 .22 .22 .22 .22 .41 .41 .41 .41
68 00200 00200 00020 00200 .22 .22 .22 .22 .41 .41 .41 .41
69 00200 00200 00020 00200 .22 .22 .22 .22 .41 .41 .41 .41
70 00200 00200 00020 00200 .22 .22 .22 .22 .41 .41 .41 .41
71 00200 00200 00020 00200 .22 .22 .22 .22 .41 .41 .41 .41
72 00200 00200 00020 00200 .22 .22 .22 .22 .41 .41 .41 .41
73 00200 00200 00020 00200 .22 .22 .22 .22 .41 .41 .41 .41
74 00200 00200 00020 00200 .22 .22 .22 .22 .41 .41 .41 .41
75 00200 00200 00020 00200 .22 .22 .22 .22 .41 .41 .41 .41
76 00200 00200 00020 00200 .22 .22 .22 .22 .41 .41 .41 .41
77 00200 00200 00020 00200 .22 .22 .22 .22 .41 .41 .41 .41
78 00200 00200 00020 00200 .22 .22 .22 .22 .41 .41 .41 .41
79 00200 00200 00020 00200 .22 .22 .22 .22 .41 .41 .41 .41
80 00200 00200 00020 00200 .22 .22 .22 .22 .41 .41 .41 .41
81 00200 00200 00020 00200 .22 .22 .22 .22 .41 .41 .41 .41
82 00200 00200 00020 00200 .22 .22 .22 .22 .41 .41 .41 .41
83 00200 00200 00020 00200 .22 .22 .22 .22 .41 .41 .41 .41
84 00200 00200 00020 00200 .22 .22 .22 .22 .41 .41 .41 .41
85 00200 00200 00020 00200 .22 .22 .22 .22 .41 .41 .41 .41
86 00200 00200 00020 00200 .22 .22 .22 .22 .41 .41 .41 .41
87 00200 00200 00020 00200 .22 .22 .22 .22 .41 .41 .41 .41
88 00200 00200 00020 00200 .22 .22 .22 .22 .41 .41 .41 .41
89 00200 00200 00020 00200 .22 .22 .22 .22 .41 .41 .41 .41
90 00200 00200 00020 00200 .22 .22 .22 .22 .41 .41 .41 .41
91 00200 00200 00020 00200 .22 .22 .22 .22 .41 .41 .41 .41
92 00200 00200 00020 00200 .22 .22 .22 .22 .41 .41 .41 .41
93 00200 00200 00020 00200 .22 .22 .22 .22 .41 .41 .41 .41
94 00200 00200 00020 00200 .22 .22 .22 .22 .41 .41 .41 .41
95 00200 00200 00020 00200 .22 .22 .22 .22 .41 .41 .41 .41
96 00200 00200 00020 00200 .22 .22 .22 .22 .41 .41 .41 .41
97 00200 00200 00020 00200 .22 .22 .22 .22 .41 .41 .41 .41
98 00200 00200 00020 00200 .22 .22 .22 .22 .41 .41 .41 .41
99 00200 00200 00020 00200 .22 .22 .22 .22 .41 .41 .41 .41
100 00200 00200 00020 00200 .22 .22 .22 .22 .41 .41 .41 .41
101 00200 00200 00020 00200 .22 .22 .22 .22 .41 .41 .41 .41
102 00200 00200 00020 00200 .22 .22 .22 .22 .41 .41 .41 .41
103 00200 00200 00020 00200 .22 .22 .22 .22 .41 .41 .41 .41
104 00200 00200 00020 00200 .22 .22 .22 .22 .41 .41 .41 .41
105 00200 00200 00020 00200 .22 .22 .22 .22 .41 .41 .41 .41
106 00200 00200 02020 00200 .05 .05 .05 .05 .24 .24 .24 .24
107 00200 00200 02020 00200 .05 .05 .05 .05 .24 .24 .24 .24
108 00200 00200 02020 00200 .05 .05 .05 .05 .24 .24 .24 .24
109 00200 00200 02020 00200 .05 .05 .05 .05 .24 .24 .24 .24
110 00200 00200 02020 00200 .05 .05 .05 .05 .24 .24 .24 .24
111 00200 00200 02020 00200 .05 .05 .05 .05 .24 .24 .24 .24
112 00200 00200 02020 00200 .05 .05 .05 .05 .24 .24 .24 .24
113 00200 00200 02020 00200 .05 .05 .05 .05 .24 .24 .24 .24
114 00200 00200 02020 00200 .05 .05 .05 .05 .24 .24 .24 .24
115 00200 00200 02020 00200 .05 .05 .05 .05 .24 .24 .24 .24
116 00200 00200 02020 00200 .05 .05 .05 .05 .24 .24 .24 .24
117 00200 00200 02020 00200 .05 .05 .05 .05 .24 .24 .24 .24
118 00200 00200 02020 00200 .05 .05 .05 .05 .24 .24 .24 .24
119 00200 00200 02020 00200 .05 .05 .05 .05 .24 .24 .24 .24
120 00200 00200 02020 00200 .05 .05 .05 .05 .24 .24 .24 .24
121 00200 00200 02020 00200 .05 .05 .05 .05 .24 .24 .24 .24
122 00200 00200 02020 00200 .05 .05 .05 .05 .24 .24 .24 .24
123 00200 00200 02020 00200 .05 .05 .05 .05 .24 .24 .24 .24
124 00200 00200 02020 00200 .05 .05 .05 .05 .24 .24 .24 .24
125 00200 00200 02020 00200 .05 .05 .05 .05 .24 .24 .24 .24
126 00200 00200 02020 00200 .05 .05 .05 .05 .24 .24 .24 .24
127 00200 00200 02020 00200 .05 .05 .05 .05 .24 .24 .24 .24
128 00200 00200 02020 00200 .05 .05 .05 .05 .24 .24 .24 .24
129 00200 00200 02020 00200 .05 .05 .05 .05 .24 .24 .24 .24
130 00200 00200 02020 00200 .05 .05 .05 .05 .24 .24 .24 .24
131 00200 00200 02020 00200 .05 .05 .05 .05 .24 .24 .24 .24
132 00200 00200 02020 00200 .05 .05 .05 .05 .24 .24 .24 .24
133 00200 00200 02020 00200 .05 .05 .05 .05 .24 .24 .24 .24
134 00200 00200 02020 00200 .05 .05 .05 .05 .24 .24 .24 .24
135 00200 00200 02020 00200 .05 .05 .05 .05 .24 .24 .24 .24
136 00200 00200 02020 00200 .05 .05 .05 .05 .24 .24 .24 .24
137 00200 00200 02020 00200 .05 .05 .05 .05 .24 .24 .24 .24
138 00200 00200 02020 00200 .05 .05 .05 .05 .24 .24 .24 .24
139 00200 00200 02020 00200 .05 .05 .05 .05 .24 .24 .24 .24
140 00200 00200 02020 00200 .05 .05 .05 .05 .24 .24 .24 .24
141 00200 00200 02020 00200 .05 .05 .05 .05 .24 .24 .24 .24
142 00200 00200 02020 00200 .05 .05 .05 .05 .24 .24 .24 .24
143 00200 00200 02020 00200 .05 .05 .05 .05 .24 .24 .24 .24
144 00200 00200 02020 00200 .05 .05 .05 .05 .24 .24 .24 .24
145 00200 00200 02020 00200 .05 .05 .05 .05 .24 .24 .24 .24
146 00200 00200 02020 00200 .05 .05 .05 .05 .24 .24 .24 .24
147 00200 00200 02020 00200 .05 .05 .05 .05 .24 .24 .24 .24
148 00200 00200 02020 00200 .05 .05 .05 .05 .24 .24 .24 .24
149 00200 00200 02020 00200 .05 .05 .05 .05 .24 .24 .24 .24
150 00200 00200 02020 00200 .05 .05 .05 .05 .24 .24 .24 .24
151 00200 00200 02020 00200 .05 .05 .05 .05 .24 .24 .24 .24
152 00200 00200 02020 00200 .05 .05 .05 .05 .24 .24 .24 .24
153 00200 00200 02020 00200 .05 .05 .05 .05 .24 .24 .24 .24
154 00200 00200 02020 00200 .05 .05 .05 .05 .24 .24 .24 .24
155 00200 00200 02020 00200 .05 .05 .05 .05 .24 .24 .24 .24
156 00200 00200 02020 00200 .05 .05 .05 .05 .24 .24 .24 .24
157 00200 00200 02020 00200 .05 .05 .05 .05 .24 .24 .24 .24
158 00200 00200 02020 00200 .05 .05 .05 .05 .24 .24 .24 .24
159 00200 00200 02020 00200 .05 .05 .05 .05 .24 .24 .24 .24
160 20200 20200 02020 20200 -0.04 -0.04 -0.04 -0.04 .21 .21 .21 .21
161 20200 20200 02020 20200 -0.04 -0.04 -0.04 -0.04 .21 .21 .21 .21
162 20200 20200 02020 20200 -0.04 -0.04 -0.04 -0.04 .21 .21 .21 .21
163 20200 20200 02020 20200 -0.04 -0.04 -0.04 -0.04 .21 .21 .21 .21
164 20200 20200 02020 20200 -0.04 -0.04 -0.04 -0.04 .21 .21 .21 .21
165 20200 20200 02020 20200 -0.04 -0.04 -0.04 -0.04 .21 .21 .21 .21
166 20200 20200 02020 20200 -0.04 -0.04 -0.04 -0.04 .21 .21 .21 .21
167 20200 20200 02020 20200 -0.04 -0.04 -0.04 -0.04 .21 .21 .21 .21
168 20200 20200 02020 20200 -0.04 -0.04 -0.04 -0.04 .21 .21 .21 .21
169 20200 20200 02020 20200 -0.04 -0.04 -0.04 -0.04 .21 .21 .21 .21
170 20200 20200 02020 20200 -0.04 -0.04 -0.04 -0.04 .21 .21 .21 .21
171 20200 20200 02020 20200 -0.04 -0.04 -0.04 -0.04 .21 .21 .21 .21
172 20200 20200 02020 20200 -0.04 -0.04 -0.04 -0.04 .21 .21 .21 .21
173 20200 20200 02020 20200 -0.04 -0.04 -0.04 -0.04 .21 .21 .21 .21
174 20200 20200 02020 20200 -0.04 -0.04 -0.04 -0.04 .21 .21 .21 .21
175 20200 20200 02020 20200 -0.04 -0.04 -0.04 -0.04 .21 .21 .21 .21
176 20200 20200 02020 20200 -0.04 -0.04 -0.04 -0.04 .21 .21 .21 .21
177 20200 20200 02020 20200 -0.04 -0.04 -0.04 -0.04 .21 .21 .21 .21
178 20200 20200 02020 20200 -0.04 -0.04 -0.04 -0.04 .21 .21 .21 .21
179 20200 20200 02020 20200 -0.04 -0.04 -0.04 -0.04 .21 .21 .21 .21
180 20020 20020 02020 20020 .48 .48 .48 .48 .60 .60 .60 .60
181 20020 20020 02020 20020 .48 .48 .48 .48 .60 .60 .60 .60
182 20020 20020 02020 20020 .48 .48 .48 .48 .60 .60 .60 .60
183 20020 20020 02020 20020 .48 .48 .48 .48 .60 .60 .60 .60
184 20020 20020 02020 20020 .48 .48 .48 .48 .60 .60 .60 .60
185 20020 20020 02020 20020 .48 .48 .48 .48 .60 .60 .60 .60
186 20020 20020 02020 20020 .48 .48 .48 .48 .60 .60 .60 .60
187 20020 20020 02020 20020 .48 .48 .48 .48 .60 .60 .60 .60
188 20020 20020 02020 20020 .48 .48 .48 .48 .60 .60 .60 .60
189 20020 20020 02020 20020 .48 .48 .48 .48 .60 .60 .60 .60
190 20000 20000 02020 20000 .05 .05 .05 .05 .24 .24 .24 .24
191 20000 20000 02020 20000 .05 .05 .05 .05 .24 .24 .24 .24
192 20000 20000 02020 20000 .05 .05 .05 .05 .24 .24 .24 .24
193 20000 20000 02020 20000 .05 .05 .05 .05 .24 .24 .24 .24
194 20000 20000 02020 20000 .05 .05 .05 .05 .24 .24 .24 .24
195 20000 20000 02000 20000 .22 .22 .22 .22 .41 .41 .41 .41
196 20000 20000 02000 20000 .22 .22 .22 .22 .41 .41 .41 .41
197 20000 20000 02000 20000 .22 .22 .22 .22 .41 .41 .41 .41
198 20000 20000 02000 20000 .22 .22 .22 .22 .41 .41 .41 .41
199 20000 20000 02000 20000 .22 .22 .22 .22 .41 .41 .41 .41
200 20000 20000 02000 20000 .22 .22 .22 .22 .41 .41 .41 .41
201 20000 20000 02000 20000 .22 .22 .22 .22 .41 .41 .41 .41
202 20000 20000 02000 20000 .22 .22 .22 .22 .41 .41 .41 .41
203 20000 20000 02000 20000 .22 .22 .22 .22 .41 .41 .41 .41
204 20000 20000 02000 20000 .22 .22 .22 .22 .41 .41 .41 .41
205 20000 20000 02000 20000 .22 .22 .22 .22 .41 .41 .41 .41
206 20000 20000 02000 20000 .22 .22 .22 .22 .41 .41 .41 .41
207 20000 20000 02000 20000 .22 .22 .22 .22 .41 .41 .41 .41
208 20000 20000 02000 20000 .22 .22 .22 .22 .41 .41 .41 .41
209 20000 20000 02000 20000 .22 .22 .22 .22 .41 .41 .41 .41
210 20000 20000 02000 20000 .22 .22 .22 .22 .41 .41 .41 .41
211 20000 20000 02000 20000 .22 .22 .22 .22 .41 .41 .41 .41
212 20000 20000 02000 20000 .22 .22 .22 .22 .41 .41 .41 .41
213 20000 20000 02000 20000 .22 .22 .22 .22 .41 .41 .41 .41
214 20000 20000 02000 20000 .22 .22 .22 .22 .41 .41 .41 .41
215 20000 20000 02000 20000 .22 .22 .22 .22 .41 .41 .41 .41
216 20000 20000 02000 20000 .22 .22 .22 .22 .41 .41 .41 .41
217 20000 20000 02000 20000 .22 .22 .22 .22 .41 .41 .41 .41
218 20000 20000 02000 20000 .22 .22 .22 .22 .41 .41 .41 .41
219 20000 20000 02000 20000 .22 .22 .22 .22 .41 .41 .41 .41
220 20000 20000 02000 20000 .22 .22 .22 .22 .41 .41 .41 .41
221 20000 20000 02000 20000 .22 .22 .22 .22 .41 .41 .41 .41
222 20000 20000 02000 20000 .22 .22 .22 .22 .41 .41 .41 .41
223 20000 20000 02000 20000 .22 .22 .22 .22 .41 .41 .41 .41
224 20000 20000 02000 20000 .22 .22 .22 .22 .41 .41 .41 .41
225 20000 20000 02000 20000 .22 .22 .22 .22 .41 .41 .41 .41
226 20000 20000 02000 20000 .22 .22 .22 .22 .41 .41 .41 .41
227 20000 20000 02000 20000 .22 .22 .22 .22 .41 .41 .41 .41
228 20000 20000 02000 20000 .22 .22 .22 .22 .41 .41 .41 .41
229 20000 20000 02000 20000 .22 .22 .22 .22 .41 .41 .41 .41
230 20000 20000 02000 20000 .22 .22 .22 .22 .41 .41 .41 .41
231 20000 20000 02000 20000 .22 .22 .22 .22 .41 .41 .41 .41
232 20000 20000 02000 20000 .22 .22 .22 .22 .41 .41 .41 .41
233 20000 20000 02000 20000 .22 .22 .22 .22 .41 .41 .41 .41
234 20000 20000 02000 20000 .22 .22 .22 .22 .41 .41 .41 .41
235 20000 20000 02000 20000 .22 .22 .22 .22 .41 .41 .41 .41
236 20000 20000 02000 20000 .22 .22 .22 .22 .41 .41 .41 .41
237 20000 20000 02000 20000 .22 .22 .22 .22 .41 .41 .41 .41
238 20000 20000 02000 20000 .22 .22 .22 .22 .41 .41 .41 .41
239 20000 20000 02000 20000 .22 .22 .22 .22 .41 .41 .41 .41
240 20000 20000 02020 20000 .05 .05 .05 .05 .24 .24 .24 .24
241 20000 20000 02020 20000 .05 .05 .05 .05 .24 .24 .24 .24
242 20000 20000 02020 20000 .05 .05 .05 .05 .24 .24 .24 .24
243 20000 20000 02020 20000 .05 .05 .05 .05 .24 .24 .24 .24
244 20000 20000 02020 20000 .05 .05 .05 .05 .24 .24 .24 .24
245 20000 20000 02020 20000 .05 .05 .05 .05 .24 .24 .24 .24
246 20000 20000 02020 20000 .05 .05 .05 .05 .24 .24 .24 .24
247 20000 20000 02020 20000 .05 .05 .05 .05 .24 .24 .24 .24
248 20000 20000 02020 20000 .05 .05 .05 .05 .24 .24 .24 .24
249 20000 20000 02020 20000 .05 .05 .05 .05 .24 .24 .24 .24
250 20000 20000 02020 20000 .05 .05 .05 .05 .24 .24 .24 .24
251 20000 20000 02020 20000 .05 .05 .05 .05 .24 .24 .24 .24
252 20000 20000 02020 20000 .05 .05 .05 .05 .24 .24 .24 .24
253 20000 20000 02020 20000 .05 .05 .05 .05 .24 .24 .24 .24
254 20000 20000 02020 20000 .05 .05 .05 .05 .24 .24 .24 .24
255 20000 20000 02020 20000 .05 .05 .05 .05 .24 .24 .24 .24
256 20000 20000 02020 20000 .05 .05 .05 .05 .24 .24 .24 .24
257 20000 20000 02020 20000 .05 .05 .05 .05 .24 .24 .24 .24
258 20000 20000 02020 20000 .05 .05 .05 .05 .24 .24 .24 .24
259 20000 20000 02020 20000 .05 .05 .05 .05 .24 .24 .24 .24
260 20200 20200 02020 20200 -0.04 -0.04 -0.04 -0.04 .21 .21 .21 .21
261 20200 20200 02020 20200 -0.04 -0.04 -0.04 -0.04 .21 .21 .21 .21
262 20200 20200 02020 20200 -0.04 -0.04 -0.04 -0.04 .21 .21 .21 .21
263 20200 20200 02020 20200 -0.04 -0.04 -0.04 -0.04 .21 .21 .21 .21
264 20200 20200 02020 20200 -0.04 -0.04 -0.04 -0.04 .21 .21 .21 .21
265 20200 20200 02020 20200 -0.04 -0.04 -0.04 -0.04 .21 .21 .21 .21
266 20200 20200 02020 20200 -0.04 -0.04 -0.04 -0.04 .21 .21 .21 .21
267 20200 20200 02020 20200 -0.04 -0.04 -0.04 -0.04 .21 .21 .21 .21
268 20200 20200 02020 20200 -0.04 -0.04 -0.04 -0.04 .21 .21 .21 .21
269 20200 20200 02020 20200 -0.04 -0.04 -0.04 -0.04 .21 .21 .21 .21
270 20000 20000 02000 20000 .22 .22 .22 .22 .41 .41 .41 .41
271 20000 20000 02000 20000 .22 .22 .22 .22 .41 .41 .41 .41
272 20000 20000 02000 20000 .22 .22 .22 .22 .41 .41 .41 .41
273 20000 20000 02000 20000 .22 .22 .22 .22 .41 .41 .41 .41
274 20000 20000 02000 20000 .22 .22 .22 .22 .41 .41 .41 .41
275 20000 20000 02000 20000 .22 .22 .22 .22 .41 .41 .41 .41
276 20000 20000 02000 20000 .22 .22 .22 .22 .41 .41 .41 .41
277 20000 20000 02000 20000 .22 .22 .22 .22 .41 .41 .41 .41
278 20000 20000 02000 20000 .22 .22 .22 .22 .41 .41 .41 .41
279 20000 20000 02000 20000 .22 .22 .22 .22 .41 .41 .41 .41
280 20000 20000 02000 20000 .22 .22 .22 .22 .41 .41 .41 .41
281 20000 20000 02000 20000 .22 .22 .22 .22 .41 .41 .41 .41
282 20000 20000 02000 20000 .22 .22 .22 .22 .41 .41 .41 .41
283 20000 20000 02000 20000 .22 .22 .22 .22 .41 .41 .41 .41
284 20000 20000 02000 20000 .22 .22 .22 .22 .41 .41 .41 .41
285 20000 20000 20000 20000 1.00 1.00 1.00 1.00 1.00 1.00 1.00 1.00
286 20000 20000 20000 20000 1.00 1.00 1.00 1.00 1.00 1.00 1.00 1.00
287 20000 20000 20000 20000 1.00 1.00 1.00 1.00 1.00 1.00 1.00 1.00
288 20000 20000 20000 20000 1.00 1.00 1.00 1.00 1.00 1.00 1.00 1.00
289 20000 20000 20000 20000 1.00 1.00 1.00 1.00 1.00 1.00 1.00 1.00
290 20000 20000 20000 20000 1.00 1.00 1.00 1.00 1.00 1.00 1.00 1.00
291 20000 20000 20000 20000 1.00 1.00 1.00 1.00 1.00 1.00 1.00 1.00
292 20000 20000 20000 20000 1.00 1.00 1.00 1.00 1.00 1.00 1.00 1.00
293 20000 20000 20000 20000 1.00 1.00 1.00 1.00 1.00 1.00 1.00 1.00
294 20000 20000 20000 20000 1.00 1.00 1.00 1.00 1.00 1.00 1.00 1.00
295 20000 20000 20000 20000 1.00 1.00 1.00 1.00 1.00 1.00 1.00 1.00
296 20000 20000 20000 20000 1.00 1.00 1.00 1.00 1.00 1.00 1.00 1.00
297 20000 20000 20000 20000 1.00 1.00 1.00 1.00 1.00 1.00 1.00 1.00
298 20000 20000 20000 20000 1.00 1.00 1.00 1.00 1.00 1.00 1.00 1.00
299 20000 20000 20000 20000 1.00 1.00 1.00 1.00 1.00 1.00 1.00 1.00
300 20000 20000 02020 20000 .05 .05 .05 .05 .24 .24 .24 .24
301 20000 20000 02020 20000 .05 .05 .05 .05 .24 .24 .24 .24
302 20000 20000 02020 20000 .05 .05 .05 .05 .24 .24 .24 .24
303 20000 20000 02020 20000 .05 .05 .05 .05 .24 .24 .24 .24
304 20000 20000 02020 20000 .05 .05 .05 .05 .24 .24 .24 .24
305 20000 20000 02020 20000 .05 .05 .05 .05 .24 .24 .24 .24
306 20000 20000 02020 20000 .05 .05 .05 .05 .24 .24 .24 .24
307 20000 20000 02020 20000 .05 .05 .05 .05 .24 .24 .24 .24
308 20000 20000 02020 20000 .05 .05 .05 .05 .24 .24 .24 .24
309 20000 20000 02020 20000 .05 .05 .05 .05 .24 .24 .24 .24
310 20200 20200 02020 20200 -0.04 -0.04 -0.04 -0.04 .21 .21 .21 .21
311 20200 20200 02020 20200 -0.04 -0.04 -0.04 -0.04 .21 .21 .21 .21
312 20200 20200 02020 20200 -0.04 -0.04 -0.04 -0.04 .21 .21 .21 .21
313 20200 20200 02020 20200 -0.04 -0.04 -0.04 -0.04 .21 .21 .21 .21
314 20200 20200 02020 20200 -0.04 -0.04 -0.04 -0.04 .21 .21 .21 .21
315 20200 20200 02020 20200 -0.04 -0.04 -0.04 -0.04 .21 .21 .21 .21
316 20200 20200 02020 20200 -0.04 -0.04 -0.04 -0.04 .21 .21 .21 .21
317 20200 20200 02020 20200 -0.04 -0.04 -0.04 -0.04 .21 .21 .21 .21
318 20200 20200 02020 20200 -0.04 -0.04 -0.04 -0.04 .21 .21 .21 .21
319 20200 20200 02020 20200 -0.04 -0.04 -0.04 -0.04 .21 .21 .21 .21
320 20200 20200 02020 20200 -0.04 -0.04 -0.04 -0.04 .21 .21 .21 .21
321 20200 20200 02020 20200 -0.04 -0.04 -0.04 -0.04 .21 .21 .21 .21
322 20200 20200 02020 20200 -0.04 -0.04 -0.04 -0.04 .21 .21 .21 .21
323 20200 20200 02020 20200 -0.04 -0.04 -0.04 -0.04 .21 .21 .21 .21
324 20200 20200 02020 20200 -0.04 -0.04 -0.04 -0.04 .21 .21 .21 .21
325 20200 20200 02020 20200 -0.04 -0.04 -0.04 -0.04 .21 .21 .21 .21
326 20200 20200 02020 20200 -0.04 -0.04 -0.04 -0.04 .21 .21 .21 .21
327 20200 20200 02020 20200 -0.04 -0.04 -0.04 -0.04 .21 .21 .21 .21
328 20200 20200 02020 20200 -0.04 -0.04 -0.04 -0.04 .21 .21 .21 .21
329 20200 20200 02020 20200 -0.04 -0.04 -0.04 -0.04 .21 .21 .21 .21
330 20200 20200 00020 20200 .16 .16 .16 .16 .37 .37 .37 .37
331 20200 20200 00020 20200 .16 .16 .16 .16 .37 .37 .37 .37
332 20200 20200 00020 20200 .16 .16 .16 .16 .37 .37 .37 .37
333 20200 20200 00020 20200 .16 .16 .16 .16 .37 .37 .37 .37
334 20200 20200 00020 20200 .16 .16 .16 .16 .37 .37 .37 .37
335 20200 20200 00020 20200 .16 .16 .16 .16 .37 .37 .37 .37
336 20200 20200 00020 20200 .16 .16 .16 .16 .37 .37 .37 .37
337 20200 20200 00020 20200 .16 .16 .16 .16 .37 .37 .37 .37
338 20200 20200 00020 20200 .16 .16 .16 .16 .37 .37 .37 .37
339 20200 20200 00020 20200 .16 .16 .16 .16 .37 .37 .37 .37
340 20200 20200 00020 20200 .16 .16 .16 .16 .37 .37 .37 .37
341 20200 20200 00020 20200 .16 .16 .16 .16 .37 .37 .37 .37
342 20200 20200 00020 20200 .16 .16 .16 .16 .37 .37 .37 .37
343 20200 20200 00020 20200 .16 .16 .16 .16 .37 .37 .37 .37
344 20200 20200 00020 20200 .16 .16 .16 .16 .37 .37 .37 .37
345 20200 20200 00020 20200 .16 .16 .16 .16 .37 .37 .37 .37
346 20200 20200 00020 20200 .16 .16 .16 .16 .37 .37 .37 .37
347 20200 20200 00020 20200 .16 .16 .16 .16 .37 .37 .37 .37
348 20200 20200 00020 20200 .16 .16 .16 .16 .37 .37 .37 .37
349 20200 20200 00020 20200 .16 .16 .16 .16 .37 .37 .37 .37
350 20200 20200 00020 20200 .16 .16 .16 .16 .37 .37 .37 .37
351 20200 20200 00020 20200 .16 .16 .16 .16 .37 .37 .37 .37
352 20200 20200 00020 20200 .16 .16 .16 .16 .37 .37 .37 .37
353 20200 20200 00020 20200 .16 .16 .16 .16 .37 .37 .37 .37
354 20200 20200 00020 20200 .16 .16 .16 .16 .37 .37 .37 .37
355 20200 20200 00020 20200 .16 .16 .16 .16 .37 .37 .37 .37
356 20200 20200 00020 20200 .16 .16 .16 .16 .37 .37 .37 .37
357 20200 20200 00020 20200 .16 .16 .16 .16 .37 .37 .37 .37
358 20200 20200 00020 20200 .16 .16 .16 .16 .37 .37 .37 .37
359 20200 20200 00020 20200 .16 .16 .16 .16 .37 .37 .37 .37
360 20200 20200 00020 20200 .16 .16 .16 .16 .37 .37 .37 .37
361 20200 20200 00020 20200 .16 .16 .16 .16 .37 .37 .37 .37
362 20200 20200 00020 20200 .16 .16 .16 .16 .37 .37 .37 .37
363 20200 20200 00020 20200 .16 .16 .16 .16 .37 .37 .37 .37
364 20200 20200 00020 20200 .16 .16 .16 .16 .37 .37 .37 .37
365 20200 20200 00020 20200 .16 .16 .16 .16 .37 .37 .37 .37
366 20200 20200 00020 20200 .16 .16 .16 .16 .37 .37 .37 .37
367 20200 20200 00020 20200 .16 .16 .16 .16 .37 .37 .37 .37
368 20200 20200 00020 20200 .16 .16 .16 .16 .37 .37 .37 .37
369 20200 20200 00020 20200 .16 .16 .16 .16 .37 .37 .37 .37
370 02200 02200 00020 02200 .16 .16 .16 .16 .37 .37 .37 .37
371 02200 02200 00020 02200 .16 .16 .16 .16 .37 .37 .37 .37
372 02200 02200 00020 02200 .16 .16 .16 .16 .37 .37 .37 .37
373 02200 02200 00020 02200 .16 .16 .16 .16 .37 .37 .37 .37
374 02200 02200 00020 02200 .16 .16 .16 .16 .37 .37 .37 .37
375 02200 02200 00020 02200 .16 .16 .16 .16 .37 .37 .37 .37
376 02200 02200 00020 02200 .16 .16 .16 .16 .37 .37 .37 .37
377 02200 02200 00020 02200 .16 .16 .16 .16 .37 .37 .37 .37
378 02200 02200 00020 02200 .16 .16 .16 .16 .37 .37 .37 .37
379 02200 02200 00020 02200 .16 .16 .16 .16 .37 .37 .37 .37
380 00200 00200 00020 00200 .22 .22 .22 .22 .41 .41 .41 .41
381 00200 00200 00020 00200 .22 .22 .22 .22 .41 .41 .41 .41
382 00200 00200 00020 00200 .22 .22 .22 .22 .41 .41 .41 .41
383 00200 00200 00020 00200 .22 .22 .22 .22 .41 .41 .41 .41
384 00200 00200 00020 00200 .22 .22 .22 .22 .41 .41 .41 .41
385 00200 00200 00020 00200 .22 .22 .22 .22 .41 .41 .41 .41
386 00200 00200 00020 00200 .22 .22 .22 .22 .41 .41 .41 .41
387 00200 00200 00020 00200 .22 .22 .22 .22 .41 .41 .41 .41
388 00200 00200 00020 00200 .22 .22 .22 .22 .41 .41 .41 .41
389 00200 00200 00020 00200 .22 .22 .22 .22 .41 .41 .41 .41
390 00200 00200 00020 00200 .22 .22 .22 .22 .41 .41 .41 .41
391 00200 00200 00020 00200 .22 .22 .22 .22 .41 .41 .41 .41
392 00200 00200 00020 00200 .22 .22 .22 .22 .41 .41 .41 .41
393 00200 00200 00020 00200 .22 .22 .22 .22 .41 .41 .41 .41
394 00200 00200 00020 00200 .22 .22 .22 .22 .41 .41 .41 .41
395 00200 00200 00020 00200 .22 .22 .22 .22 .41 .41 .41 .41
396 00200 00200 00020 00200 .22 .22 .22 .22 .41 .41 .41 .41
397 00200 00200 00020 00200 .22 .22 .22 .22 .41 .41 .41 .41
398 00200 00200 00020 00200 .22 .22 .22 .22 .41 .41 .41 .41
399 00200 00200 00020 00200 .22 .22 .22 .22 .41 .41 .41 .41
400 00200 00200 00020 00200 .22 .22 .22 .22 .41 .41 .41 .41
401 00200 00200 00020 00200 .22 .22 .22 .22 .41 .41 .41 .41
402 00200 00200 00020 00200 .22 .22 .22 .22 .41 .41 .41 .41
403 00200 00200 00020 00200 .22 .22 .22 .22 .41 .41 .41 .41
404 00200 00200 00020 00200 .22 .22 .22 .22 .41 .41 .41 .41
405 00200 00200 00020 00200 .22 .22 .22 .22 .41 .41 .41 .41
406 00200 00200 00020 00200 .22 .22 .22 .22 .41 .41 .41 .41
407 00200 00200 00020 00200 .22 .22 .22 .22 .41 .41 .41 .41
408 00200 00200 00020 00200 .22 .22 .22 .22 .41 .41 .41 .41
409 00200 00200 00020 00200 .22 .22 .22 .22 .41 .41 .41 .41
410 00200 00200 00020 00200 .22 .22 .22 .22 .41 .41 .41 .41
411 00200 00200 00020 00200 .22 .22 .22 .22 .41 .41 .41 .41
412 00200 00200 00200 00200 1.00 1.00 1.00 1.00 1.00 1.00 1.00 1.00
413 00200 00200 00200 00200 1.00 1.00 1.00 1.00 1.00 1.00 1.00 1.00
414 00200 00200 00200 00200 1.00 1.00 1.00 1.00 1.00 1.00 1.00 1.00
415 00200 00200 00200 00200 1.00 1.00 1.00 1.00 1.00 1.00 1.00 1.00
416 00200 00200 00200 00200 1.00 1.00 1.00 1.00 1.00 1.00 1.00 1.00
417 00200 00200 00200 00200 1.00 1.00 1.00 1.00 1.00 1.00 1.00 1.00
418 00200 00200 00200 00200 1.00 1.00 1.00 1.00 1.00 1.00 1.00 1.00
419 00200 00200 00200 00200 1.00 1.00 1.00 1.00 1.00 1.00 1.00 1.00
420 00200 00200 00200 00200 1.00 1.00 1.00 1.00 1.00 1.00 1.00 1.00
421 00200 00200 00200 00200 1.00 1.00 1.00 1.00 1.00 1.00 1.00 1.00
422 00200 00200 00200 00200 1.00 1.00 1.00 1.00 1.00 1.00 1.00 1.00
423 00200 00200 00200 00200 1.00 1.00 1.00 1.00 1.00 1.00 1.00 1.00
424 00200 00200 00200 00200 1.00 1.00 1.00 1.00 1.00 1.00 1.00 1.00
425 00200 00200 00200 00200 1.00 1.00 1.00 1.00 1.00 1.00 1.00 1.00
426 00200 00200 00200 00200 1.00 1.00 1.00 1.00 1.00 1.00 1.00 1.00
427 00200 00200 00200 00200 1.00 1.00 1.00 1.00 1.00 1.00 1.00 1.00
428 00200 00200 00200 00200 1.00 1.00 1.00 1.00 1.00 1.00 1.00 1.00
429 00200 00200 00200 00200 1.00 1.00 1.00 1.00 1.00 1.00 1.00 1.00
430 00200 00200 00200 00200 1.00 1.00 1.00 1.00 1.00 1.00 1.00 1.00
431 00200 00200 00200 00200 1.00 1.00 1.00 1.00 1.00 1.00 1.00 1.00
432 00200 00200 00200 00200 1.00 1.00 1.00 1.00 1.00 1.00 1.00 1.00
433 00200 00200 00200 00200 1.00 1.00 1.00 1.00 1.00 1.00 1.00 1.00
434 00200 00200 00200 00200 1.00 1.00 1.00 1.00 1.00 1.00 1.00 1.00
435 00200 00200 00200 00200 1.00 1.00 1.00 1.00 1.00 1.00 1.00 1.00
436 00200 00200 00200 00200 1.00 1.00 1.00 1.00 1.00 1.00 1.00 1.00
437 00200 00200 00200 00200 1.00 1.00 1.00 1.00 1.00 1.00 1.00 1.00
438 00200 00200 00200 00200 1.00 1.00 1.00 1.00 1.00 1.00 1.00 1.00
439 00200 00200 00200 00200 1.00 1.00 1.00 1.00 1.00 1.00 1.00 1.00
440 00200 00200 00200 00200 1.00 1.00 1.00 1.00 1.00 1.00 1.00 1.00
441 00200 00200 00200 00200 1.00 1.00 1.00 1.00 1.00 1.00 1.00 1.00
442 00200 00200 00200 00200 1.00 1.00 1.00 1.00 1.00 1.00 1.00 1.00
443 00200 00200 00200 00200 1.00 1.00 1.00 1.00 1.00 1.00 1.00 1.00
444 00200 00200 00200 00200 1.00 1.00 1.00 1.00 1.00 1.00 1.00 1.00
445 00200 00200 00200 00200 1.00 1.00 1.00 1.00 1.00 1.00 1.00 1.00
446 00200 00200 00200 00200 1.00 1.00 1.00 1.00 1.00 1.00 1.00 1.00
447 00200 00200 00200 00200 1.00 1.00 1.00 1.00 1.00 1.00 1.00 1.00
448 00200 00200 00200 00200 1.00 1.00 1.00 1.00 1.00 1.00 1.00 1.00
449 00200 00200 00200 00200 1.00 1.00 1.00 1.00 1.00 1.00 1.00 1.00
450 00200 00200 00200 00200 1.00 1.00 1.00 1.00 1.00 1.00 1.00 1.00
451 00200 00200 00200 00200 1.00 1.00 1.00 1.00 1.00 1.00 1.00 1.00
452 00200 00200 00200 00200 1.00 1.00 1.00 1.00 1.00 1.00 1.00 1.00
453 00200 00200 00200 00200 1.00 1.00 1.00 1.00 1.00 1.00 1.00 1.00
454 00200 00200 00200 00200 1.00 1.00 1.00 1.00 1.00 1.00 1.00 1.00
455 00200 00200 00200 00200 1.00 1.00 1.00 1.00 1.00 1.00 1.00 1.00
456 00200 00200 00200 00200 1.00 1.00 1.00 1.00 1.00 1.00 1.00 1.00
457 00200 00200 00200 00200 1.00 1.00 1.00 1.00 1.00 1.00 1.00 1.00
458 00200 00200 00200 00200 1.00 1.00 1.00 1.00 1.00 1.00 1.00 1.00
459 00200 00200 00200 00200 1.00 1.00 1.00 1.00 1.00 1.00 1.00 1.00
460 00200 00200 00200 00200 1.00 1.00 1.00 1.00 1.00 1.00 1.00 1.00
461 00200 00200 00200 00200 1.00 1.00 1.00 1.00 1.00 1.00 1.00 1.00
462 00200 00200 00200 00200 1.00 1.00 1.00 1.00 1.00 1.00 1.00 1.00
463 00200 00200 00200 00200 1.00 1.00 1.00 1.00 1.00 1.00 1.00 1.00
464 00200 00200 00200 00200 1.00 1.00 1.00 1.00 1.00 1.00 1.00 1.00
465 00200 00200 00200 00200 1.00 1.00 1.00 1.00 1.00 1.00 1.00 1.00
466 00200 00200 00200 00200 1.00 1.00 1.00 1.00 1.00 1.00 1.00 1.00
467 00200 00200 00200 00200 1.00 1.00 1.00 1.00 1.00 1.00 1.00 1.00
468 00200 00200 00200 00200 1.00 1.00 1.00 1.00 1.00 1.00 1.00 1.00
469 00200 00200 00200 00200 1.00 1.00 1.00 1.00 1.00 1.00 1.00 1.00
470 00200 00200 00200 00200 1.00 1.00 1.00 1.00 1.00 1.00 1.00 1.00
471 00200 00200 00200 00200 1.00 1.00 1.00 1.00 1.00 1.00 1.00 1.00
472 00200 00200 00200 00200 1.00 1.00 1.00 1.00 1.00 1.00 1.00 1.00
473 00200 00200 00200 00200 1.00 1.00 1.00 1.00 1.00 1.00 1.00 1.00
474 00200 00200 00200 00200 1.00 1.00 1.00 1.00 1.00 1.00 1.00 1.00
475 00200 00200 00200 00200 1.00 1.00 1.00 1.00 1.00 1.00 1.00 1.00
476 00200 00200 00200 00200 1.00 1.00 1.00 1.00 1.00 1.00 1.00 1.00
477 00200 00200 00200 00200 1.00 1.00 1.00 1.00 1.00 1.00 1.00 1.00
478 00200 00200 00200 00200 1.00 1.00 1.00 1.00 1.00 1.00 1.00 1.00
479 00200 00200 00200 00200 1.00 1.00 1.00 1.00 1.00 1.00 1.00 1.00
480 00200 00200 00200 00200 1.00 1.00 1.00 1.00 1.00 1.00 1.00 1.00
481 00200 00200 00200 00200 1.00 1.00 1.00 1.00 1.00 1.00 1.00 1.00
482 00200 00200 00200 00200 1.00 1.00 1.00 1.00 1.00 1.00 1.00 1.00
483 00200 00200 00200 00200 1.00 1.00 1.00 1.00 1.00 1.00 1.00 1.00
484 00200 00200 00200 00200 1.00 1.00 1.00 1.00 1.00 1.00 1.00 1.00
485 00200 00200 00200 00200 1.00 1.00 1.00 1.00 1.00 1.00 1.00 1.00
486 00200 00200 00200 00200 1.00 1.00 1.00 1.00 1.00 1.00 1.00 1.00
487 00200 00200 00200 00200 1.00 1.00 1.00 1.00 1.00 1.00 1.00 1.00
488 00200 00200 00200 00200 1.00 1.00 1.00 1.00 1.00 1.00 1.00 1.00
489 00200 00200 00200 00200 1.00 1.00 1.00 1.00 1.00 1.00 1.00 1.00
490 00200 00200 00200 00200 1.00 1.00 1.00 1.00 1.00 1.00 1.00 1.00
491 00200 00200 00200 00200 1.00 1.00 1.00 1.00 1.00 1.00 1.00 1.00
492 00200 00200 00200 00200 1.00 1.00 1.00 1.00 1.00 1.00 1.00 1.00
493 00200 00200 00200 00200 1.00 1.00 1.00 1.00 1.00 1.00 1.00 1.00
494 00200 00200 00200 00200 1.00 1.00 1.00 1.00 1.00 1.00 1.00 1.00
495 00200 00200 00200 00200 1.00 1.00 1.00 1.00 1.00 1.00 1.00 1.00
496 00200 00200 00200 00200 1.00 1.00 1.00 1.00 1.00 1.00 1.00 1.00
497 00200 00200 00200 00200 1.00 1.00 1.00 1.00 1.00 1.00 1.00 1.00
498 00200 00200 00200 00200 1.00 1.00 1.00 1.00 1.00 1.00 1.00 1.00
499 00200 00200 00000 00200 .46 .46 .46 .46 .63 .63 .63 .63
500 00201 00200 00000 00200 .26 .27 .36 .23 .43 .46 .55 .41
501 00201 00200 00000 00200 .26 .27 .36 .23 .43 .46 .55 .41
502 00201 00200 00000 00200 .26 .27 .36 .23 .43 .46 .55 .41
503 00201 00200 00000 00200 .26 .27 .36 .23 .43 .46 .55 .41
504 00201 00200 00000 00200 .26 .27 .36 .23 .43 .46 .55 .41
505 00201 00200 00000 00200 .26 .27 .36 .23 .43 .46 .55 .41
506 00201 00200 00000 00200 .26 .27 .36 .23 .43 .46 .55 .41
507 00201 00200 00000 00200 .26 .27 .36 .23 .43 .46 .55 .41
508 00201 00200 00000 00200 .26 .27 .36 .23 .43 .46 .55 .41
509 00201 00200 00000 00200 .26 .27 .36 .23 .43 .46 .55 .41
510 00201 00201 00000 00201 .42 .37 .39 .37 .59 .55 .57 .55
511 00201 00201 00000 00201 .42 .37 .39 .37 .59 .55 .57 .55
512 00201 00201 00000 00201 .42 .37 .39 .37 .59 .55 .57 .55
513 00201 00201 00000 00201 .42 .37 .39 .37 .59 .55 .57 .55
514 00201 00201 00200 00201 .75 .83 .90 .72 .82 .87 .93 .79
515 00201 00201 00200 00201 .75 .83 .90 .72 .82 .87 .93 .79
516 00201 00201 00200 00201 .75 .83 .90 .72 .82 .87 .93 .79
517 00201 00201 00200 00201 .75 .83 .90 .72 .82 .87 .93 .79
518 00201 00201 00200 00201 .75 .83 .90 .72 .82 .87 .93 .79
519 00201 00201 00200 00201 .75 .83 .90 .72 .82 .87 .93 .79
520 00202 00202 00200 00202 .72 .72 .72 .72 .79 .79 .79 .79
521 00202 00202 00200 00202 .72 .72 .72 .72 .79 .79 .79 .79
522 00202 00202 00200 00202 .72 .72 .72 .72 .79 .79 .79 .79
523 00202 00202 00200 00202 .72 .72 .72 .72 .79 .79 .79 .79
524 00202 00202 00200 00202 .72 .72 .72 .72 .79 .79 .79 .79
525 00202 00202 00200 00202 .72 .72 .72 .72 .79 .79 .79 .79
526 00202 00202 00200 00202 .72 .72 .72 .72 .79 .79 .79 .79
527 00202 00202 00200 00202 .72 .72 .72 .72 .79 .79 .79 .79
528 00202 00202 00200 00202 .72 .72 .72 .72 .79 .79 .79 .79
529 00202 00202 00000 00202 .36 .36 .36 .36 .55 .55 .55 .55
530 00202 00202 00000 00202 .36 .36 .36 .36 .55 .55 .55 .55
531 00202 00202 00000 00202 .36 .36 .36 .36 .55 .55 .55 .55
532 00202 00202 00000 00202 .36 .36 .36 .36 .55 .55 .55 .55
533 00202 00202 00000 00202 .36 .36 .36 .36 .55 .55 .55 .55
534 00202 00202 00000 00202 .36 .36 .36 .36 .55 .55 .55 .55
535 00202 00202 00000 00202 .36 .36 .36 .36 .55 .55 .55 .55
536 00202 00202 00000 00202 .36 .36 .36 .36 .55 .55 .55 .55
537 00202 00202 00000 00202 .36 .36 .36 .36 .55 .55 .55 .55
538 00202 00202 00000 00202 .36 .36 .36 .36 .55 .55 .55 .55
539 00202 00202 00000 00202 .36 .36 .36 .36 .55 .55 .55 .55
540 00202 00202 00000 00202 .36 .36 .36 .36 .55 .55 .55 .55
541 00202 00202 00000 00202 .36 .36 .36 .36 .55 .55 .55 .55
542 00202 00202 00000 00202 .36 .36 .36 .36 .55 .55 .55 .55
543 00202 00202 00000 00202 .36 .36 .36 .36 .55 .55 .55 .55
544 00202 00202 00200 00202 .72 .72 .72 .72 .79 .79 .79 .79
545 00202 00202 00200 00202 .72 .72 .72 .72 .79 .79 .79 .79
546 00202 00202 00200 00202 .72 .72 .72 .72 .79 .79 .79 .79
547 00202 00202 00200 00202 .72 .72 .72 .72 .79 .79 .79 .79
548 00202 00202 00200 00202 .72 .72 .72 .72 .79 .79 .79 .79
549 00202 00202 00200 00202 .72 .72 .72 .72 .79 .79 .79 .79
550 00202 00202 00200 00202 .72 .72 .72 .72 .79 .79 .79 .79
551 00202 00202 00200 00202 .72 .72 .72 .72 .79 .79 .79 .79
552 00202 00202 00200 00202 .72 .72 .72 .72 .79 .79 .79 .79
553 00202 00202 00200 00202 .72 .72 .72 .72 .79 .79 .79 .79
554 00202 00202 00200 00202 .72 .72 .72 .72 .79 .79 .79 .79
555 00202 00202 00200 00202 .72 .72 .72 .72 .79 .79 .79 .79
556 00202 00202 00200 00202 .72 .72 .72 .72 .79 .79 .79 .79
557 00202 00202 00200 00202 .72 .72 .72 .72 .79 .79 .79 .79
558 00202 00202 00200 00202 .72 .72 .72 .72 .79 .79 .79 .79
559 00202 00202 00020 00202 .16 .16 .16 .16 .37 .37 .37 .37
560 00202 00202 00020 00202 .16 .16 .16 .16 .37 .37 .37 .37
561 00202 00202 00020 00202 .16 .16 .16 .16 .37 .37 .37 .37
562 00202 00202 00020 00202 .16 .16 .16 .16 .37 .37 .37 .37
563 00202 00202 00020 00202 .16 .16 .16 .16 .37 .37 .37 .37
564 00202 00202 00020 00202 .16 .16 .16 .16 .37 .37 .37 .37
565 00202 00202 00020 00202 .16 .16 .16 .16 .37 .37 .37 .37
566 00202 00202 00020 00202 .16 .16 .16 .16 .37 .37 .37 .37
567 00202 00202 00020 00202 .16 .16 .16 .16 .37 .37 .37 .37
568 00202 00202 00020 00202 .16 .16 .16 .16 .37 .37 .37 .37
569 00202 00202 00020 00202 .16 .16 .16 .16 .37 .37 .37 .37
570 00202 00202 00020 00202 .16 .16 .16 .16 .37 .37 .37 .37
571 00202 00202 00020 00202 .16 .16 .16 .16 .37 .37 .37 .37
572 00202 00202 00020 00202 .16 .16 .16 .16 .37 .37 .37 .37
573 00202 00202 00020 00202 .16 .16 .16 .16 .37 .37 .37 .37
574 00202 00202 00000 00202 .36 .36 .36 .36 .55 .55 .55 .55
575 00202 00202 00000 00202 .36 .36 .36 .36 .55 .55 .55 .55
576 00202 00202 00000 00202 .36 .36 .36 .36 .55 .55 .55 .55
577 00202 00202 00000 00202 .36 .36 .36 .36 .55 .55 .55 .55
578 00202 00202 00000 00202 .36 .36 .36 .36 .55 .55 .55 .55
579 00202 00202 00000 00202 .36 .36 .36 .36 .55 .55 .55 .55
580 00202 00202 00000 00202 .36 .36 .36 .36 .55 .55 .55 .55
581 00202 00202 00000 00202 .36 .36 .36 .36 .55 .55 .55 .55
582 00202 00202 00000 00202 .36 .36 .36 .36 .55 .55 .55 .55
583 00202 00202 00000 00202 .36 .36 .36 .36 .55 .55 .55 .55
584 00202 00202 00000 00202 .36 .36 .36 .36 .55 .55 .55 .55
585 00202 00202 00000 00202 .36 .36 .36 .36 .55 .55 .55 .55
586 00202 00202 00000 00202 .36 .36 .36 .36 .55 .55 .55 .55
587 00202 00202 00000 00202 .36 .36 .36 .36 .55 .55 .55 .55
588 00202 00202 00000 00202 .36 .36 .36 .36 .55 .55 .55 .55
589 00202 00202 00200 00202 .72 .72 .72 .72 .79 .79 .79 .79
590 00202 00202 00200 00202 .72 .72 .72 .72 .79 .79 .79 .79
591 00202 00202 00200 00202 .72 .72 .72 .72 .79 .79 .79 .79
592 00202 00202 00200 00202 .72 .72 .72 .72 .79 .79 .79 .79
593 00202 00202 00200 00202 .72 .72 .72 .72 .79 .79 .79 .79
594 00202 00202 00200 00202 .72 .72 .72 .72 .79 .79 .79 .79
595 00202 00202 00200 00202 .72 .72 .72 .72 .79 .79 .79 .79
596 00202 00202 00200 00202 .72 .72 .72 .72 .79 .79 .79 .79
597 00202 00202 00200 00202 .72 .72 .72 .72 .79 .79 .79 .79
598 00202 00202 00200 00202 .72 .72 .72 .72 .79 .79 .79 .79
599 00202 00202 00200 00202 .72 .72 .72 .72 .79 .79 .79 .79
600 00202 00202 00200 00202 .72 .72 .72 .72 .79 .79 .79 .79
601 00202 00202 00200 00202 .72 .72 .72 .72 .79 .79 .79 .79
602 00202 00202 00200 00202 .72 .72 .72 .72 .79 .79 .79 .79
603 00202 00202 00200 00202 .72 .72 .72 .72 .79 .79 .79 .79
604 00202 00202 00020 00202 .16 .16 .16 .16 .37 .37 .37 .37
605 00202 00202 00020 00202 .16 .16 .16 .16 .37 .37 .37 .37
606 00202 00202 00020 00202 .16 .16 .16 .16 .37 .37 .37 .37
607 00202 00202 00020 00202 .16 .16 .16 .16 .37 .37 .37 .37
608 00202 00202 00020 00202 .16 .16 .16 .16 .37 .37 .37 .37
609 00202 00202 00020 00202 .16 .16 .16 .16 .37 .37 .37 .37
610 00202 00202 00020 00202 .16 .16 .16 .16 .37 .37 .37 .37
611 00202 00202 00020 00202 .16 .16 .16 .16 .37 .37 .37 .37
612 00202 00202 00020 00202 .16 .16 .16 .16 .37 .37 .37 .37
613 00202 00202 00020 00202 .16 .16 .16 .16 .37 .37 .37 .37
614 00202 00202 00020 00202 .16 .16 .16 .16 .37 .37 .37 .37
615 00202 00202 00020 00202 .16 .16 .16 .16 .37 .37 .37 .37
616 00202 00202 00020 00202 .16 .16 .16 .16 .37 .37 .37 .37
617 00202 00202 00020 00202 .16 .16 .16 .16 .37 .37 .37 .37
618 00202 00202 00020 00202 .16 .16 .16 .16 .37 .37 .37 .37
619 00202 00202 00200 00202 .72 .72 .72 .72 .79 .79 .79 .79
620 00202 00202 00200 00202 .72 .72 .72 .72 .79 .79 .79 .79
621 00202 00202 00200 00202 .72 .72 .72 .72 .79 .79 .79 .79
622 00202 00202 00200 00202 .72 .72 .72 .72 .79 .79 .79 .79
623 00202 00202 00200 00202 .72 .72 .72 .72 .79 .79 .79 .79
624 00202 00202 00200 00202 .72 .72 .72 .72 .79 .79 .79 .79
625 00202 00202 00200 00202 .72 .72 .72 .72 .79 .79 .79 .79
626 00202 00202 00200 00202 .72 .72 .72 .72 .79 .79 .79 .79
627 00202 00202 00200 00202 .72 .72 .72 .72 .79 .79 .79 .79
628 00202 00202 00200 00202 .72 .72 .72 .72 .79 .79 .79 .79
629 00202 00202 00200 00202 .72 .72 .72 .72 .79 .79 .79 .79
630 00202 00202 00200 00202 .72 .72 .72 .72 .79 .79 .79 .79
631 00202 00202 00200 00202 .72 .72 .72 .72 .79 .79 .79 .79
632 00202 00202 00200 00202 .72 .72 .72 .72 .79 .79 .79 .79
633 00202 00202 00200 00202 .72 .72 .72 .72 .79 .79 .79 .79
634 00202 00202 00020 00202 .16 .16 .16 .16 .37 .37 .37 .37
635 00202 00202 00020 00202 .16 .16 .16 .16 .37 .37 .37 .37
636 00202 00202 00020 00202 .16 .16 .16 .16 .37 .37 .37 .37
637 00202 00202 00020 00202 .16 .16 .16 .16 .37 .37 .37 .37
638 00202 00202 00020 00202 .16 .16 .16 .16 .37 .37 .37 .37
639 00202 00202 00020 00202 .16 .16 .16 .16 .37 .37 .37 .37
640 00202 00202 00020 00202 .16 .16 .16 .16 .37 .37 .37 .37
641 00202 00202 00020 00202 .16 .16 .16 .16 .37 .37 .37 .37
642 00202 00202 00020 00202 .16 .16 .16 .16 .37 .37 .37 .37
643 00202 00202 00020 00202 .16 .16 .16 .16 .37 .37 .37 .37
644 00202 00202 00020 00202 .16 .16 .16 .16 .37 .37 .37 .37
645 00202 00202 00020 00202 .16 .16 .16 .16 .37 .37 .37 .37
646 00202 00202 00020 00202 .16 .16 .16 .16 .37 .37 .37 .37
647 00202 00202 00020 00202 .16 .16 .16 .16 .37 .37 .37 .37
648 00202 00202 00020 00202 .16 .16 .16 .16 .37 .37 .37 .37
649 00202 00202 00200 00202 .72 .72 .72 .72 .79 .79 .79 .79
650 00202 00202 00200 00202 .72 .72 .72 .72 .79 .79 .79 .79
651 00202 00202 00200 00202 .72 .72 .72 .72 .79 .79 .79 .79
652 00202 00202 00200 00202 .72 .72 .72 .72 .79 .79 .79 .79
653 00202 00202 00200 00202 .72 .72 .72 .72 .79 .79 .79 .79
654 00202 00202 00200 00202 .72 .72 .72 .72 .79 .79 .79 .79
655 00202 00202 00200 00202 .72 .72 .72 .72 .79 .79 .79 .79
656 00202 00202 00200 00202 .72 .72 .72 .72 .79 .79 .79 .79
657 00202 00202 00200 00202 .72 .72 .72 .72 .79 .79 .79 .79
658 00202 00202 00200 00202 .72 .72 .72 .72 .79 .79 .79 .79
659 00202 00202 00200 00202 .72 .72 .72 .72 .79 .79 .79 .79
660 00202 00202 00200 00202 .72 .72 .72 .72 .79 .79 .79 .79
661 00202 00202 00200 00202 .72 .72 .72 .72 .79 .79 .79 .79
662 00202 00202 00200 00202 .72 .72 .72 .72 .79 .79 .79 .79
663 00202 00202 00200 00202 .72 .72 .72 .72 .79 .79 .79 .79
664 00202 00202 00200 00202 .72 .72 .72 .72 .79 .79 .79 .79
665 00202 00202 00200 00202 .72 .72 .72 .72 .79 .79 .79 .79
666 00202 00202 00200 00202 .72 .72 .72 .72 .79 .79 .79 .79
667 00202 00202 00200 00202 .72 .72 .72 .72 .79 .79 .79 .79
668 00202 00202 00200 00202 .72 .72 .72 .72 .79 .79 .79 .79
669 00202 00202 00200 00202 .72 .72 .72 .72 .79 .79 .79 .79
670 00202 00202 00200 00202 .72 .72 .72 .72 .79 .79 .79 .79
671 00202 00202 00200 00202 .72 .72 .72 .72 .79 .79 .79 .79
672 00202 00202 00200 00202 .72 .72 .72 .72 .79 .79 .79 .79
673 00202 00202 00200 00202 .72 .72 .72 .72 .79 .79 .79 .79
674 00202 00202 00200 00202 .72 .72 .72 .72 .79 .79 .79 .79
675 00202 00202 00200 00202 .72 .72 .72 .72 .79 .79 .79 .79
676 00202 00202 00200 00202 .72 .72 .72 .72 .79 .79 .79 .79
677 00202 00202 00200 00202 .72 .72 .72 .72 .79 .79 .79 .79
678 00202 00202 00200 00202 .72 .72 .72 .72 .79 .79 .79 .79
679 00202 00202 00020 00202 .16 .16 .16 .16 .37 .37 .37 .37
680 00202 00202 00020 00202 .16 .16 .16 .16 .37 .37 .37 .37
681 00202 00202 00020 00202 .16 .16 .16 .16 .37 .37 .37 .37
682 00202 00202 00020 00202 .16 .16 .16 .16 .37 .37 .37 .37
683 00202 00202 00020 00202 .16 .16 .16 .16 .37 .37 .37 .37
684 00202 00202 00020 00202 .16 .16 .16 .16 .37 .37 .37 .37
685 00202 00202 00020 00202 .16 .16 .16 .16 .37 .37 .37 .37
686 00202 00202 00020 00202 .16 .16 .16 .16 .37 .37 .37 .37
687 00202 00202 00020 00202 .16 .16 .16 .16 .37 .37 .37 .37
688 00202 00202 00020 00202 .16 .16 .16 .16 .37 .37 .37 .37
689 00202 00202 00020 00202 .16 .16 .16 .16 .37 .37 .37 .37
690 00202 00202 00020 00202 .16 .16 .16 .16 .37 .37 .37 .37
691 00202 00202 00020 00202 .16 .16 .16 .16 .37 .37 .37 .37
692 00202 00202 00020 00202 .16 .16 .16 .16 .37 .37 .37 .37
693 00202 00202 00020 00202 .16 .16 .16 .16 .37 .37 .37 .37
694 00202 00202 00020 00202 .16 .16 .16 .16 .37 .37 .37 .37
695 00202 00202 00020 00202 .16 .16 .16 .16 .37 .37 .37 .37
696 00202 00202 00020 00202 .16 .16 .16 .16 .37 .37 .37 .37
697 00202 00202 00020 00202 .16 .16 .16 .16 .37 .37 .37 .37
698 00202 00202 00020 00202 .16 .16 .16 .16 .37 .37 .37 .37
699 00202 00202 00020 00202 .16 .16 .16 .16 .37 .37 .37 .37
700 00202 00202 00020 00202 .16 .16 .16 .16 .37 .37 .37 .37
701 00202 00202 00020 00202 .16 .16 .16 .16 .37 .37 .37 .37
702 00202 00202 00020 00202 .16 .16 .16 .16 .37 .37 .37 .37
703 00202 00202 00020 00202 .16 .16 .16 .16 .37 .37 .37 .37
704 00202 00202 00020 00202 .16 .16 .16 .16 .37 .37 .37 .37
705 00202 00202 00020 00202 .16 .16 .16 .16 .37 .37 .37 .37
706 00202 00202 00020 00202 .16 .16 .16 .16 .37 .37 .37 .37
707 00202 00202 00020 00202 .16 .16 .16 .16 .37 .37 .37 .37
708 00202 00202 00020 00202 .16 .16 .16 .16 .37 .37 .37 .37
709 00202 00202 00200 00202 .72 .72 .72 .72 .79 .79 .79 .79
710 00202 00202 00200 00202 .72 .72 .72 .72 .79 .79 .79 .79
711 00202 00202 00200 00202 .72 .72 .72 .72 .79 .79 .79 .79
712 00202 00202 00200 00202 .72 .72 .72 .72 .79 .79 .79 .79
713 00202 00202 00200 00202 .72 .72 .72 .72 .79 .79 .79 .79
714 00202 00202 00200 00202 .72 .72 .72 .72 .79 .79 .79 .79
715 00202 00202 00200 00202 .72 .72 .72 .72 .79 .79 .79 .79
716 00202 00202 00200 00202 .72 .72 .72 .72 .79 .79 .79 .79
717 00202 00202 00200 00202 .72 .72 .72 .72 .79 .79 .79 .79
718 00202 00202 00200 00202 .72 .72 .72 .72 .79 .79 .79 .79
719 00202 00202 00200 00202 .72 .72 .72 .72 .79 .79 .79 .79
720 00202 00202 00200 00202 .72 .72 .72 .72 .79 .79 .79 .79
721 00202 00202 00200 00202 .72 .72 .72 .72 .79 .79 .79 .79
722 00202 00202 00200 00202 .72 .72 .72 .72 .79 .79 .79 .79
723 00202 00202 00200 00202 .72 .72 .72 .72 .79 .79 .79 .79
724 00202 00202 00200 00202 .72 .72 .72 .72 .79 .79 .79 .79
725 00202 00202 00200 00202 .72 .72 .72 .72 .79 .79 .79 .79
726 00202 00202 00200 00202 .72 .72 .72 .72 .79 .79 .79 .79
727 00202 00202 00200 00202 .72 .72 .72 .72 .79 .79 .79 .79
728 00202 00202 00200 00202 .72 .72 .72 .72 .79 .79 .79 .79
729 00202 00202 00200 00202 .72 .72 .72 .72 .79 .79 .79 .79
730 00202 00202 00200 00202 .72 .72 .72 .72 .79 .79 .79 .79
731 00202 00202 00200 00202 .72 .72 .72 .72 .79 .79 .79 .79
732 00202 00202 00200 00202 .72 .72 .72 .72 .79 .79 .79 .79
733 00202 00202 00200 00202 .72 .72 .72 .72 .79 .79 .79 .79
734 00202 00202 00200 00202 .72 .72 .72 .72 .79 .79 .79 .79
735 00202 00202 00200 00202 .72 .72 .72 .72 .79 .79 .79 .79
736 00202 00202 00200 00202 .72 .72 .72 .72 .79 .79 .79 .79
737 00202 00202 00200 00202 .72 .72 .72 .72 .79 .79 .79 .79
738 00202 00202 00200 00202 .72 .72 .72 .72 .79 .79 .79 .79
739 00202 00202 00020 00202 .16 .16 .16 .16 .37 .37 .37 .37
740 00202 00202 00020 00202 .16 .16 .16 .16 .37 .37 .37 .37
741 00202 00202 00020 00202 .16 .16 .16 .16 .37 .37 .37 .37
742 00202 00202 00020 00202 .16 .16 .16 .16 .37 .37 .37 .37
743 00202 00202 00020 00202 .16 .16 .16 .16 .37 .37 .37 .37
744 00202 00202 00020 00202 .16 .16 .16 .16 .37 .37 .37 .37
745 00202 00202 00020 00202 .16 .16 .16 .16 .37 .37 .37 .37
746 00202 00202 00020 00202 .16 .16 .16 .16 .37 .37 .37 .37
747 00202 00202 00020 00202 .16 .16 .16 .16 .37 .37 .37 .37
748 00202 00202 00020 00202 .16 .16 .16 .16 .37 .37 .37 .37
749 00202 00202 00020 00202 .16 .16 .16 .16 .37 .37 .37 .37
750 00202 00202 00020 00202 .16 .16 .16 .16 .37 .37 .37 .37
751 00202 00202 00020 00202 .16 .16 .16 .16 .37 .37 .37 .37
752 00202 00202 00020 00202 .16 .16 .16 .16 .37 .37 .37 .37
753 00202 00202 00020 00202 .16 .16 .16 .16 .37 .37 .37 .37
754 00202 00202 00200 00202 .72 .72 .72 .72 .79 .79 .79 .79
755 00202 00202 00200 00202 .72 .72 .72 .72 .79 .79 .79 .79
756 00202 00202 00200 00202 .72 .72 .72 .72 .79 .79 .79 .79
757 00202 00202 00200 00202 .72 .72 .72 .72 .79 .79 .79 .79
758 00202 00202 00200 00202 .72 .72 .72 .72 .79 .79 .79 .79
759 00202 00202 00200 00202 .72 .72 .72 .72 .79 .79 .79 .79
760 00202 00202 00200 00202 .72 .72 .72 .72 .79 .79 .79 .79
761 00202 00202 00200 00202 .72 .72 .72 .72 .79 .79 .79 .79
762 00202 00202 00200 00202 .72 .72 .72 .72 .79 .79 .79 .79
763 00202 00202 00200 00202 .72 .72 .72 .72 .79 .79 .79 .79
764 00202 00202 00200 00202 .72 .72 .72 .72 .79 .79 .79 .79
765 00202 00202 00200 00202 .72 .72 .72 .72 .79 .79 .79 .79
766 00202 00202 00200 00202 .72 .72 .72 .72 .79 .79 .79 .79
767 00202 00202 00200 00202 .72 .72 .72 .72 .79 .79 .79 .79
768 00202 00202 00200 00202 .72 .72 .72 .72 .79 .79 .79 .79
769 00202 00202 00200 00202 .72 .72 .72 .72 .79 .79 .79 .79
770 00202 00202 02200 00202 .48 .48 .48 .48 .60 .60 .60 .60
771 00202 00202 02200 00202 .48 .48 .48 .48 .60 .60 .60 .60
772 00202 00202 02200 00202 .48 .48 .48 .48 .60 .60 .60 .60
773 00202 00202 00200 00202 .72 .72 .72 .72 .79 .79 .79 .79
774 00202 00202 00200 00202 .72 .72 .72 .72 .79 .79 .79 .79
775 00202 00202 00200 00202 .72 .72 .72 .72 .79 .79 .79 .79
776 00202 00202 00200 00202 .72 .72 .72 .72 .79 .79 .79 .79
777 00202 00202 00200 00202 .72 .72 .72 .72 .79 .79 .79 .79
778 00202 00202 00200 00202 .72 .72 .72 .72 .79 .79 .79 .79
779 00202 00202 00200 00202 .72 .72 .72 .72 .79 .79 .79 .79
780 20202 20202 00200 20202 .50 .50 .50 .50 .62 .62 .62 .62
781 20202 20202 00200 20202 .50 .50 .50 .50 .62 .62 .62 .62
782 20202 20202 00200 20202 .50 .50 .50 .50 .62 .62 .62 .62
783 20202 20202 00200 20202 .50 .50 .50 .50 .62 .62 .62 .62
784 20202 20202 00200 20202 .50 .50 .50 .50 .62 .62 .62 .62
785 20202 20202 00200 20202 .50 .50 .50 .50 .62 .62 .62 .62
786 20202 20202 00200 20202 .50 .50 .50 .50 .62 .62 .62 .62
787 20202 20202 00200 20202 .50 .50 .50 .50 .62 .62 .62 .62
788 20202 20202 00000 20202 .22 .22 .22 .22 .42 .42 .42 .42
789 20202 20202 00000 20202 .22 .22 .22 .22 .42 .42 .42 .42
790 20022 20022 00000 20022 .22 .22 .22 .22 .42 .42 .42 .42
791 20022 20022 00000 20022 .22 .22 .22 .22 .42 .42 .42 .42
792 20022 20022 00000 20022 .22 .22 .22 .22 .42 .42 .42 .42
793 20022 20022 00000 20022 .22 .22 .22 .22 .42 .42 .42 .42
794 20022 20022 00000 20022 .22 .22 .22 .22 .42 .42 .42 .42
795 20022 20022 00000 20022 .22 .22 .22 .22 .42 .42 .42 .42
796 20022 20022 00000 20022 .22 .22 .22 .22 .42 .42 .42 .42
797 20022 20022 00000 20022 .22 .22 .22 .22 .42 .42 .42 .42
798 20022 20022 00000 20022 .22 .22 .22 .22 .42 .42 .42 .42
799 20022 20022 00000 20022 .22 .22 .22 .22 .42 .42 .42 .42
800 20002 20002 00000 20002 .36 .36 .36 .36 .55 .55 .55 .55
801 20002 20002 00000 20002 .36 .36 .36 .36 .55 .55 .55 .55
802 20002 20002 00000 20002 .36 .36 .36 .36 .55 .55 .55 .55
803 20002 20002 00000 20002 .36 .36 .36 .36 .55 .55 .55 .55
804 20002 20002 00000 20002 .36 .36 .36 .36 .55 .55 .55 .55
805 20002 20002 00000 20002 .36 .36 .36 .36 .55 .55 .55 .55
806 20002 20002 00000 20002 .36 .36 .36 .36 .55 .55 .55 .55
807 20002 20002 00000 20002 .36 .36 .36 .36 .55 .55 .55 .55
808 20002 20002 00000 20002 .36 .36 .36 .36 .55 .55 .55 .55
809 20002 20002 00000 20002 .36 .36 .36 .36 .55 .55 .55 .55
810 20002 20002 00000 20002 .36 .36 .36 .36 .55 .55 .55 .55
811 20002 20002 00000 20002 .36 .36 .36 .36 .55 .55 .55 .55
812 20002 20002 00000 20002 .36 .36 .36 .36 .55 .55 .55 .55
813 20002 20002 00000 20002 .36 .36 .36 .36 .55 .55 .55 .55
814 20002 20002 00000 20002 .36 .36 .36 .36 .55 .55 .55 .55
815 20002 20002 00000 20002 .36 .36 .36 .36 .55 .55 .55 .55
816 20002 20002 00000 20002 .36 .36 .36 .36 .55 .55 .55 .55
817 20002 20002 00000 20002 .36 .36 .36 .36 .55 .55 .55 .55
818 20002 20002 00000 20002 .36 .36 .36 .36 .55 .55 .55 .55
819 20002 20002 00000 20002 .36 .36 .36 .36 .55 .55 .55 .55
820 20002 20002 00000 20002 .36 .36 .36 .36 .55 .55 .55 .55
821 20002 20002 00000 20002 .36 .36 .36 .36 .55 .55 .55 .55
822 20002 20002 00000 20002 .36 .36 .36 .36 .55 .55 .55 .55
823 20002 20002 00000 20002 .36 .36 .36 .36 .55 .55 .55 .55
824 20002 20002 00000 20002 .36 .36 .36 .36 .55 .55 .55 .55
825 20002 20002 00000 20002 .36 .36 .36 .36 .55 .55 .55 .55
826 20002 20002 00000 20002 .36 .36 .36 .36 .55 .55 .55 .55
827 20002 20002 00000 20002 .36 .36 .36 .36 .55 .55 .55 .55
828 20002 20002 00000 20002 .36 .36 .36 .36 .55 .55 .55 .55
829 20002 20002 00000 20002 .36 .36 .36 .36 .55 .55 .55 .55
830 20002 20002 00000 20002 .36 .36 .36 .36 .55 .55 .55 .55
831 20002 20002 00000 20002 .36 .36 .36 .36 .55 .55 .55 .55
832 20002 20002 00000 20002 .36 .36 .36 .36 .55 .55 .55 .55
833 20002 20002 00000 20002 .36 .36 .36 .36 .55 .55 .55 .55
834 20002 20002 00000 20002 .36 .36 .36 .36 .55 .55 .55 .55
835 20002 20002 00000 20002 .36 .36 .36 .36 .55 .55 .55 .55
836 20002 20002 00000 20002 .36 .36 .36 .36 .55 .55 .55 .55
837 20002 20002 00000 20002 .36 .36 .36 .36 .55 .55 .55 .55
838 20002 20002 00000 20002 .36 .36 .36 .36 .55 .55 .55 .55
839 20002 20002 00000 20002 .36 .36 .36 .36 .55 .55 .55 .55
840 20002 20002 00000 20002 .36 .36 .36 .36 .55 .55 .55 .55
841 20002 20002 00000 20002 .36 .36 .36 .36 .55 .55 .55 .55
842 20002 20002 00000 20002 .36 .36 .36 .36 .55 .55 .55 .55
843 20002 20002 00000 20002 .36 .36 .36 .36 .55 .55 .55 .55
844 20002 20002 00000 20002 .36 .36 .36 .36 .55 .55 .55 .55
845 20002 20002 00000 20002 .36 .36 .36 .36 .55 .55 .55 .55
846 20002 20002 00000 20002 .36 .36 .36 .36 .55 .55 .55 .55
847 20002 20002 00000 20002 .36 .36 .36 .36 .55 .55 .55 .55
848 20002 20002 00000 20002 .36 .36 .36 .36 .55 .55 .55 .55
849 20002 20002 00000 20002 .36 .36 .36 .36 .55 .55 .55 .55
850 20002 20002 00000 20002 .36 .36 .36 .36 .55 .55 .55 .55
851 20002 20002 00000 20002 .36 .36 .36 .36 .55 .55 .55 .55
852 20002 20002 00000 20002 .36 .36 .36 .36 .55 .55 .55 .55
853 20002 20002 00000 20002 .36 .36 .36 .36 .55 .55 .55 .55
854 20002 20002 00000 20002 .36 .36 .36 .36 .55 .55 .55 .55
855 20002 20002 00000 20002 .36 .36 .36 .36 .55 .55 .55 .55
856 20002 20002 00000 20002 .36 .36 .36 .36 .55 .55 .55 .55
857 20002 20002 00000 20002 .36 .36 .36 .36 .55 .55 .55 .55
858 20002 20002 00000 20002 .36 .36 .36 .36 .55 .55 .55 .55
859 20002 20002 00000 20002 .36 .36 .36 .36 .55 .55 .55 .55
860 20002 20002 00000 20002 .36 .36 .36 .36 .55 .55 .55 .55
861 20002 20002 00000 20002 .36 .36 .36 .36 .55 .55 .55 .55
862 20002 20002 00000 20002 .36 .36 .36 .36 .55 .55 .55 .55
863 20002 20002 00000 20002 .36 .36 .36 .36 .55 .55 .55 .55
864 20002 20002 00000 20002 .36 .36 .36 .36 .55 .55 .55 .55
865 20002 20002 00000 20002 .36 .36 .36 .36 .55 .55 .55 .55
866 20002 20002 00000 20002 .36 .36 .36 .36 .55 .55 .55 .55
867 20002 20002 00000 20002 .36 .36 .36 .36 .55 .55 .55 .55
868 20002 20002 00000 20002 .36 .36 .36 .36 .55 .55 .55 .55
869 20002 20002 00000 20002 .36 .36 .36 .36 .55 .55 .55 .55
870 20002 20002 00000 20002 .36 .36 .36 .36 .55 .55 .55 .55
871 20002 20002 00000 20002 .36 .36 .36 .36 .55 .55 .55 .55
872 20002 20002 00000 20002 .36 .36 .36 .36 .55 .55 .55 .55
873 20002 20002 00000 20002 .36 .36 .36 .36 .55 .55 .55 .55
874 20002 20002 00000 20002 .36 .36 .36 .36 .55 .55 .55 .55
875 20002 20002 00000 20002 .36 .36 .36 .36 .55 .55 .55 .55
876 20002 20002 00000 20002 .36 .36 .36 .36 .55 .55 .55 .55
877 20002 20002 00000 20002 .36 .36 .36 .36 .55 .55 .55 .55
878 20002 20002 00000 20002 .36 .36 .36 .36 .55 .55 .55 .55
879 20002 20002 00000 20002 .36 .36 .36 .36 .55 .55 .55 .55
880 20000 20000 00000 20000 .46 .46 .46 .46 .63 .63 .63 .63
881 20000 20000 00000 20000 .46 .46 .46 .46 .63 .63 .63 .63
882 20000 20000 00000 20000 .46 .46 .46 .46 .63 .63 .63 .63
883 20000 20000 00000 20000 .46 .46 .46 .46 .63 .63 .63 .63
884 20000 20000 00000 20000 .46 .46 .46 .46 .63 .63 .63 .63
885 20000 20000 00000 20000 .46 .46 .46 .46 .63 .63 .63 .63
886 20000 20000 00000 20000 .46 .46 .46 .46 .63 .63 .63 .63
887 20000 20000 00000 20000 .46 .46 .46 .46 .63 .63 .63 .63
888 20000 20000 00000 20000 .46 .46 .46 .46 .63 .63 .63 .63
889 20000 20000 00000 20000 .46 .46 .46 .46 .63 .63 .63 .63
890 20000 20000 00000 20000 .46 .46 .46 .46 .63 .63 .63 .63
891 20000 20000 00000 20000 .46 .46 .46 .46 .63 .63 .63 .63
892 20000 20000 00000 20000 .46 .46 .46 .46 .63 .63 .63 .63
893 20000 20000 00000 20000 .46 .46 .46 .46 .63 .63 .63 .63
894 20000 20000 00000 20000 .46 .46 .46 .46 .63 .63 .63 .63
895 20000 20000 00000 20000 .46 .46 .46 .46 .63 .63 .63 .63
896 20000 20000 00000 20000 .46 .46 .46 .46 .63 .63 .63 .63
897 20000 20000 00000 20000 .46 .46 .46 .46 .63 .63 .63 .63
898 20000 20000 00000 20000 .46 .46 .46 .46 .63 .63 .63 .63
899 20000 20000 00000 20000 .46 .46 .46 .46 .63 .63 .63 .63
900 20000 20000 00000 20000 .46 .46 .46 .46 .63 .63 .63 .63
901 20000 20000 00000 20000 .46 .46 .46 .46 .63 .63 .63 .63
902 20000 20000 00000 20000 .46 .46 .46 .46 .63 .63 .63 .63
