0 00002 00002 00000 00002 .46 .46 .46 .46 .63 .63 .63 .63
1 00002 00002 00000 00002 .46 .46 .46 .46 .63 .63 .63 .63
2 00002 00002 00000 00002 .46 .46 .46 .46 .63 .63 .63 .63
3 00002 00002 00000 00002 .46 .46 .46 .46 .63 .63 .63 .63
4 00002 00002 00000 00002 .46 .46 .46 .46 .63 .63 .63 .63
5 00002 00002 00000 00002 .46 .46 .46 .46 .63 .63 .63 .63
6 00002 00002 00000 00002 .46 .46 .46 .46 .63 .63 .63 .63
7 00002 00002 00000 00002 .46 .46 .46 .46 .63 .63 .63 .63
8 00002 00002 00000 00002 .46 .46 .46 .46 .63 .63 .63 .63
9 00002 00002 00000 00002 .46 .46 .46 .46 .63 .63 .63 .63
10 00002 00002 00000 00002 .46 .46 .46 .46 .63 .63 .63 .63
11 00002 00002 00000 00002 .46 .46 .46 .46 .63 .63 .63 .63
12 00002 00002 00000 00002 .46 .46 .46 .46 .63 .63 .63 .63
13 00002 00002 00000 00002 .46 .46 .46 .46 .63 .63 .63 .63
14 00002 00002 00000 00002 .46 .46 .46 .46 .63 .63 .63 .63
15 00002 00002 00000 00002 .46 .46 .46 .46 .63 .63 .63 .63
16 00002 00002 00000 00002 .46 .46 .46 .46 .63 .63 .63 .63
17 00002 00002 00000 00002 .46 .46 .46 .46 .63 .63 .63 .63
18 00002 00002 00000 00002 .46 .46 .46 .46 .63 .63 .63 .63
19 00002 00002 00000 00002 .46 .46 .46 .46 .63 .63 .63 .63
20 00002 00002 00000 00002 .46 .46 .46 .46 .63 .63 .63 .63
21 00002 00002 00000 00002 .46 .46 .46 .46 .63 .63 .63 .63
22 00002 00002 00000 00002 .46 .46 .46 .46 .63 .63 .63 .63
23 00002 00002 00000 00002 .46 .46 .46 .46 .63 .63 .63 .63
24 00002 00002 00000 00002 .46 .46 .46 .46 .63 .63 .63 .63
25 00002 00002 00000 00002 .46 .46 .46 .46 .63 .63 .63 .63
26 00002 00002 00000 00002 .46 .46 .46 .46 .63 .63 .63 .63
27 00002 00002 00000 00002 .46 .46 .46 .46 .63 .63 .63 .63
28 00002 00002 00000 00002 .46 .46 .46 .46 .63 .63 .63 .63
29 00002 00002 00000 00002 .46 .46 .46 .46 .63 .63 .63 .63
30 00002 00002 00000 00002 .46 .46 .46 .46 .63 .63 .63 .63
31 00002 00002 00000 00002 .46 .46 .46 .46 .63 .63 .63 .63
32 00002 00002 00000 00002 .46 .46 .46 .46 .63 .63 .63 .63
33 00002 00002 00000 00002 .46 .46 .46 .46 .63 .63 .63 .63
34 00002 00002 00000 00002 .46 .46 .46 .46 .63 .63 .63 .63
35 00002 00002 00000 00002 .46 .46 .46 .46 .63 .63 .63 .63
36 00002 00002 00000 00002 .46 .46 .46 .46 .63 .63 .63 .63
37 00002 00002 00000 00002 .46 .46 .46 .46 .63 .63 .63 .63
38 00002 00002 00000 00002 .46 .46 .46 .46 .63 .63 .63 .63
39 00002 00002 00000 00002 .46 .46 .46 .46 .63 .63 .63 .63
40 00002 00002 00000 00002 .46 .46 .46 .46 .63 .63 .63 .63
41 00002 00002 00000 00002 .46 .46 .46 .46 .63 .63 .63 .63
42 00002 00002 00000 00002 .46 .46 .46 .46 .63 .63 .63 .63
43 00002 00002 00000 00002 .46 .46 .46 .46 .63 .63 .63 .63
44 00002 00002 00000 00002 .46 .46 .46 .46 .63 .63 .63 .63
45 00002 00002 00000 00002 .46 .46 .46 .46 .63 .63 .63 .63
46 00002 00002 00000 00002 .46 .46 .46 .46 .63 .63 .63 .63
47 00002 00002 00000 00002 .46 .46 .46 .46 .63 .63 .63 .63
48 00002 00002 00000 00002 .46 .46 .46 .46 .63 .63 .63 .63
49 00002 00002 00000 00002 .46 .46 .46 .46 .63 .63 .63 .63
50 00002 00002 00000 00002 .46 .46 .46 .46 .63 .63 .63 .63
51 00002 00002 00000 00002 .46 .46 .46 .46 .63 .63 .63 .63
52 00002 00002 00000 00002 .46 .46 .46 .46 .63 .63 .63 .63
53 00002 00002 00000 00002 .46 .46 .46 .46 .63 .63 .63 .63
54 00002 00002 00000 00002 .46 .46 .46 .46 .63 .63 .63 .63
55 00002 00002 00000 00002 .46 .46 .46 .46 .63 .63 .63 .63
56 00002 00002 00000 00002 .46 .46 .46 .46 .63 .63 .63 .63
57 00002 00002 00000 00002 .46 .46 .46 .46 .63 .63 .63 .63
58 00002 00002 00000 00002 .46 .46 .46 .46 .63 .63 .63 .63
59 00002 00002 00000 00002 .46 .46 .46 .46 .63 .63 .63 .63
60 00002 00002 00000 00002 .46 .46 .46 .46 .63 .63 .63 .63
61 00002 00002 00000 00002 .46 .46 .46 .46 .63 .63 .63 .63
62 00002 00002 00000 00002 .46 .46 .46 .46 .63 .63 .63 .63
63 00002 00002 00000 00002 .46 .46 .46 .46 .63 .63 .63 .63
64 00002 00002 00000 00002 .46 .46 .46 .46 .63 .63 .63 .63
65 00002 00002 00000 00002 .46 .46 .46 .46 .63 .63 .63 .63
66 00002 00002 00000 00002 .46 .46 .46 .46 .63 .63 .63 .63
67 00002 00002 00000 00002 .46 .46 .46 .46 .63 .63 .63 .63
68 00002 00002 00000 00002 .46 .46 .46 .46 .63 .63 .63 .63
69 00002 00002 00000 00002 .46 .46 .46 .46 .63 .63 .63 .63
70 00002 00002 00000 00002 .46 .46 .46 .46 .63 .63 .63 .63
71 00002 00002 00000 00002 .46 .46 .46 .46 .63 .63 .63 .63
72 00002 00002 00000 00002 .46 .46 .46 .46 .63 .63 .63 .63
73 00002 00002 00000 00002 .46 .46 .46 .46 .63 .63 .63 .63
74 00002 00002 00000 00002 .46 .46 .46 .46 .63 .63 .63 .63
75 00002 00002 00000 00002 .46 .46 .46 .46 .63 .63 .63 .63
76 00002 00002 00000 00002 .46 .46 .46 .46 .63 .63 .63 .63
77 00002 00002 00000 00002 .46 .46 .46 .46 .63 .63 .63 .63
78 00002 00002 00000 00002 .46 .46 .46 .46 .63 .63 .63 .63
79 00002 00002 00000 00002 .46 .46 .46 .46 .63 .63 .63 .63
80 00002 00002 00000 00002 .46 .46 .46 .46 .63 .63 .63 .63
81 00002 00002 00000 00002 .46 .46 .46 .46 .63 .63 .63 .63
82 00002 00002 00000 00002 .46 .46 .46 .46 .63 .63 .63 .63
83 00002 00002 00000 00002 .46 .46 .46 .46 .63 .63 .63 .63
84 00002 00002 00000 00002 .46 .46 .46 .46 .63 .63 .63 .63
85 00002 00002 00000 00002 .46 .46 .46 .46 .63 .63 .63 .63
86 00002 00002 00000 00002 .46 .46 .46 .46 .63 .63 .63 .63
87 00002 00002 00000 00002 .46 .46 .46 .46 .63 .63 .63 .63
88 00002 00002 00000 00002 .46 .46 .46 .46 .63 .63 .63 .63
89 00002 00002 00000 00002 .46 .46 .46 .46 .63 .63 .63 .63
90 00022 00022 00000 00022 .36 .36 .36 .36 .55 .55 .55 .55
91 00022 00022 00000 00022 .36 .36 .36 .36 .55 .55 .55 .55
92 00022 00022 00000 00022 .36 .36 .36 .36 .55 .55 .55 .55
93 00022 00022 00000 00022 .36 .36 .36 .36 .55 .55 .55 .55
94 00022 00022 00000 00022 .36 .36 .36 .36 .55 .55 .55 .55
95 00022 00022 00000 00022 .36 .36 .36 .36 .55 .55 .55 .55
96 00022 00022 00000 00022 .36 .36 .36 .36 .55 .55 .55 .55
97 00022 00022 00000 00022 .36 .36 .36 .36 .55 .55 .55 .55
98 00022 00022 00000 00022 .36 .36 .36 .36 .55 .55 .55 .55
99 00022 00022 00000 00022 .36 .36 .36 .36 .55 .55 .55 .55
100 00202 00202 00000 00202 .36 .36 .36 .36 .55 .55 .55 .55
101 00202 00202 00000 00202 .36 .36 .36 .36 .55 .55 .55 .55
102 00202 00202 00000 00202 .36 .36 .36 .36 .55 .55 .55 .55
103 00202 00202 00000 00202 .36 .36 .36 .36 .55 .55 .55 .55
104 00202 00202 00020 00202 .16 .16 .16 .16 .37 .37 .37 .37
105 00202 00202 00020 00202 .16 .16 .16 .16 .37 .37 .37 .37
106 00202 00202 00020 00202 .16 .16 .16 .16 .37 .37 .37 .37
107 00202 00202 00020 00202 .16 .16 .16 .16 .37 .37 .37 .37
108 00202 00202 00020 00202 .16 .16 .16 .16 .37 .37 .37 .37
109 00202 00202 00020 00202 .16 .16 .16 .16 .37 .37 .37 .37
110 00202 00202 00020 00202 .16 .16 .16 .16 .37 .37 .37 .37
111 00202 00202 00020 00202 .16 .16 .16 .16 .37 .37 .37 .37
112 00202 00202 00020 00202 .16 .16 .16 .16 .37 .37 .37 .37
113 00202 00202 00020 00202 .16 .16 .16 .16 .37 .37 .37 .37
114 00202 00202 00020 00202 .16 .16 .16 .16 .37 .37 .37 .37
115 00202 00202 00020 00202 .16 .16 .16 .16 .37 .37 .37 .37
116 00202 00202 00020 00202 .16 .16 .16 .16 .37 .37 .37 .37
117 00202 00202 00020 00202 .16 .16 .16 .16 .37 .37 .37 .37
118 00202 00202 00020 00202 .16 .16 .16 .16 .37 .37 .37 .37
119 00202 00202 00020 00202 .16 .16 .16 .16 .37 .37 .37 .37
120 00202 00202 00020 00202 .16 .16 .16 .16 .37 .37 .37 .37
121 00202 00202 00020 00202 .16 .16 .16 .16 .37 .37 .37 .37
122 00202 00202 00020 00202 .16 .16 .16 .16 .37 .37 .37 .37
123 00202 00202 00020 00202 .16 .16 .16 .16 .37 .37 .37 .37
124 00202 00202 00020 00202 .16 .16 .16 .16 .37 .37 .37 .37
125 00202 00202 00020 00202 .16 .16 .16 .16 .37 .37 .37 .37
126 00202 00202 00020 00202 .16 .16 .16 .16 .37 .37 .37 .37
127 00202 00202 00020 00202 .16 .16 .16 .16 .37 .37 .37 .37
128 00202 00202 00020 00202 .16 .16 .16 .16 .37 .37 .37 .37
129 00202 00202 00020 00202 .16 .16 .16 .16 .37 .37 .37 .37
130 00202 00202 00020 00202 .16 .16 .16 .16 .37 .37 .37 .37
131 00202 00202 00020 00202 .16 .16 .16 .16 .37 .37 .37 .37
132 00202 00202 00020 00202 .16 .16 .16 .16 .37 .37 .37 .37
133 00202 00202 00020 00202 .16 .16 .16 .16 .37 .37 .37 .37
134 00202 00202 00020 00202 .16 .16 .16 .16 .37 .37 .37 .37
135 00202 00202 00020 00202 .16 .16 .16 .16 .37 .37 .37 .37
136 00202 00202 00020 00202 .16 .16 .16 .16 .37 .37 .37 .37
137 00202 00202 00020 00202 .16 .16 .16 .16 .37 .37 .37 .37
138 00202 00202 00020 00202 .16 .16 .16 .16 .37 .37 .37 .37
139 00202 00202 00020 00202 .16 .16 .16 .16 .37 .37 .37 .37
140 00202 00202 00020 00202 .16 .16 .16 .16 .37 .37 .37 .37
141 00202 00202 00020 00202 .16 .16 .16 .16 .37 .37 .37 .37
142 00202 00202 00020 00202 .16 .16 .16 .16 .37 .37 .37 .37
143 00202 00202 00020 00202 .16 .16 .16 .16 .37 .37 .37 .37
144 00202 00202 00020 00202 .16 .16 .16 .16 .37 .37 .37 .37
145 00202 00202 00020 00202 .16 .16 .16 .16 .37 .37 .37 .37
146 00202 00202 00020 00202 .16 .16 .16 .16 .37 .37 .37 .37
147 00202 00202 00020 00202 .16 .16 .16 .16 .37 .37 .37 .37
148 00202 00202 00020 00202 .16 .16 .16 .16 .37 .37 .37 .37
149 00202 00202 00020 00202 .16 .16 .16 .16 .37 .37 .37 .37
150 00202 00202 00020 00202 .16 .16 .16 .16 .37 .37 .37 .37
151 00202 00202 00020 00202 .16 .16 .16 .16 .37 .37 .37 .37
152 00202 00202 00020 00202 .16 .16 .16 .16 .37 .37 .37 .37
153 00202 00202 00020 00202 .16 .16 .16 .16 .37 .37 .37 .37
154 00202 00202 00020 00202 .16 .16 .16 .16 .37 .37 .37 .37
155 00202 00202 00020 00202 .16 .16 .16 .16 .37 .37 .37 .37
156 00202 00202 00020 00202 .16 .16 .16 .16 .37 .37 .37 .37
157 00202 00202 00020 00202 .16 .16 .16 .16 .37 .37 .37 .37
158 00202 00202 00020 00202 .16 .16 .16 .16 .37 .37 .37 .37
159 00202 00202 00020 00202 .16 .16 .16 .16 .37 .37 .37 .37
160 00200 00200 00020 00200 .22 .22 .22 .22 .41 .41 .41 .41
161 00200 00200 00020 00200 .22 .22 .22 .22 .41 .41 .41 .41
162 00200 00200 00020 00200 .22 .22 .22 .22 .41 .41 .41 .41
163 00200 00200 00020 00200 .22 .22 .22 .22 .41 .41 .41 .41
164 00200 00200 00020 00200 .22 .22 .22 .22 .41 .41 .41 .41
165 00200 00200 00020 00200 .22 .22 .22 .22 .41 .41 .41 .41
166 00200 00200 00020 00200 .22 .22 .22 .22 .41 .41 .41 .41
167 00200 00200 00020 00200 .22 .22 .22 .22 .41 .41 .41 .41
168 00200 00200 00020 00200 .22 .22 .22 .22 .41 .41 .41 .41
169 00200 00200 00020 00200 .22 .22 .22 .22 .41 .41 .41 .41
170 00200 00200 00020 00200 .22 .22 .22 .22 .41 .41 .41 .41
171 00200 00200 00020 00200 .22 .22 .22 .22 .41 .41 .41 .41
172 00200 00200 00020 00200 .22 .22 .22 .22 .41 .41 .41 .41
173 00200 00200 00020 00200 .22 .22 .22 .22 .41 .41 .41 .41
174 00200 00200 00020 00200 .22 .22 .22 .22 .41 .41 .41 .41
175 00200 00200 00020 00200 .22 .22 .22 .22 .41 .41 .41 .41
176 00200 00200 00020 00200 .22 .22 .22 .22 .41 .41 .41 .41
177 00200 00200 00020 00200 .22 .22 .22 .22 .41 .41 .41 .41
178 00200 00200 00020 00200 .22 .22 .22 .22 .41 .41 .41 .41
179 00200 00200 00020 00200 .22 .22 .22 .22 .41 .41 .41 .41
180 00200 00200 00020 00200 .22 .22 .22 .22 .41 .41 .41 .41
181 00200 00200 00020 00200 .22 .22 .22 .22 .41 .41 .41 .41
182 00200 00200 00020 00200 .22 .22 .22 .22 .41 .41 .41 .41
183 00200 00200 00020 00200 .22 .22 .22 .22 .41 .41 .41 .41
184 00200 00200 00020 00200 .22 .22 .22 .22 .41 .41 .41 .41
185 00200 00200 00020 00200 .22 .22 .22 .22 .41 .41 .41 .41
186 00200 00200 00020 00200 .22 .22 .22 .22 .41 .41 .41 .41
187 00200 00200 00020 00200 .22 .22 .22 .22 .41 .41 .41 .41
188 00200 00200 00020 00200 .22 .22 .22 .22 .41 .41 .41 .41
189 00200 00200 00020 00200 .22 .22 .22 .22 .41 .41 .41 .41
190 00200 00200 00020 00200 .22 .22 .22 .22 .41 .41 .41 .41
191 00200 00200 00020 00200 .22 .22 .22 .22 .41 .41 .41 .41
192 00200 00200 00020 00200 .22 .22 .22 .22 .41 .41 .41 .41
193 00200 00200 00020 00200 .22 .22 .22 .22 .41 .41 .41 .41
194 00200 00200 00020 00200 .22 .22 .22 .22 .41 .41 .41 .41
195 00200 00200 00020 00200 .22 .22 .22 .22 .41 .41 .41 .41
196 00200 00200 00020 00200 .22 .22 .22 .22 .41 .41 .41 .41
197 00200 00200 00020 00200 .22 .22 .22 .22 .41 .41 .41 .41
198 00200 00200 00020 00200 .22 .22 .22 .22 .41 .41 .41 .41
199 00200 00200 00020 00200 .22 .22 .22 .22 .41 .41 .41 .41
200 00200 00200 00020 00200 .22 .22 .22 .22 .41 .41 .41 .41
201 00200 00200 00020 00200 .22 .22 .22 .22 .41 .41 .41 .41
202 00200 00200 00020 00200 .22 .22 .22 .22 .41 .41 .41 .41
203 00200 00200 00020 00200 .22 .22 .22 .22 .41 .41 .41 .41
204 00200 00200 00020 00200 .22 .22 .22 .22 .41 .41 .41 .41
205 00200 00200 00020 00200 .22 .22 .22 .22 .41 .41 .41 .41
206 00200 00200 00020 00200 .22 .22 .22 .22 .41 .41 .41 .41
207 00200 00200 00020 00200 .22 .22 .22 .22 .41 .41 .41 .41
208 00200 00200 00020 00200 .22 .22 .22 .22 .41 .41 .41 .41
209 00200 00200 00020 00200 .22 .22 .22 .22 .41 .41 .41 .41
210 00200 00200 00020 00200 .22 .22 .22 .22 .41 .41 .41 .41
211 00200 00200 00020 00200 .22 .22 .22 .22 .41 .41 .41 .41
212 00200 00200 00020 00200 .22 .22 .22 .22 .41 .41 .41 .41
213 00200 00200 00020 00200 .22 .22 .22 .22 .41 .41 .41 .41
214 00200 00200 00020 00200 .22 .22 .22 .22 .41 .41 .41 .41
215 00200 00200 00020 00200 .22 .22 .22 .22 .41 .41 .41 .41
216 00200 00200 00020 00200 .22 .22 .22 .22 .41 .41 .41 .41
217 00200 00200 00020 00200 .22 .22 .22 .22 .41 .41 .41 .41
218 00200 00200 00020 00200 .22 .22 .22 .22 .41 .41 .41 .41
219 00200 00200 00020 00200 .22 .22 .22 .22 .41 .41 .41 .41
220 00201 00200 00020 00200 .11 .09 .14 .05 .28 .29 .34 .24
221 00201 00200 00020 00200 .11 .09 .14 .05 .28 .29 .34 .24
222 00201 00200 00020 00200 .11 .09 .14 .05 .28 .29 .34 .24
223 00201 00200 00020 00200 .11 .09 .14 .05 .28 .29 .34 .24
224 00201 00200 00020 00200 .11 .09 .14 .05 .28 .29 .34 .24
225 00201 00200 00020 00200 .11 .09 .14 .05 .28 .29 .34 .24
226 00201 00200 00020 00200 .11 .09 .14 .05 .28 .29 .34 .24
227 00201 00200 00020 00200 .11 .09 .14 .05 .28 .29 .34 .24
228 00201 00200 00020 00200 .11 .09 .14 .05 .28 .29 .34 .24
229 00201 00200 00020 00200 .11 .09 .14 .05 .28 .29 .34 .24
230 00201 00201 00020 00201 .25 .14 .14 .17 .45 .34 .34 .38
231 00201 00201 00020 00201 .25 .14 .14 .17 .45 .34 .34 .38
232 00201 00201 00020 00201 .25 .14 .14 .17 .45 .34 .34 .38
233 00201 00201 00020 00201 .25 .14 .14 .17 .45 .34 .34 .38
234 00201 00201 00020 00201 .25 .14 .14 .17 .45 .34 .34 .38
235 00201 00201 00020 00201 .25 .14 .14 .17 .45 .34 .34 .38
236 00201 00201 00020 00201 .25 .14 .14 .17 .45 .34 .34 .38
237 00201 00201 00020 00201 .25 .14 .14 .17 .45 .34 .34 .38
238 00201 00201 00020 00201 .25 .14 .14 .17 .45 .34 .34 .38
239 00201 00201 00020 00201 .25 .14 .14 .17 .45 .34 .34 .38
240 00201 00201 00020 00201 .25 .14 .14 .17 .45 .34 .34 .38
241 00201 00201 00020 00201 .25 .14 .14 .17 .45 .34 .34 .38
242 00201 00201 00020 00201 .25 .14 .14 .17 .45 .34 .34 .38
243 00201 00201 00020 00201 .25 .14 .14 .17 .45 .34 .34 .38
244 00201 00201 00020 00201 .25 .14 .14 .17 .45 .34 .34 .38
245 00201 00201 00020 00201 .25 .14 .14 .17 .45 .34 .34 .38
246 00201 00201 00020 00201 .25 .14 .14 .17 .45 .34 .34 .38
247 00201 00201 00020 00201 .25 .14 .14 .17 .45 .34 .34 .38
248 00201 00201 00020 00201 .25 .14 .14 .17 .45 .34 .34 .38
249 00201 00201 00020 00201 .25 .14 .14 .17 .45 .34 .34 .38
250 00201 00201 00020 00201 .25 .14 .14 .17 .45 .34 .34 .38
251 00201 00201 00020 00201 .25 .14 .14 .17 .45 .34 .34 .38
252 00201 00201 00020 00201 .25 .14 .14 .17 .45 .34 .34 .38
253 00201 00201 00020 00201 .25 .14 .14 .17 .45 .34 .34 .38
254 00201 00201 00020 00201 .25 .14 .14 .17 .45 .34 .34 .38
255 00201 00201 00020 00201 .25 .14 .14 .17 .45 .34 .34 .38
256 00201 00201 00020 00201 .25 .14 .14 .17 .45 .34 .34 .38
257 00201 00201 00020 00201 .25 .14 .14 .17 .45 .34 .34 .38
258 00201 00201 00020 00201 .25 .14 .14 .17 .45 .34 .34 .38
259 00201 00201 00020 00201 .25 .14 .14 .17 .45 .34 .34 .38
260 00202 00202 00020 00202 .16 .16 .16 .16 .37 .37 .37 .37
261 00202 00202 00020 00202 .16 .16 .16 .16 .37 .37 .37 .37
262 00202 00202 00020 00202 .16 .16 .16 .16 .37 .37 .37 .37
263 00202 00202 00020 00202 .16 .16 .16 .16 .37 .37 .37 .37
264 00202 00202 00020 00202 .16 .16 .16 .16 .37 .37 .37 .37
265 00202 00202 00020 00202 .16 .16 .16 .16 .37 .37 .37 .37
266 00202 00202 00020 00202 .16 .16 .16 .16 .37 .37 .37 .37
267 00202 00202 00020 00202 .16 .16 .16 .16 .37 .37 .37 .37
268 00202 00202 00020 00202 .16 .16 .16 .16 .37 .37 .37 .37
269 00202 00202 00020 00202 .16 .16 .16 .16 .37 .37 .37 .37
270 00202 00202 00020 00202 .16 .16 .16 .16 .37 .37 .37 .37
271 00202 00202 00020 00202 .16 .16 .16 .16 .37 .37 .37 .37
272 00202 00202 00020 00202 .16 .16 .16 .16 .37 .37 .37 .37
273 00202 00202 00020 00202 .16 .16 .16 .16 .37 .37 .37 .37
274 00202 00202 00020 00202 .16 .16 .16 .16 .37 .37 .37 .37
275 00202 00202 00020 00202 .16 .16 .16 .16 .37 .37 .37 .37
276 00202 00202 00020 00202 .16 .16 .16 .16 .37 .37 .37 .37
277 00202 00202 00020 00202 .16 .16 .16 .16 .37 .37 .37 .37
278 00202 00202 00020 00202 .16 .16 .16 .16 .37 .37 .37 .37
279 00202 00202 00020 00202 .16 .16 .16 .16 .37 .37 .37 .37
280 00202 00202 00020 00202 .16 .16 .16 .16 .37 .37 .37 .37
281 00202 00202 00020 00202 .16 .16 .16 .16 .37 .37 .37 .37
282 00202 00202 00020 00202 .16 .16 .16 .16 .37 .37 .37 .37
283 00202 00202 00020 00202 .16 .16 .16 .16 .37 .37 .37 .37
284 00202 00202 00020 00202 .16 .16 .16 .16 .37 .37 .37 .37
285 00202 00202 00020 00202 .16 .16 .16 .16 .37 .37 .37 .37
286 00202 00202 00020 00202 .16 .16 .16 .16 .37 .37 .37 .37
287 00202 00202 00020 00202 .16 .16 .16 .16 .37 .37 .37 .37
288 00202 00202 00020 00202 .16 .16 .16 .16 .37 .37 .37 .37
289 00202 00202 00020 00202 .16 .16 .16 .16 .37 .37 .37 .37
290 00202 00202 00020 00202 .16 .16 .16 .16 .37 .37 .37 .37
291 00202 00202 00020 00202 .16 .16 .16 .16 .37 .37 .37 .37
292 00202 00202 00020 00202 .16 .16 .16 .16 .37 .37 .37 .37
293 00202 00202 00020 00202 .16 .16 .16 .16 .37 .37 .37 .37
294 00202 00202 00020 00202 .16 .16 .16 .16 .37 .37 .37 .37
295 00202 00202 00020 00202 .16 .16 .16 .16 .37 .37 .37 .37
296 00202 00202 00020 00202 .16 .16 .16 .16 .37 .37 .37 .37
297 00202 00202 00020 00202 .16 .16 .16 .16 .37 .37 .37 .37
298 00202 00202 00020 00202 .16 .16 .16 .16 .37 .37 .37 .37
299 00202 00202 00020 00202 .16 .16 .16 .16 .37 .37 .37 .37
300 00202 00202 00020 00202 .16 .16 .16 .16 .37 .37 .37 .37
301 00202 00202 00020 00202 .16 .16 .16 .16 .37 .37 .37 .37
302 00202 00202 00020 00202 .16 .16 .16 .16 .37 .37 .37 .37
303 00202 00202 00020 00202 .16 .16 .16 .16 .37 .37 .37 .37
304 00202 00202 00020 00202 .16 .16 .16 .16 .37 .37 .37 .37
305 00202 00202 00020 00202 .16 .16 .16 .16 .37 .37 .37 .37
306 00202 00202 00020 00202 .16 .16 .16 .16 .37 .37 .37 .37
307 00202 00202 00020 00202 .16 .16 .16 .16 .37 .37 .37 .37
308 00202 00202 00020 00202 .16 .16 .16 .16 .37 .37 .37 .37
309 00202 00202 00020 00202 .16 .16 .16 .16 .37 .37 .37 .37
310 00202 00202 00020 00202 .16 .16 .16 .16 .37 .37 .37 .37
311 00202 00202 00020 00202 .16 .16 .16 .16 .37 .37 .37 .37
312 00202 00202 00020 00202 .16 .16 .16 .16 .37 .37 .37 .37
313 00202 00202 00020 00202 .16 .16 .16 .16 .37 .37 .37 .37
314 00202 00202 00020 00202 .16 .16 .16 .16 .37 .37 .37 .37
315 00202 00202 00020 00202 .16 .16 .16 .16 .37 .37 .37 .37
316 00202 00202 00020 00202 .16 .16 .16 .16 .37 .37 .37 .37
317 00202 00202 00020 00202 .16 .16 .16 .16 .37 .37 .37 .37
318 00202 00202 00020 00202 .16 .16 .16 .16 .37 .37 .37 .37
319 00202 00202 00020 00202 .16 .16 .16 .16 .37 .37 .37 .37
320 00202 00202 00020 00202 .16 .16 .16 .16 .37 .37 .37 .37
321 00202 00202 00020 00202 .16 .16 .16 .16 .37 .37 .37 .37
322 00202 00202 00020 00202 .16 .16 .16 .16 .37 .37 .37 .37
323 00202 00202 00020 00202 .16 .16 .16 .16 .37 .37 .37 .37
324 00202 00202 00020 00202 .16 .16 .16 .16 .37 .37 .37 .37
325 00202 00202 00020 00202 .16 .16 .16 .16 .37 .37 .37 .37
326 00202 00202 00020 00202 .16 .16 .16 .16 .37 .37 .37 .37
327 00202 00202 00020 00202 .16 .16 .16 .16 .37 .37 .37 .37
328 00202 00202 00020 00202 .16 .16 .16 .16 .37 .37 .37 .37
329 00202 00202 00020 00202 .16 .16 .16 .16 .37 .37 .37 .37
330 00202 00202 00020 00202 .16 .16 .16 .16 .37 .37 .37 .37
331 00202 00202 00020 00202 .16 .16 .16 .16 .37 .37 .37 .37
332 00202 00202 00020 00202 .16 .16 .16 .16 .37 .37 .37 .37
333 00202 00202 00020 00202 .16 .16 .16 .16 .37 .37 .37 .37
334 00202 00202 00020 00202 .16 .16 .16 .16 .37 .37 .37 .37
335 00202 00202 00020 00202 .16 .16 .16 .16 .37 .37 .37 .37
336 00202 00202 00020 00202 .16 .16 .16 .16 .37 .37 .37 .37
337 00202 00202 00020 00202 .16 .16 .16 .16 .37 .37 .37 .37
338 00202 00202 00020 00202 .16 .16 .16 .16 .37 .37 .37 .37
339 00202 00202 00020 00202 .16 .16 .16 .16 .37 .37 .37 .37
340 00202 00202 00020 00202 .16 .16 .16 .16 .37 .37 .37 .37
341 00202 00202 00020 00202 .16 .16 .16 .16 .37 .37 .37 .37
342 00202 00202 00020 00202 .16 .16 .16 .16 .37 .37 .37 .37
343 00202 00202 00020 00202 .16 .16 .16 .16 .37 .37 .37 .37
