0 00002 04002 00000 00002 .26 .17 .05 .23 .43 .35 .17 .41
1 00002 04002 00000 00002 .26 .17 .05 .23 .43 .35 .17 .41
2 00002 04002 00000 00002 .26 .17 .05 .23 .43 .35 .17 .41
3 00002 04002 00000 00002 .26 .17 .05 .23 .43 .35 .17 .41
4 00002 04002 00000 00002 .26 .17 .05 .23 .43 .35 .17 .41
5 00002 04002 00000 00002 .26 .17 .05 .23 .43 .35 .17 .41
6 00002 04002 00000 00002 .26 .17 .05 .23 .43 .35 .17 .41
7 00002 04002 00000 00002 .26 .17 .05 .23 .43 .35 .17 .41
8 00002 04002 00000 00002 .26 .17 .05 .23 .43 .35 .17 .41
9 00002 04002 00000 00002 .26 .17 .05 .23 .43 .35 .17 .41
10 00002 00002 00000 00002 .46 .46 .46 .46 .63 .63 .63 .63
11 00002 00002 00000 00002 .46 .46 .46 .46 .63 .63 .63 .63
12 00002 00002 00000 00002 .46 .46 .46 .46 .63 .63 .63 .63
13 00002 00002 00000 00002 .46 .46 .46 .46 .63 .63 .63 .63
14 00002 00002 00000 00002 .46 .46 .46 .46 .63 .63 .63 .63
15 00002 00002 00000 00002 .46 .46 .46 .46 .63 .63 .63 .63
16 00002 00002 00000 00002 .46 .46 .46 .46 .63 .63 .63 .63
17 00002 00002 00000 00002 .46 .46 .46 .46 .63 .63 .63 .63
18 00002 00002 00000 00002 .46 .46 .46 .46 .63 .63 .63 .63
19 00002 00002 00000 00002 .46 .46 .46 .46 .63 .63 .63 .63
20 00002 00002 00000 00002 .46 .46 .46 .46 .63 .63 .63 .63
21 00002 00002 00000 00002 .46 .46 .46 .46 .63 .63 .63 .63
22 00002 00002 00000 00002 .46 .46 .46 .46 .63 .63 .63 .63
23 00002 00002 00000 00002 .46 .46 .46 .46 .63 .63 .63 .63
24 00002 00002 00000 00002 .46 .46 .46 .46 .63 .63 .63 .63
25 00002 00002 00000 00002 .46 .46 .46 .46 .63 .63 .63 .63
26 00002 00002 00000 00002 .46 .46 .46 .46 .63 .63 .63 .63
27 00002 00002 00000 00002 .46 .46 .46 .46 .63 .63 .63 .63
28 00002 00002 00000 00002 .46 .46 .46 .46 .63 .63 .63 .63
29 00002 00002 00020 00002 .22 .22 .22 .22 .41 .41 .41 .41
30 00002 00002 00020 00002 .22 .22 .22 .22 .41 .41 .41 .41
31 00002 00002 00020 00002 .22 .22 .22 .22 .41 .41 .41 .41
32 00002 00002 00020 00002 .22 .22 .22 .22 .41 .41 .41 .41
33 00002 00002 00020 00002 .22 .22 .22 .22 .41 .41 .41 .41
34 00002 00002 00020 00002 .22 .22 .22 .22 .41 .41 .41 .41
35 00002 00002 00020 00002 .22 .22 .22 .22 .41 .41 .41 .41
36 00002 00002 00020 00002 .22 .22 .22 .22 .41 .41 .41 .41
37 00002 00002 00020 00002 .22 .22 .22 .22 .41 .41 .41 .41
38 00002 00002 00020 00002 .22 .22 .22 .22 .41 .41 .41 .41
39 00002 00002 00020 00002 .22 .22 .22 .22 .41 .41 .41 .41
40 00022 00022 00020 00022 .72 .72 .72 .72 .79 .79 .79 .79
41 00022 00022 00020 00022 .72 .72 .72 .72 .79 .79 .79 .79
42 00022 00022 00020 00022 .72 .72 .72 .72 .79 .79 .79 .79
43 00022 00022 00020 00022 .72 .72 .72 .72 .79 .79 .79 .79
44 00022 00022 00020 00022 .72 .72 .72 .72 .79 .79 .79 .79
45 00022 00022 00020 00022 .72 .72 .72 .72 .79 .79 .79 .79
46 00022 00022 00020 00022 .72 .72 .72 .72 .79 .79 .79 .79
47 00022 00022 00020 00022 .72 .72 .72 .72 .79 .79 .79 .79
48 00022 00022 00020 00022 .72 .72 .72 .72 .79 .79 .79 .79
49 00022 00022 00020 00022 .72 .72 .72 .72 .79 .79 .79 .79
50 00022 00022 00020 00022 .72 .72 .72 .72 .79 .79 .79 .79
51 00022 00022 00020 00022 .72 .72 .72 .72 .79 .79 .79 .79
52 00022 00022 00020 00022 .72 .72 .72 .72 .79 .79 .79 .79
53 00022 00022 00020 00022 .72 .72 .72 .72 .79 .79 .79 .79
54 00022 00022 00020 00022 .72 .72 .72 .72 .79 .79 .79 .79
55 00022 00022 00020 00022 .72 .72 .72 .72 .79 .79 .79 .79
56 00022 00022 00020 00022 .72 .72 .72 .72 .79 .79 .79 .79
57 00022 00022 00020 00022 .72 .72 .72 .72 .79 .79 .79 .79
58 00022 00022 00020 00022 .72 .72 .72 .72 .79 .79 .79 .79
59 00022 00022 00020 00022 .72 .72 .72 .72 .79 .79 .79 .79
60 00022 00022 00020 00022 .72 .72 .72 .72 .79 .79 .79 .79
61 00022 00022 00020 00022 .72 .72 .72 .72 .79 .79 .79 .79
62 00022 00022 00020 00022 .72 .72 .72 .72 .79 .79 .79 .79
63 00022 00022 00020 00022 .72 .72 .72 .72 .79 .79 .79 .79
64 00022 00022 00020 00022 .72 .72 .72 .72 .79 .79 .79 .79
65 00022 00022 00020 00022 .72 .72 .72 .72 .79 .79 .79 .79
66 00022 00022 00020 00022 .72 .72 .72 .72 .79 .79 .79 .79
67 00022 00022 00020 00022 .72 .72 .72 .72 .79 .79 .79 .79
68 00022 00022 00020 00022 .72 .72 .72 .72 .79 .79 .79 .79
69 00022 00022 00020 00022 .72 .72 .72 .72 .79 .79 .79 .79
70 00022 00022 00020 00022 .72 .72 .72 .72 .79 .79 .79 .79
71 00022 00022 00020 00022 .72 .72 .72 .72 .79 .79 .79 .79
72 00022 00022 00020 00022 .72 .72 .72 .72 .79 .79 .79 .79
73 00022 00022 00020 00022 .72 .72 .72 .72 .79 .79 .79 .79
74 00022 00022 00020 00022 .72 .72 .72 .72 .79 .79 .79 .79
75 00022 00022 00020 00022 .72 .72 .72 .72 .79 .79 .79 .79
76 00022 00022 00020 00022 .72 .72 .72 .72 .79 .79 .79 .79
77 00022 00022 00020 00022 .72 .72 .72 .72 .79 .79 .79 .79
78 00022 00022 00020 00022 .72 .72 .72 .72 .79 .79 .79 .79
79 00022 00022 00020 00022 .72 .72 .72 .72 .79 .79 .79 .79
80 00022 00022 00020 00022 .72 .72 .72 .72 .79 .79 .79 .79
81 00022 00022 00020 00022 .72 .72 .72 .72 .79 .79 .79 .79
82 00022 00022 00020 00022 .72 .72 .72 .72 .79 .79 .79 .79
83 00022 00022 00020 00022 .72 .72 .72 .72 .79 .79 .79 .79
84 00022 00022 00020 00022 .72 .72 .72 .72 .79 .79 .79 .79
85 00022 00022 00020 00022 .72 .72 .72 .72 .79 .79 .79 .79
86 00022 00022 00020 00022 .72 .72 .72 .72 .79 .79 .79 .79
87 00022 00022 00020 00022 .72 .72 .72 .72 .79 .79 .79 .79
88 00022 00022 00020 00022 .72 .72 .72 .72 .79 .79 .79 .79
89 00022 00022 00020 00022 .72 .72 .72 .72 .79 .79 .79 .79
90 00202 00202 00020 00202 .16 .16 .16 .16 .37 .37 .37 .37
91 00202 00202 00020 00202 .16 .16 .16 .16 .37 .37 .37 .37
92 00202 00202 00000 00202 .36 .36 .36 .36 .55 .55 .55 .55
93 00202 00202 00000 00202 .36 .36 .36 .36 .55 .55 .55 .55
94 00202 00202 00000 00202 .36 .36 .36 .36 .55 .55 .55 .55
95 00202 00202 00000 00202 .36 .36 .36 .36 .55 .55 .55 .55
96 00202 00202 00000 00202 .36 .36 .36 .36 .55 .55 .55 .55
97 00202 00202 00000 00202 .36 .36 .36 .36 .55 .55 .55 .55
98 00202 00202 00000 00202 .36 .36 .36 .36 .55 .55 .55 .55
99 00202 00202 00000 00202 .36 .36 .36 .36 .55 .55 .55 .55
100 00202 00202 00000 00202 .36 .36 .36 .36 .55 .55 .55 .55
101 00202 00202 00000 00202 .36 .36 .36 .36 .55 .55 .55 .55
102 00202 00202 00000 00202 .36 .36 .36 .36 .55 .55 .55 .55
103 00202 00202 00000 00202 .36 .36 .36 .36 .55 .55 .55 .55
104 00202 00202 00000 00202 .36 .36 .36 .36 .55 .55 .55 .55
105 00202 00202 00000 00202 .36 .36 .36 .36 .55 .55 .55 .55
106 00202 00202 00000 00202 .36 .36 .36 .36 .55 .55 .55 .55
107 00202 00202 00200 00202 .72 .72 .72 .72 .79 .79 .79 .79
108 00202 00202 00200 00202 .72 .72 .72 .72 .79 .79 .79 .79
109 00202 00202 00200 00202 .72 .72 .72 .72 .79 .79 .79 .79
110 00200 00200 00200 00200 1.00 1.00 1.00 1.00 1.00 1.00 1.00 1.00
111 00200 00200 00200 00200 1.00 1.00 1.00 1.00 1.00 1.00 1.00 1.00
112 00200 00200 00200 00200 1.00 1.00 1.00 1.00 1.00 1.00 1.00 1.00
113 00200 00200 00200 00200 1.00 1.00 1.00 1.00 1.00 1.00 1.00 1.00
114 00200 00200 00200 00200 1.00 1.00 1.00 1.00 1.00 1.00 1.00 1.00
115 00200 00200 00200 00200 1.00 1.00 1.00 1.00 1.00 1.00 1.00 1.00
116 00200 00200 00200 00200 1.00 1.00 1.00 1.00 1.00 1.00 1.00 1.00
117 00200 00200 00200 00200 1.00 1.00 1.00 1.00 1.00 1.00 1.00 1.00
118 00200 00200 00200 00200 1.00 1.00 1.00 1.00 1.00 1.00 1.00 1.00
119 00200 00200 00200 00200 1.00 1.00 1.00 1.00 1.00 1.00 1.00 1.00
120 00200 00200 00200 00200 1.00 1.00 1.00 1.00 1.00 1.00 1.00 1.00
121 00200 00200 00200 00200 1.00 1.00 1.00 1.00 1.00 1.00 1.00 1.00
122 00200 00200 00200 00200 1.00 1.00 1.00 1.00 1.00 1.00 1.00 1.00
123 00200 00200 00200 00200 1.00 1.00 1.00 1.00 1.00 1.00 1.00 1.00
124 00200 00200 00200 00200 1.00 1.00 1.00 1.00 1.00 1.00 1.00 1.00
125 00200 00200 00200 00200 1.00 1.00 1.00 1.00 1.00 1.00 1.00 1.00
126 00200 00200 00200 00200 1.00 1.00 1.00 1.00 1.00 1.00 1.00 1.00
127 00200 00200 00200 00200 1.00 1.00 1.00 1.00 1.00 1.00 1.00 1.00
128 00200 00200 00200 00200 1.00 1.00 1.00 1.00 1.00 1.00 1.00 1.00
129 00200 00200 00200 00200 1.00 1.00 1.00 1.00 1.00 1.00 1.00 1.00
130 00200 00200 00200 00200 1.00 1.00 1.00 1.00 1.00 1.00 1.00 1.00
131 00200 00200 00200 00200 1.00 1.00 1.00 1.00 1.00 1.00 1.00 1.00
132 00200 00200 00200 00200 1.00 1.00 1.00 1.00 1.00 1.00 1.00 1.00
133 00200 00200 00200 00200 1.00 1.00 1.00 1.00 1.00 1.00 1.00 1.00
134 00200 00200 00200 00200 1.00 1.00 1.00 1.00 1.00 1.00 1.00 1.00
135 00200 00200 00200 00200 1.00 1.00 1.00 1.00 1.00 1.00 1.00 1.00
136 00200 00200 00200 00200 1.00 1.00 1.00 1.00 1.00 1.00 1.00 1.00
137 00200 00200 00200 00200 1.00 1.00 1.00 1.00 1.00 1.00 1.00 1.00
138 00200 00200 00200 00200 1.00 1.00 1.00 1.00 1.00 1.00 1.00 1.00
139 00200 00200 00200 00200 1.00 1.00 1.00 1.00 1.00 1.00 1.00 1.00
140 00200 00200 00200 00200 1.00 1.00 1.00 1.00 1.00 1.00 1.00 1.00
141 00200 00200 00200 00200 1.00 1.00 1.00 1.00 1.00 1.00 1.00 1.00
142 00200 00200 00200 00200 1.00 1.00 1.00 1.00 1.00 1.00 1.00 1.00
143 00200 00200 00200 00200 1.00 1.00 1.00 1.00 1.00 1.00 1.00 1.00
144 00200 00200 00200 00200 1.00 1.00 1.00 1.00 1.00 1.00 1.00 1.00
145 00200 00200 00200 00200 1.00 1.00 1.00 1.00 1.00 1.00 1.00 1.00
146 00200 00200 00200 00200 1.00 1.00 1.00 1.00 1.00 1.00 1.00 1.00
147 00200 00200 00200 00200 1.00 1.00 1.00 1.00 1.00 1.00 1.00 1.00
148 00200 00200 00200 00200 1.00 1.00 1.00 1.00 1.00 1.00 1.00 1.00
149 00200 00200 02200 00200 .68 .68 .68 .68 .75 .75 .75 .75
150 00200 00200 02200 00200 .68 .68 .68 .68 .75 .75 .75 .75
151 00200 00200 02200 00200 .68 .68 .68 .68 .75 .75 .75 .75
152 00200 00200 00000 00200 .46 .46 .46 .46 .63 .63 .63 .63
153 00200 00200 00000 00200 .46 .46 .46 .46 .63 .63 .63 .63
154 00200 00200 00000 00200 .46 .46 .46 .46 .63 .63 .63 .63
155 00200 00200 00000 00200 .46 .46 .46 .46 .63 .63 .63 .63
156 00200 00200 00000 00200 .46 .46 .46 .46 .63 .63 .63 .63
157 00200 00200 00000 00200 .46 .46 .46 .46 .63 .63 .63 .63
158 00200 00200 00000 00200 .46 .46 .46 .46 .63 .63 .63 .63
159 00200 00200 00000 00200 .46 .46 .46 .46 .63 .63 .63 .63
160 02200 00200 00000 00200 .22 .22 .22 .22 .41 .41 .41 .41
161 02200 00200 00000 00200 .22 .22 .22 .22 .41 .41 .41 .41
162 02200 00200 00000 00200 .22 .22 .22 .22 .41 .41 .41 .41
163 02200 00200 00000 00200 .22 .22 .22 .22 .41 .41 .41 .41
164 02200 00200 00000 00200 .22 .22 .22 .22 .41 .41 .41 .41
165 02200 00200 00000 00200 .22 .22 .22 .22 .41 .41 .41 .41
166 02200 00200 00000 00200 .22 .22 .22 .22 .41 .41 .41 .41
167 02200 00200 00000 00200 .22 .22 .22 .22 .41 .41 .41 .41
168 02200 00200 00000 00200 .22 .22 .22 .22 .41 .41 .41 .41
169 02200 00200 00000 00200 .22 .22 .22 .22 .41 .41 .41 .41
170 02200 02200 00000 02200 .36 .36 .36 .36 .55 .55 .55 .55
171 02200 02200 00000 02200 .36 .36 .36 .36 .55 .55 .55 .55
172 02200 02200 00000 02200 .36 .36 .36 .36 .55 .55 .55 .55
173 02200 02200 00000 02200 .36 .36 .36 .36 .55 .55 .55 .55
174 02200 02200 00000 02200 .36 .36 .36 .36 .55 .55 .55 .55
175 02200 02200 00000 02200 .36 .36 .36 .36 .55 .55 .55 .55
176 02200 02200 00000 02200 .36 .36 .36 .36 .55 .55 .55 .55
177 02200 02200 00000 02200 .36 .36 .36 .36 .55 .55 .55 .55
178 02200 02200 00000 02200 .36 .36 .36 .36 .55 .55 .55 .55
179 02200 02200 00000 02200 .36 .36 .36 .36 .55 .55 .55 .55
180 20200 20200 00000 20200 .36 .36 .36 .36 .55 .55 .55 .55
181 20200 20200 00000 20200 .36 .36 .36 .36 .55 .55 .55 .55
182 20200 20200 20020 20200 .48 .48 .48 .48 .60 .60 .60 .60
183 20200 20200 20020 20200 .48 .48 .48 .48 .60 .60 .60 .60
184 20200 20200 20020 20200 .48 .48 .48 .48 .60 .60 .60 .60
185 20200 20200 20020 20200 .48 .48 .48 .48 .60 .60 .60 .60
186 20200 20200 20020 20200 .48 .48 .48 .48 .60 .60 .60 .60
187 20200 20200 20020 20200 .48 .48 .48 .48 .60 .60 .60 .60
188 20200 20200 20020 20200 .48 .48 .48 .48 .60 .60 .60 .60
189 20200 20200 20020 20200 .48 .48 .48 .48 .60 .60 .60 .60
190 20020 20020 20020 20020 1.00 1.00 1.00 1.00 1.00 1.00 1.00 1.00
191 20020 20020 20020 20020 1.00 1.00 1.00 1.00 1.00 1.00 1.00 1.00
192 20020 20020 20020 20020 1.00 1.00 1.00 1.00 1.00 1.00 1.00 1.00
193 20020 20020 20020 20020 1.00 1.00 1.00 1.00 1.00 1.00 1.00 1.00
194 20020 20020 20020 20020 1.00 1.00 1.00 1.00 1.00 1.00 1.00 1.00
195 20020 20020 20020 20020 1.00 1.00 1.00 1.00 1.00 1.00 1.00 1.00
196 20020 20020 20020 20020 1.00 1.00 1.00 1.00 1.00 1.00 1.00 1.00
197 20020 20020 20020 20020 1.00 1.00 1.00 1.00 1.00 1.00 1.00 1.00
198 20020 20020 20020 20020 1.00 1.00 1.00 1.00 1.00 1.00 1.00 1.00
199 20020 20020 20020 20020 1.00 1.00 1.00 1.00 1.00 1.00 1.00 1.00
200 20020 20020 20020 20020 1.00 1.00 1.00 1.00 1.00 1.00 1.00 1.00
201 20020 20020 20020 20020 1.00 1.00 1.00 1.00 1.00 1.00 1.00 1.00
202 20020 20020 20020 20020 1.00 1.00 1.00 1.00 1.00 1.00 1.00 1.00
203 20020 20020 20020 20020 1.00 1.00 1.00 1.00 1.00 1.00 1.00 1.00
204 20020 20020 20020 20020 1.00 1.00 1.00 1.00 1.00 1.00 1.00 1.00
205 20020 20020 20020 20020 1.00 1.00 1.00 1.00 1.00 1.00 1.00 1.00
206 20020 20020 20020 20020 1.00 1.00 1.00 1.00 1.00 1.00 1.00 1.00
207 20020 20020 20020 20020 1.00 1.00 1.00 1.00 1.00 1.00 1.00 1.00
208 20020 20020 20020 20020 1.00 1.00 1.00 1.00 1.00 1.00 1.00 1.00
209 20020 20020 20020 20020 1.00 1.00 1.00 1.00 1.00 1.00 1.00 1.00
210 20020 20020 20020 20020 1.00 1.00 1.00 1.00 1.00 1.00 1.00 1.00
211 20020 20020 20020 20020 1.00 1.00 1.00 1.00 1.00 1.00 1.00 1.00
212 20020 20020 20020 20020 1.00 1.00 1.00 1.00 1.00 1.00 1.00 1.00
213 20020 20020 20020 20020 1.00 1.00 1.00 1.00 1.00 1.00 1.00 1.00
214 20020 20020 20020 20020 1.00 1.00 1.00 1.00 1.00 1.00 1.00 1.00
215 20020 20020 02200 20020 -0.04 -0.04 -0.04 -0.04 .21 .21 .21 .21
216 20020 20020 02200 20020 -0.04 -0.04 -0.04 -0.04 .21 .21 .21 .21
217 20020 20020 02200 20020 -0.04 -0.04 -0.04 -0.04 .21 .21 .21 .21
218 20020 20020 00200 20020 .16 .16 .16 .16 .37 .37 .37 .37
219 20020 20020 00200 20020 .16 .16 .16 .16 .37 .37 .37 .37
220 02200 02200 00200 02200 .72 .72 .72 .72 .79 .79 .79 .79
221 02200 02200 00200 02200 .72 .72 .72 .72 .79 .79 .79 .79
222 02200 02200 00200 02200 .72 .72 .72 .72 .79 .79 .79 .79
223 02200 02200 00200 02200 .72 .72 .72 .72 .79 .79 .79 .79
224 02200 02200 00200 02200 .72 .72 .72 .72 .79 .79 .79 .79
225 02200 02200 00200 02200 .72 .72 .72 .72 .79 .79 .79 .79
226 02200 02200 00200 02200 .72 .72 .72 .72 .79 .79 .79 .79
227 02200 02200 00200 02200 .72 .72 .72 .72 .79 .79 .79 .79
228 02200 02200 00200 02200 .72 .72 .72 .72 .79 .79 .79 .79
229 02200 02200 00200 02200 .72 .72 .72 .72 .79 .79 .79 .79
230 00200 00200 00200 00200 1.00 1.00 1.00 1.00 1.00 1.00 1.00 1.00
231 00200 00200 00200 00200 1.00 1.00 1.00 1.00 1.00 1.00 1.00 1.00
