0 00002 00002 00000 00002 .46 .46 .46 .46 .63 .63 .63 .63
1 00002 00002 00000 00002 .46 .46 .46 .46 .63 .63 .63 .63
2 00002 00002 00000 00002 .46 .46 .46 .46 .63 .63 .63 .63
3 00002 00002 00000 00002 .46 .46 .46 .46 .63 .63 .63 .63
4 00002 00002 00000 00002 .46 .46 .46 .46 .63 .63 .63 .63
5 00002 00002 00000 00002 .46 .46 .46 .46 .63 .63 .63 .63
6 00002 00002 00000 00002 .46 .46 .46 .46 .63 .63 .63 .63
7 00002 00002 00000 00002 .46 .46 .46 .46 .63 .63 .63 .63
8 00002 00002 00000 00002 .46 .46 .46 .46 .63 .63 .63 .63
9 00002 00002 00000 00002 .46 .46 .46 .46 .63 .63 .63 .63
10 00002 00002 00000 00002 .46 .46 .46 .46 .63 .63 .63 .63
11 00002 00002 00000 00002 .46 .46 .46 .46 .63 .63 .63 .63
12 00002 00002 00000 00002 .46 .46 .46 .46 .63 .63 .63 .63
13 00002 00002 00000 00002 .46 .46 .46 .46 .63 .63 .63 .63
14 00002 00002 00000 00002 .46 .46 .46 .46 .63 .63 .63 .63
15 00002 00002 00000 00002 .46 .46 .46 .46 .63 .63 .63 .63
16 00002 00002 00000 00002 .46 .46 .46 .46 .63 .63 .63 .63
17 00002 00002 00000 00002 .46 .46 .46 .46 .63 .63 .63 .63
18 00002 00002 00000 00002 .46 .46 .46 .46 .63 .63 .63 .63
19 00002 00002 00000 00002 .46 .46 .46 .46 .63 .63 .63 .63
20 00002 00002 00000 00002 .46 .46 .46 .46 .63 .63 .63 .63
21 00002 00002 00000 00002 .46 .46 .46 .46 .63 .63 .63 .63
22 00002 00002 00000 00002 .46 .46 .46 .46 .63 .63 .63 .63
23 00002 00002 00000 00002 .46 .46 .46 .46 .63 .63 .63 .63
24 00002 00002 00000 00002 .46 .46 .46 .46 .63 .63 .63 .63
25 00002 00002 00000 00002 .46 .46 .46 .46 .63 .63 .63 .63
26 00002 00002 00000 00002 .46 .46 .46 .46 .63 .63 .63 .63
27 00002 00002 00000 00002 .46 .46 .46 .46 .63 .63 .63 .63
28 00002 00002 00000 00002 .46 .46 .46 .46 .63 .63 .63 .63
29 00002 00002 00000 00002 .46 .46 .46 .46 .63 .63 .63 .63
30 00002 00002 00000 00002 .46 .46 .46 .46 .63 .63 .63 .63
31 00002 00002 00000 00002 .46 .46 .46 .46 .63 .63 .63 .63
32 00002 00002 00000 00002 .46 .46 .46 .46 .63 .63 .63 .63
33 00002 00002 00000 00002 .46 .46 .46 .46 .63 .63 .63 .63
34 00002 00002 00000 00002 .46 .46 .46 .46 .63 .63 .63 .63
35 00002 00002 00000 00002 .46 .46 .46 .46 .63 .63 .63 .63
36 00002 00002 00000 00002 .46 .46 .46 .46 .63 .63 .63 .63
37 00002 00002 00000 00002 .46 .46 .46 .46 .63 .63 .63 .63
38 00002 00002 00000 00002 .46 .46 .46 .46 .63 .63 .63 .63
39 00002 00002 00000 00002 .46 .46 .46 .46 .63 .63 .63 .63
40 00002 00002 00000 00002 .46 .46 .46 .46 .63 .63 .63 .63
41 00002 00002 00000 00002 .46 .46 .46 .46 .63 .63 .63 .63
42 00002 00002 00000 00002 .46 .46 .46 .46 .63 .63 .63 .63
43 00002 00002 00000 00002 .46 .46 .46 .46 .63 .63 .63 .63
44 00002 00002 00000 00002 .46 .46 .46 .46 .63 .63 .63 .63
45 00002 00002 00000 00002 .46 .46 .46 .46 .63 .63 .63 .63
46 00002 00002 00000 00002 .46 .46 .46 .46 .63 .63 .63 .63
47 00002 00002 00000 00002 .46 .46 .46 .46 .63 .63 .63 .63
48 00002 00002 00000 00002 .46 .46 .46 .46 .63 .63 .63 .63
49 00002 00002 00000 00002 .46 .46 .46 .46 .63 .63 .63 .63
50 00002 00002 00000 00002 .46 .46 .46 .46 .63 .63 .63 .63
51 00002 00002 00000 00002 .46 .46 .46 .46 .63 .63 .63 .63
52 00002 00002 00000 00002 .46 .46 .46 .46 .63 .63 .63 .63
53 00002 00002 00000 00002 .46 .46 .46 .46 .63 .63 .63 .63
54 00002 00002 00000 00002 .46 .46 .46 .46 .63 .63 .63 .63
55 00002 00002 00000 00002 .46 .46 .46 .46 .63 .63 .63 .63
56 00002 00002 00000 00002 .46 .46 .46 .46 .63 .63 .63 .63
57 00002 00002 00000 00002 .46 .46 .46 .46 .63 .63 .63 .63
58 00002 00002 00000 00002 .46 .46 .46 .46 .63 .63 .63 .63
59 00002 00002 00000 00002 .46 .46 .46 .46 .63 .63 .63 .63
60 00002 00002 00000 00002 .46 .46 .46 .46 .63 .63 .63 .63
61 00002 00002 00000 00002 .46 .46 .46 .46 .63 .63 .63 .63
62 00002 00002 00000 00002 .46 .46 .46 .46 .63 .63 .63 .63
63 00002 00002 00000 00002 .46 .46 .46 .46 .63 .63 .63 .63
64 00002 00002 00000 00002 .46 .46 .46 .46 .63 .63 .63 .63
65 00002 00002 00020 00002 .22 .22 .22 .22 .41 .41 .41 .41
66 00002 00002 00020 00002 .22 .22 .22 .22 .41 .41 .41 .41
67 00002 00002 00020 00002 .22 .22 .22 .22 .41 .41 .41 .41
68 00002 00002 00020 00002 .22 .22 .22 .22 .41 .41 .41 .41
69 00002 00002 00020 00002 .22 .22 .22 .22 .41 .41 .41 .41
70 00002 00002 00020 00002 .22 .22 .22 .22 .41 .41 .41 .41
71 00002 00002 00020 00002 .22 .22 .22 .22 .41 .41 .41 .41
72 00002 00002 00020 00002 .22 .22 .22 .22 .41 .41 .41 .41
73 00002 00002 00020 00002 .22 .22 .22 .22 .41 .41 .41 .41
74 00002 00002 00020 00002 .22 .22 .22 .22 .41 .41 .41 .41
75 00002 00002 00020 00002 .22 .22 .22 .22 .41 .41 .41 .41
76 00002 00002 00020 00002 .22 .22 .22 .22 .41 .41 .41 .41
77 00002 00002 00020 00002 .22 .22 .22 .22 .41 .41 .41 .41
78 00002 00002 00020 00002 .22 .22 .22 .22 .41 .41 .41 .41
79 00002 00002 00020 00002 .22 .22 .22 .22 .41 .41 .41 .41
80 00022 00022 00020 00022 .72 .72 .72 .72 .79 .79 .79 .79
81 00022 00022 00020 00022 .72 .72 .72 .72 .79 .79 .79 .79
82 00022 00022 00020 00022 .72 .72 .72 .72 .79 .79 .79 .79
83 00022 00022 00020 00022 .72 .72 .72 .72 .79 .79 .79 .79
84 00022 00022 00020 00022 .72 .72 .72 .72 .79 .79 .79 .79
85 00022 00022 00020 00022 .72 .72 .72 .72 .79 .79 .79 .79
86 00022 00022 00020 00022 .72 .72 .72 .72 .79 .79 .79 .79
87 00022 00022 00020 00022 .72 .72 .72 .72 .79 .79 .79 .79
88 00022 00022 00020 00022 .72 .72 .72 .72 .79 .79 .79 .79
89 00022 00022 00020 00022 .72 .72 .72 .72 .79 .79 .79 .79
90 00202 00202 00020 00202 .16 .16 .16 .16 .37 .37 .37 .37
91 00202 00202 00020 00202 .16 .16 .16 .16 .37 .37 .37 .37
92 00202 00202 00020 00202 .16 .16 .16 .16 .37 .37 .37 .37
93 00202 00202 00020 00202 .16 .16 .16 .16 .37 .37 .37 .37
94 00202 00202 00020 00202 .16 .16 .16 .16 .37 .37 .37 .37
95 00202 00202 00020 00202 .16 .16 .16 .16 .37 .37 .37 .37
96 00202 00202 00020 00202 .16 .16 .16 .16 .37 .37 .37 .37
97 00202 00202 00020 00202 .16 .16 .16 .16 .37 .37 .37 .37
98 00202 00202 00020 00202 .16 .16 .16 .16 .37 .37 .37 .37
99 00202 00202 00020 00202 .16 .16 .16 .16 .37 .37 .37 .37
100 00200 00200 00020 00200 .22 .22 .22 .22 .41 .41 .41 .41
101 00200 00200 00020 00200 .22 .22 .22 .22 .41 .41 .41 .41
102 00200 00200 00020 00200 .22 .22 .22 .22 .41 .41 .41 .41
103 00200 00200 00020 00200 .22 .22 .22 .22 .41 .41 .41 .41
104 00200 00200 00020 00200 .22 .22 .22 .22 .41 .41 .41 .41
105 00200 00200 00020 00200 .22 .22 .22 .22 .41 .41 .41 .41
106 00200 00200 00020 00200 .22 .22 .22 .22 .41 .41 .41 .41
107 00200 00200 00020 00200 .22 .22 .22 .22 .41 .41 .41 .41
108 00200 00200 00020 00200 .22 .22 .22 .22 .41 .41 .41 .41
109 00200 00200 00020 00200 .22 .22 .22 .22 .41 .41 .41 .41
110 00200 00200 00020 00200 .22 .22 .22 .22 .41 .41 .41 .41
111 00200 00200 00020 00200 .22 .22 .22 .22 .41 .41 .41 .41
112 00200 00200 00020 00200 .22 .22 .22 .22 .41 .41 .41 .41
113 00200 00200 00020 00200 .22 .22 .22 .22 .41 .41 .41 .41
114 00200 00200 00020 00200 .22 .22 .22 .22 .41 .41 .41 .41
115 00200 00200 00020 00200 .22 .22 .22 .22 .41 .41 .41 .41
116 00200 00200 00020 00200 .22 .22 .22 .22 .41 .41 .41 .41
117 00200 00200 00020 00200 .22 .22 .22 .22 .41 .41 .41 .41
118 00200 00200 00020 00200 .22 .22 .22 .22 .41 .41 .41 .41
119 00200 00200 00020 00200 .22 .22 .22 .22 .41 .41 .41 .41
120 00200 00200 00020 00200 .22 .22 .22 .22 .41 .41 .41 .41
121 00200 00200 00020 00200 .22 .22 .22 .22 .41 .41 .41 .41
122 00200 00200 00020 00200 .22 .22 .22 .22 .41 .41 .41 .41
123 00200 00200 00020 00200 .22 .22 .22 .22 .41 .41 .41 .41
124 00200 00200 00020 00200 .22 .22 .22 .22 .41 .41 .41 .41
125 00200 00200 00020 00200 .22 .22 .22 .22 .41 .41 .41 .41
126 00200 00200 00020 00200 .22 .22 .22 .22 .41 .41 .41 .41
127 00200 00200 00020 00200 .22 .22 .22 .22 .41 .41 .41 .41
128 00200 00200 00020 00200 .22 .22 .22 .22 .41 .41 .41 .41
129 00200 00200 00020 00200 .22 .22 .22 .22 .41 .41 .41 .41
130 00200 00200 00020 00200 .22 .22 .22 .22 .41 .41 .41 .41
131 00200 00200 00020 00200 .22 .22 .22 .22 .41 .41 .41 .41
132 00200 00200 00020 00200 .22 .22 .22 .22 .41 .41 .41 .41
133 00200 00200 00020 00200 .22 .22 .22 .22 .41 .41 .41 .41
134 00200 00200 00020 00200 .22 .22 .22 .22 .41 .41 .41 .41
135 00200 00200 00020 00200 .22 .22 .22 .22 .41 .41 .41 .41
136 00200 00200 00020 00200 .22 .22 .22 .22 .41 .41 .41 .41
137 00200 00200 00020 00200 .22 .22 .22 .22 .41 .41 .41 .41
138 00200 00200 00020 00200 .22 .22 .22 .22 .41 .41 .41 .41
139 00200 00200 00020 00200 .22 .22 .22 .22 .41 .41 .41 .41
140 00200 00200 00020 00200 .22 .22 .22 .22 .41 .41 .41 .41
141 00200 00200 00020 00200 .22 .22 .22 .22 .41 .41 .41 .41
142 00200 00200 00020 00200 .22 .22 .22 .22 .41 .41 .41 .41
143 00200 00200 00020 00200 .22 .22 .22 .22 .41 .41 .41 .41
144 00200 00200 00020 00200 .22 .22 .22 .22 .41 .41 .41 .41
145 00200 00200 00020 00200 .22 .22 .22 .22 .41 .41 .41 .41
146 00200 00200 02020 00200 .05 .05 .05 .05 .24 .24 .24 .24
147 00200 00200 02020 00200 .05 .05 .05 .05 .24 .24 .24 .24
148 00200 00200 02020 00200 .05 .05 .05 .05 .24 .24 .24 .24
149 00200 00200 02020 00200 .05 .05 .05 .05 .24 .24 .24 .24
150 00200 00200 02020 00200 .05 .05 .05 .05 .24 .24 .24 .24
151 00200 00200 02020 00200 .05 .05 .05 .05 .24 .24 .24 .24
152 00200 00200 02020 00200 .05 .05 .05 .05 .24 .24 .24 .24
153 00200 00200 02020 00200 .05 .05 .05 .05 .24 .24 .24 .24
154 00200 00200 02020 00200 .05 .05 .05 .05 .24 .24 .24 .24
155 00200 00200 02020 00200 .05 .05 .05 .05 .24 .24 .24 .24
156 00200 00200 02020 00200 .05 .05 .05 .05 .24 .24 .24 .24
157 00200 00200 02020 00200 .05 .05 .05 .05 .24 .24 .24 .24
158 00200 00200 02020 00200 .05 .05 .05 .05 .24 .24 .24 .24
159 00200 00200 02020 00200 .05 .05 .05 .05 .24 .24 .24 .24
160 20200 20200 02020 20200 -0.04 -0.04 -0.04 -0.04 .21 .21 .21 .21
161 20200 20200 02020 20200 -0.04 -0.04 -0.04 -0.04 .21 .21 .21 .21
162 20200 20200 02020 20200 -0.04 -0.04 -0.04 -0.04 .21 .21 .21 .21
163 20200 20200 02020 20200 -0.04 -0.04 -0.04 -0.04 .21 .21 .21 .21
164 20200 20200 02020 20200 -0.04 -0.04 -0.04 -0.04 .21 .21 .21 .21
165 20200 20200 02020 20200 -0.04 -0.04 -0.04 -0.04 .21 .21 .21 .21
166 20200 20200 02020 20200 -0.04 -0.04 -0.04 -0.04 .21 .21 .21 .21
167 20200 20200 02020 20200 -0.04 -0.04 -0.04 -0.04 .21 .21 .21 .21
168 20200 20200 02020 20200 -0.04 -0.04 -0.04 -0.04 .21 .21 .21 .21
169 20200 20200 02020 20200 -0.04 -0.04 -0.04 -0.04 .21 .21 .21 .21
170 20000 20000 02020 20000 .05 .05 .05 .05 .24 .24 .24 .24
171 20000 20000 02020 20000 .05 .05 .05 .05 .24 .24 .24 .24
172 20000 20000 02020 20000 .05 .05 .05 .05 .24 .24 .24 .24
173 20000 20000 02020 20000 .05 .05 .05 .05 .24 .24 .24 .24
174 20000 20000 02020 20000 .05 .05 .05 .05 .24 .24 .24 .24
175 20000 20000 02020 20000 .05 .05 .05 .05 .24 .24 .24 .24
176 20000 20000 02020 20000 .05 .05 .05 .05 .24 .24 .24 .24
177 20000 20000 02020 20000 .05 .05 .05 .05 .24 .24 .24 .24
178 20000 20000 02020 20000 .05 .05 .05 .05 .24 .24 .24 .24
179 20000 20000 02020 20000 .05 .05 .05 .05 .24 .24 .24 .24
180 20000 20000 02000 20000 .22 .22 .22 .22 .41 .41 .41 .41
181 20000 20000 02000 20000 .22 .22 .22 .22 .41 .41 .41 .41
182 20000 20000 02000 20000 .22 .22 .22 .22 .41 .41 .41 .41
183 20000 20000 02000 20000 .22 .22 .22 .22 .41 .41 .41 .41
184 20000 20000 02000 20000 .22 .22 .22 .22 .41 .41 .41 .41
185 20000 20000 02000 20000 .22 .22 .22 .22 .41 .41 .41 .41
186 20000 20000 02000 20000 .22 .22 .22 .22 .41 .41 .41 .41
187 20000 20000 02000 20000 .22 .22 .22 .22 .41 .41 .41 .41
188 20000 20000 02000 20000 .22 .22 .22 .22 .41 .41 .41 .41
189 20000 20000 02000 20000 .22 .22 .22 .22 .41 .41 .41 .41
190 20000 20000 02000 20000 .22 .22 .22 .22 .41 .41 .41 .41
191 20000 20000 02000 20000 .22 .22 .22 .22 .41 .41 .41 .41
192 20000 20000 02000 20000 .22 .22 .22 .22 .41 .41 .41 .41
193 20000 20000 02000 20000 .22 .22 .22 .22 .41 .41 .41 .41
194 20000 20000 02000 20000 .22 .22 .22 .22 .41 .41 .41 .41
195 20000 20000 02020 20000 .05 .05 .05 .05 .24 .24 .24 .24
196 20000 20000 02020 20000 .05 .05 .05 .05 .24 .24 .24 .24
197 20000 20000 02020 20000 .05 .05 .05 .05 .24 .24 .24 .24
198 20000 20000 02020 20000 .05 .05 .05 .05 .24 .24 .24 .24
199 20000 20000 02020 20000 .05 .05 .05 .05 .24 .24 .24 .24
200 20020 20020 02020 20020 .48 .48 .48 .48 .60 .60 .60 .60
201 20020 20020 02020 20020 .48 .48 .48 .48 .60 .60 .60 .60
202 20020 20020 02020 20020 .48 .48 .48 .48 .60 .60 .60 .60
203 20020 20020 02020 20020 .48 .48 .48 .48 .60 .60 .60 .60
204 20020 20020 02020 20020 .48 .48 .48 .48 .60 .60 .60 .60
205 20020 20020 02020 20020 .48 .48 .48 .48 .60 .60 .60 .60
206 20020 20020 02020 20020 .48 .48 .48 .48 .60 .60 .60 .60
207 20020 20020 02020 20020 .48 .48 .48 .48 .60 .60 .60 .60
208 20020 20020 02020 20020 .48 .48 .48 .48 .60 .60 .60 .60
209 20020 20020 02020 20020 .48 .48 .48 .48 .60 .60 .60 .60
210 20200 20200 02020 20200 -0.04 -0.04 -0.04 -0.04 .21 .21 .21 .21
211 20200 20200 02020 20200 -0.04 -0.04 -0.04 -0.04 .21 .21 .21 .21
212 20200 20200 02020 20200 -0.04 -0.04 -0.04 -0.04 .21 .21 .21 .21
213 20200 20200 02020 20200 -0.04 -0.04 -0.04 -0.04 .21 .21 .21 .21
214 20200 20200 02020 20200 -0.04 -0.04 -0.04 -0.04 .21 .21 .21 .21
215 20200 20200 02020 20200 -0.04 -0.04 -0.04 -0.04 .21 .21 .21 .21
216 20200 20200 02020 20200 -0.04 -0.04 -0.04 -0.04 .21 .21 .21 .21
217 20200 20200 02020 20200 -0.04 -0.04 -0.04 -0.04 .21 .21 .21 .21
218 20200 20200 02020 20200 -0.04 -0.04 -0.04 -0.04 .21 .21 .21 .21
219 20200 20200 02020 20200 -0.04 -0.04 -0.04 -0.04 .21 .21 .21 .21
220 00200 00200 02020 00200 .05 .05 .05 .05 .24 .24 .24 .24
221 00200 00200 02020 00200 .05 .05 .05 .05 .24 .24 .24 .24
222 00200 00200 02020 00200 .05 .05 .05 .05 .24 .24 .24 .24
223 00200 00200 02020 00200 .05 .05 .05 .05 .24 .24 .24 .24
224 00200 00200 02020 00200 .05 .05 .05 .05 .24 .24 .24 .24
225 00200 00200 02020 00200 .05 .05 .05 .05 .24 .24 .24 .24
226 00200 00200 02020 00200 .05 .05 .05 .05 .24 .24 .24 .24
227 00200 00200 02020 00200 .05 .05 .05 .05 .24 .24 .24 .24
228 00200 00200 02020 00200 .05 .05 .05 .05 .24 .24 .24 .24
229 00200 00200 02020 00200 .05 .05 .05 .05 .24 .24 .24 .24
230 00200 00200 02020 00200 .05 .05 .05 .05 .24 .24 .24 .24
231 00200 00200 00200 00200 1.00 1.00 1.00 1.00 1.00 1.00 1.00 1.00
232 00200 00200 00200 00200 1.00 1.00 1.00 1.00 1.00 1.00 1.00 1.00
233 00200 00200 00200 00200 1.00 1.00 1.00 1.00 1.00 1.00 1.00 1.00
234 00200 00200 00200 00200 1.00 1.00 1.00 1.00 1.00 1.00 1.00 1.00
235 00200 00200 00200 00200 1.00 1.00 1.00 1.00 1.00 1.00 1.00 1.00
236 00200 00200 00200 00200 1.00 1.00 1.00 1.00 1.00 1.00 1.00 1.00
237 00200 00200 00200 00200 1.00 1.00 1.00 1.00 1.00 1.00 1.00 1.00
238 00200 00200 00200 00200 1.00 1.00 1.00 1.00 1.00 1.00 1.00 1.00
239 00200 00200 00200 00200 1.00 1.00 1.00 1.00 1.00 1.00 1.00 1.00
240 00200 00200 00200 00200 1.00 1.00 1.00 1.00 1.00 1.00 1.00 1.00
241 00200 00200 00200 00200 1.00 1.00 1.00 1.00 1.00 1.00 1.00 1.00
242 00200 00200 00200 00200 1.00 1.00 1.00 1.00 1.00 1.00 1.00 1.00
243 00200 00200 00200 00200 1.00 1.00 1.00 1.00 1.00 1.00 1.00 1.00
244 00200 00200 00200 00200 1.00 1.00 1.00 1.00 1.00 1.00 1.00 1.00
245 00200 00200 00200 00200 1.00 1.00 1.00 1.00 1.00 1.00 1.00 1.00
246 00200 00200 00200 00200 1.00 1.00 1.00 1.00 1.00 1.00 1.00 1.00
247 00200 00200 00200 00200 1.00 1.00 1.00 1.00 1.00 1.00 1.00 1.00
248 00200 00200 00200 00200 1.00 1.00 1.00 1.00 1.00 1.00 1.00 1.00
249 00200 00200 00200 00200 1.00 1.00 1.00 1.00 1.00 1.00 1.00 1.00
250 00200 00200 00200 00200 1.00 1.00 1.00 1.00 1.00 1.00 1.00 1.00
251 00200 00200 00200 00200 1.00 1.00 1.00 1.00 1.00 1.00 1.00 1.00
252 00200 00200 00200 00200 1.00 1.00 1.00 1.00 1.00 1.00 1.00 1.00
253 00200 00200 00200 00200 1.00 1.00 1.00 1.00 1.00 1.00 1.00 1.00
254 00200 00200 00200 00200 1.00 1.00 1.00 1.00 1.00 1.00 1.00 1.00
255 00200 00200 00200 00200 1.00 1.00 1.00 1.00 1.00 1.00 1.00 1.00
256 00200 00200 00200 00200 1.00 1.00 1.00 1.00 1.00 1.00 1.00 1.00
257 00200 00200 00200 00200 1.00 1.00 1.00 1.00 1.00 1.00 1.00 1.00
258 00200 00200 00200 00200 1.00 1.00 1.00 1.00 1.00 1.00 1.00 1.00
259 00200 00200 00200 00200 1.00 1.00 1.00 1.00 1.00 1.00 1.00 1.00
260 00200 00200 00200 00200 1.00 1.00 1.00 1.00 1.00 1.00 1.00 1.00
261 00200 00200 00200 00200 1.00 1.00 1.00 1.00 1.00 1.00 1.00 1.00
262 00200 00200 00200 00200 1.00 1.00 1.00 1.00 1.00 1.00 1.00 1.00
263 00200 00200 00200 00200 1.00 1.00 1.00 1.00 1.00 1.00 1.00 1.00
264 00200 00200 00200 00200 1.00 1.00 1.00 1.00 1.00 1.00 1.00 1.00
265 00200 00200 00200 00200 1.00 1.00 1.00 1.00 1.00 1.00 1.00 1.00
266 00200 00200 00200 00200 1.00 1.00 1.00 1.00 1.00 1.00 1.00 1.00
267 00200 00200 00200 00200 1.00 1.00 1.00 1.00 1.00 1.00 1.00 1.00
268 00200 00200 00200 00200 1.00 1.00 1.00 1.00 1.00 1.00 1.00 1.00
269 00200 00200 00200 00200 1.00 1.00 1.00 1.00 1.00 1.00 1.00 1.00
270 00200 00200 00200 00200 1.00 1.00 1.00 1.00 1.00 1.00 1.00 1.00
271 00200 00200 00200 00200 1.00 1.00 1.00 1.00 1.00 1.00 1.00 1.00
272 00200 00200 00200 00200 1.00 1.00 1.00 1.00 1.00 1.00 1.00 1.00
273 00200 00200 00200 00200 1.00 1.00 1.00 1.00 1.00 1.00 1.00 1.00
274 00200 00200 00200 00200 1.00 1.00 1.00 1.00 1.00 1.00 1.00 1.00
275 00200 00200 00200 00200 1.00 1.00 1.00 1.00 1.00 1.00 1.00 1.00
276 00200 00200 00200 00200 1.00 1.00 1.00 1.00 1.00 1.00 1.00 1.00
277 00200 00200 00200 00200 1.00 1.00 1.00 1.00 1.00 1.00 1.00 1.00
278 00200 00200 00200 00200 1.00 1.00 1.00 1.00 1.00 1.00 1.00 1.00
279 00200 00200 00200 00200 1.00 1.00 1.00 1.00 1.00 1.00 1.00 1.00
280 00200 00200 00200 00200 1.00 1.00 1.00 1.00 1.00 1.00 1.00 1.00
281 00200 00200 00200 00200 1.00 1.00 1.00 1.00 1.00 1.00 1.00 1.00
282 00200 00200 00200 00200 1.00 1.00 1.00 1.00 1.00 1.00 1.00 1.00
283 00200 00200 00200 00200 1.00 1.00 1.00 1.00 1.00 1.00 1.00 1.00
284 00200 00200 00200 00200 1.00 1.00 1.00 1.00 1.00 1.00 1.00 1.00
