0 00002 00002 00000 00002 .46 .46 .46 .46 .63 .63 .63 .63
1 00002 00002 00020 00002 .22 .22 .22 .22 .41 .41 .41 .41
2 00002 00002 00020 00002 .22 .22 .22 .22 .41 .41 .41 .41
3 00002 00002 00020 00002 .22 .22 .22 .22 .41 .41 .41 .41
4 00002 00002 00020 00002 .22 .22 .22 .22 .41 .41 .41 .41
5 00002 00002 00020 00002 .22 .22 .22 .22 .41 .41 .41 .41
6 00002 00002 00020 00002 .22 .22 .22 .22 .41 .41 .41 .41
7 00002 00002 00020 00002 .22 .22 .22 .22 .41 .41 .41 .41
8 00002 00002 00020 00002 .22 .22 .22 .22 .41 .41 .41 .41
9 00002 00002 00020 00002 .22 .22 .22 .22 .41 .41 .41 .41
10 00002 00002 00020 00002 .22 .22 .22 .22 .41 .41 .41 .41
11 00002 00002 00020 00002 .22 .22 .22 .22 .41 .41 .41 .41
12 00002 00002 00020 00002 .22 .22 .22 .22 .41 .41 .41 .41
13 00002 00002 00020 00002 .22 .22 .22 .22 .41 .41 .41 .41
14 00002 00002 00020 00002 .22 .22 .22 .22 .41 .41 .41 .41
15 00002 00002 00020 00002 .22 .22 .22 .22 .41 .41 .41 .41
16 00002 00002 00200 00002 .22 .22 .22 .22 .41 .41 .41 .41
17 00002 00002 00200 00002 .22 .22 .22 .22 .41 .41 .41 .41
18 00002 00002 00200 00002 .22 .22 .22 .22 .41 .41 .41 .41
19 00002 00002 00200 00002 .22 .22 .22 .22 .41 .41 .41 .41
20 00002 00002 00200 00002 .22 .22 .22 .22 .41 .41 .41 .41
21 00002 00002 00200 00002 .22 .22 .22 .22 .41 .41 .41 .41
22 00002 00002 00200 00002 .22 .22 .22 .22 .41 .41 .41 .41
23 00002 00002 00200 00002 .22 .22 .22 .22 .41 .41 .41 .41
24 00002 00002 00200 00002 .22 .22 .22 .22 .41 .41 .41 .41
25 00002 00002 00200 00002 .22 .22 .22 .22 .41 .41 .41 .41
26 00002 00002 00200 00002 .22 .22 .22 .22 .41 .41 .41 .41
27 00002 00002 00200 00002 .22 .22 .22 .22 .41 .41 .41 .41
28 00002 00002 00200 00002 .22 .22 .22 .22 .41 .41 .41 .41
29 00002 00002 00200 00002 .22 .22 .22 .22 .41 .41 .41 .41
30 00002 00002 00200 00002 .22 .22 .22 .22 .41 .41 .41 .41
31 00002 00002 00020 00002 .22 .22 .22 .22 .41 .41 .41 .41
32 00002 00002 00020 00002 .22 .22 .22 .22 .41 .41 .41 .41
33 00002 00002 00020 00002 .22 .22 .22 .22 .41 .41 .41 .41
34 00002 00002 00020 00002 .22 .22 .22 .22 .41 .41 .41 .41
35 00002 00002 00020 00002 .22 .22 .22 .22 .41 .41 .41 .41
36 00002 00002 00020 00002 .22 .22 .22 .22 .41 .41 .41 .41
37 00002 00002 00020 00002 .22 .22 .22 .22 .41 .41 .41 .41
38 00002 00002 00020 00002 .22 .22 .22 .22 .41 .41 .41 .41
39 00002 00002 00020 00002 .22 .22 .22 .22 .41 .41 .41 .41
40 00002 00002 00020 00002 .22 .22 .22 .22 .41 .41 .41 .41
41 00002 00002 00020 00002 .22 .22 .22 .22 .41 .41 .41 .41
42 00002 00002 00020 00002 .22 .22 .22 .22 .41 .41 .41 .41
43 00002 00002 00020 00002 .22 .22 .22 .22 .41 .41 .41 .41
44 00002 00002 00020 00002 .22 .22 .22 .22 .41 .41 .41 .41
45 00002 00002 00020 00002 .22 .22 .22 .22 .41 .41 .41 .41
46 00002 00002 00020 00002 .22 .22 .22 .22 .41 .41 .41 .41
47 00002 00002 00020 00002 .22 .22 .22 .22 .41 .41 .41 .41
48 00002 00002 00020 00002 .22 .22 .22 .22 .41 .41 .41 .41
49 00002 00002 00020 00002 .22 .22 .22 .22 .41 .41 .41 .41
50 00002 00002 00020 00002 .22 .22 .22 .22 .41 .41 .41 .41
51 00002 00002 00020 00002 .22 .22 .22 .22 .41 .41 .41 .41
52 00002 00002 00020 00002 .22 .22 .22 .22 .41 .41 .41 .41
53 00002 00002 00020 00002 .22 .22 .22 .22 .41 .41 .41 .41
54 00002 00002 00200 00002 .22 .22 .22 .22 .41 .41 .41 .41
55 00002 00002 00200 00002 .22 .22 .22 .22 .41 .41 .41 .41
56 00002 00002 00200 00002 .22 .22 .22 .22 .41 .41 .41 .41
57 00002 00002 00200 00002 .22 .22 .22 .22 .41 .41 .41 .41
58 00002 00002 00200 00002 .22 .22 .22 .22 .41 .41 .41 .41
59 00002 00002 00200 00002 .22 .22 .22 .22 .41 .41 .41 .41
60 00202 00202 00200 00202 .72 .72 .72 .72 .79 .79 .79 .79
61 00202 00202 00200 00202 .72 .72 .72 .72 .79 .79 .79 .79
62 00202 00202 00200 00202 .72 .72 .72 .72 .79 .79 .79 .79
63 00202 00202 00200 00202 .72 .72 .72 .72 .79 .79 .79 .79
64 00202 00202 00200 00202 .72 .72 .72 .72 .79 .79 .79 .79
65 00202 00202 00200 00202 .72 .72 .72 .72 .79 .79 .79 .79
66 00202 00202 00200 00202 .72 .72 .72 .72 .79 .79 .79 .79
67 00202 00202 00200 00202 .72 .72 .72 .72 .79 .79 .79 .79
68 00202 00202 00200 00202 .72 .72 .72 .72 .79 .79 .79 .79
69 00202 00202 00200 00202 .72 .72 .72 .72 .79 .79 .79 .79
70 00202 00202 00200 00202 .72 .72 .72 .72 .79 .79 .79 .79
71 00202 00202 00200 00202 .72 .72 .72 .72 .79 .79 .79 .79
72 00202 00202 00200 00202 .72 .72 .72 .72 .79 .79 .79 .79
73 00202 00202 00200 00202 .72 .72 .72 .72 .79 .79 .79 .79
74 00202 00202 00200 00202 .72 .72 .72 .72 .79 .79 .79 .79
75 00202 00202 00200 00202 .72 .72 .72 .72 .79 .79 .79 .79
76 00202 00202 00200 00202 .72 .72 .72 .72 .79 .79 .79 .79
77 00202 00202 00200 00202 .72 .72 .72 .72 .79 .79 .79 .79
78 00202 00202 00200 00202 .72 .72 .72 .72 .79 .79 .79 .79
79 00202 00202 00200 00202 .72 .72 .72 .72 .79 .79 .79 .79
80 00200 00200 00200 00200 1.00 1.00 1.00 1.00 1.00 1.00 1.00 1.00
81 00200 00200 00200 00200 1.00 1.00 1.00 1.00 1.00 1.00 1.00 1.00
82 00200 00200 00200 00200 1.00 1.00 1.00 1.00 1.00 1.00 1.00 1.00
83 00200 00200 00200 00200 1.00 1.00 1.00 1.00 1.00 1.00 1.00 1.00
84 00200 00200 00200 00200 1.00 1.00 1.00 1.00 1.00 1.00 1.00 1.00
85 00200 00200 00200 00200 1.00 1.00 1.00 1.00 1.00 1.00 1.00 1.00
86 00200 00200 00200 00200 1.00 1.00 1.00 1.00 1.00 1.00 1.00 1.00
87 00200 00200 00200 00200 1.00 1.00 1.00 1.00 1.00 1.00 1.00 1.00
88 00200 00200 00200 00200 1.00 1.00 1.00 1.00 1.00 1.00 1.00 1.00
89 00200 00200 00200 00200 1.00 1.00 1.00 1.00 1.00 1.00 1.00 1.00
90 00200 00200 00200 00200 1.00 1.00 1.00 1.00 1.00 1.00 1.00 1.00
91 00200 00200 00200 00200 1.00 1.00 1.00 1.00 1.00 1.00 1.00 1.00
92 00200 00200 00200 00200 1.00 1.00 1.00 1.00 1.00 1.00 1.00 1.00
93 00200 00200 00200 00200 1.00 1.00 1.00 1.00 1.00 1.00 1.00 1.00
94 00200 00200 00200 00200 1.00 1.00 1.00 1.00 1.00 1.00 1.00 1.00
95 00200 00200 00200 00200 1.00 1.00 1.00 1.00 1.00 1.00 1.00 1.00
96 00200 00200 00200 00200 1.00 1.00 1.00 1.00 1.00 1.00 1.00 1.00
97 00200 00200 00200 00200 1.00 1.00 1.00 1.00 1.00 1.00 1.00 1.00
98 00200 00200 00200 00200 1.00 1.00 1.00 1.00 1.00 1.00 1.00 1.00
99 00200 00200 00200 00200 1.00 1.00 1.00 1.00 1.00 1.00 1.00 1.00
100 00200 00200 00200 00200 1.00 1.00 1.00 1.00 1.00 1.00 1.00 1.00
101 00200 00200 00200 00200 1.00 1.00 1.00 1.00 1.00 1.00 1.00 1.00
102 00200 00200 00200 00200 1.00 1.00 1.00 1.00 1.00 1.00 1.00 1.00
103 00200 00200 00200 00200 1.00 1.00 1.00 1.00 1.00 1.00 1.00 1.00
104 00200 00200 00200 00200 1.00 1.00 1.00 1.00 1.00 1.00 1.00 1.00
105 00200 00200 00200 00200 1.00 1.00 1.00 1.00 1.00 1.00 1.00 1.00
106 00200 00200 00200 00200 1.00 1.00 1.00 1.00 1.00 1.00 1.00 1.00
107 00200 00200 00200 00200 1.00 1.00 1.00 1.00 1.00 1.00 1.00 1.00
108 00200 00200 00200 00200 1.00 1.00 1.00 1.00 1.00 1.00 1.00 1.00
109 00200 00200 00200 00200 1.00 1.00 1.00 1.00 1.00 1.00 1.00 1.00
110 00200 00200 00200 00200 1.00 1.00 1.00 1.00 1.00 1.00 1.00 1.00
111 00200 00200 00200 00200 1.00 1.00 1.00 1.00 1.00 1.00 1.00 1.00
112 00200 00200 00200 00200 1.00 1.00 1.00 1.00 1.00 1.00 1.00 1.00
113 00200 00200 00200 00200 1.00 1.00 1.00 1.00 1.00 1.00 1.00 1.00
114 00200 00200 00200 00200 1.00 1.00 1.00 1.00 1.00 1.00 1.00 1.00
115 00200 00200 00200 00200 1.00 1.00 1.00 1.00 1.00 1.00 1.00 1.00
116 00200 00200 00200 00200 1.00 1.00 1.00 1.00 1.00 1.00 1.00 1.00
117 00200 00200 00200 00200 1.00 1.00 1.00 1.00 1.00 1.00 1.00 1.00
118 00200 00200 00200 00200 1.00 1.00 1.00 1.00 1.00 1.00 1.00 1.00
119 00200 00200 00200 00200 1.00 1.00 1.00 1.00 1.00 1.00 1.00 1.00
120 00200 00200 00200 00200 1.00 1.00 1.00 1.00 1.00 1.00 1.00 1.00
121 00200 00200 00200 00200 1.00 1.00 1.00 1.00 1.00 1.00 1.00 1.00
122 00200 00200 00200 00200 1.00 1.00 1.00 1.00 1.00 1.00 1.00 1.00
123 00200 00200 00200 00200 1.00 1.00 1.00 1.00 1.00 1.00 1.00 1.00
124 00200 00200 00200 00200 1.00 1.00 1.00 1.00 1.00 1.00 1.00 1.00
125 00200 00200 00200 00200 1.00 1.00 1.00 1.00 1.00 1.00 1.00 1.00
126 00200 00200 00200 00200 1.00 1.00 1.00 1.00 1.00 1.00 1.00 1.00
127 00200 00200 00200 00200 1.00 1.00 1.00 1.00 1.00 1.00 1.00 1.00
128 00200 00200 00200 00200 1.00 1.00 1.00 1.00 1.00 1.00 1.00 1.00
129 00200 00200 00200 00200 1.00 1.00 1.00 1.00 1.00 1.00 1.00 1.00
130 00200 00200 00200 00200 1.00 1.00 1.00 1.00 1.00 1.00 1.00 1.00
131 00200 00200 00200 00200 1.00 1.00 1.00 1.00 1.00 1.00 1.00 1.00
132 00200 00200 00200 00200 1.00 1.00 1.00 1.00 1.00 1.00 1.00 1.00
133 00200 00200 00200 00200 1.00 1.00 1.00 1.00 1.00 1.00 1.00 1.00
134 00200 00200 00200 00200 1.00 1.00 1.00 1.00 1.00 1.00 1.00 1.00
135 00200 00200 00200 00200 1.00 1.00 1.00 1.00 1.00 1.00 1.00 1.00
136 00200 00200 00200 00200 1.00 1.00 1.00 1.00 1.00 1.00 1.00 1.00
137 00200 00200 00200 00200 1.00 1.00 1.00 1.00 1.00 1.00 1.00 1.00
138 00200 00200 00200 00200 1.00 1.00 1.00 1.00 1.00 1.00 1.00 1.00
139 00200 00200 00200 00200 1.00 1.00 1.00 1.00 1.00 1.00 1.00 1.00
140 00200 00200 00200 00200 1.00 1.00 1.00 1.00 1.00 1.00 1.00 1.00
141 00200 00200 00200 00200 1.00 1.00 1.00 1.00 1.00 1.00 1.00 1.00
142 00200 00200 00200 00200 1.00 1.00 1.00 1.00 1.00 1.00 1.00 1.00
143 00200 00200 00000 00200 .46 .46 .46 .46 .63 .63 .63 .63
144 00200 00200 00000 00200 .46 .46 .46 .46 .63 .63 .63 .63
145 00200 00200 00000 00200 .46 .46 .46 .46 .63 .63 .63 .63
146 00200 00200 00000 00200 .46 .46 .46 .46 .63 .63 .63 .63
147 00200 00200 00000 00200 .46 .46 .46 .46 .63 .63 .63 .63
148 00200 00200 00000 00200 .46 .46 .46 .46 .63 .63 .63 .63
149 00200 00200 00000 00200 .46 .46 .46 .46 .63 .63 .63 .63
150 00200 00200 00000 00200 .46 .46 .46 .46 .63 .63 .63 .63
151 00200 00200 00000 00200 .46 .46 .46 .46 .63 .63 .63 .63
152 00200 00200 00000 00200 .46 .46 .46 .46 .63 .63 .63 .63
153 00200 00200 00000 00200 .46 .46 .46 .46 .63 .63 .63 .63
154 00200 00200 00000 00200 .46 .46 .46 .46 .63 .63 .63 .63
155 00200 00200 00000 00200 .46 .46 .46 .46 .63 .63 .63 .63
156 00200 00200 00000 00200 .46 .46 .46 .46 .63 .63 .63 .63
157 00200 00200 00000 00200 .46 .46 .46 .46 .63 .63 .63 .63
158 00200 00200 00000 00200 .46 .46 .46 .46 .63 .63 .63 .63
159 00200 00200 00000 00200 .46 .46 .46 .46 .63 .63 .63 .63
160 02200 00200 00000 00200 .22 .22 .22 .22 .41 .41 .41 .41
161 02200 00200 02200 02200 .72 .72 .72 .72 .79 .79 .79 .79
162 02200 00200 02200 02200 .72 .72 .72 .72 .79 .79 .79 .79
163 02200 00200 02200 02200 .72 .72 .72 .72 .79 .79 .79 .79
164 02200 00200 02200 02200 .72 .72 .72 .72 .79 .79 .79 .79
165 02200 00200 02200 02200 .72 .72 .72 .72 .79 .79 .79 .79
166 02200 00200 02200 02200 .72 .72 .72 .72 .79 .79 .79 .79
167 02200 00200 02200 02200 .72 .72 .72 .72 .79 .79 .79 .79
168 02200 00200 02200 02200 .72 .72 .72 .72 .79 .79 .79 .79
169 02200 00200 02200 02200 .72 .72 .72 .72 .79 .79 .79 .79
170 20200 20200 02200 20200 .48 .48 .48 .48 .60 .60 .60 .60
171 20200 20200 02200 20200 .48 .48 .48 .48 .60 .60 .60 .60
172 20200 20200 02200 20200 .48 .48 .48 .48 .60 .60 .60 .60
173 20200 20200 02200 20200 .48 .48 .48 .48 .60 .60 .60 .60
174 20200 20200 02200 20200 .48 .48 .48 .48 .60 .60 .60 .60
175 20200 20200 02200 20200 .48 .48 .48 .48 .60 .60 .60 .60
176 20200 20200 02000 20200 .16 .16 .16 .16 .37 .37 .37 .37
177 20200 20200 02000 20200 .16 .16 .16 .16 .37 .37 .37 .37
178 20200 20200 02000 20200 .16 .16 .16 .16 .37 .37 .37 .37
179 20200 20200 02000 20200 .16 .16 .16 .16 .37 .37 .37 .37
180 20200 20200 02000 20200 .16 .16 .16 .16 .37 .37 .37 .37
181 20200 20200 02000 20200 .16 .16 .16 .16 .37 .37 .37 .37
182 20200 20200 02000 20200 .16 .16 .16 .16 .37 .37 .37 .37
183 20200 20200 02000 20200 .16 .16 .16 .16 .37 .37 .37 .37
184 20200 20200 02000 20200 .16 .16 .16 .16 .37 .37 .37 .37
185 20200 20200 02000 20200 .16 .16 .16 .16 .37 .37 .37 .37
186 20200 20200 02000 20200 .16 .16 .16 .16 .37 .37 .37 .37
187 20200 20200 02000 20200 .16 .16 .16 .16 .37 .37 .37 .37
188 20200 20200 02000 20200 .16 .16 .16 .16 .37 .37 .37 .37
189 20200 20200 02000 20200 .16 .16 .16 .16 .37 .37 .37 .37
190 20020 20020 02000 20020 .16 .16 .16 .16 .37 .37 .37 .37
191 20020 20020 02000 20020 .16 .16 .16 .16 .37 .37 .37 .37
192 20020 20020 02000 20020 .16 .16 .16 .16 .37 .37 .37 .37
193 20020 20020 02000 20020 .16 .16 .16 .16 .37 .37 .37 .37
194 20020 20020 02000 20020 .16 .16 .16 .16 .37 .37 .37 .37
195 20020 20020 02000 20020 .16 .16 .16 .16 .37 .37 .37 .37
196 20020 20020 02000 20020 .16 .16 .16 .16 .37 .37 .37 .37
197 20020 20020 02000 20020 .16 .16 .16 .16 .37 .37 .37 .37
198 20020 20020 02000 20020 .16 .16 .16 .16 .37 .37 .37 .37
199 20020 20020 02000 20020 .16 .16 .16 .16 .37 .37 .37 .37
200 20020 20000 02000 20000 .05 .05 .05 .05 .24 .24 .24 .24
201 20020 20000 02000 20000 .05 .05 .05 .05 .24 .24 .24 .24
202 20020 20000 02000 20000 .05 .05 .05 .05 .24 .24 .24 .24
203 20020 20000 02000 20000 .05 .05 .05 .05 .24 .24 .24 .24
204 20020 20000 02000 20000 .05 .05 .05 .05 .24 .24 .24 .24
205 20020 20000 02000 20000 .05 .05 .05 .05 .24 .24 .24 .24
206 20020 20000 02000 20000 .05 .05 .05 .05 .24 .24 .24 .24
207 20020 20000 02000 20000 .05 .05 .05 .05 .24 .24 .24 .24
208 20020 20000 02000 20000 .05 .05 .05 .05 .24 .24 .24 .24
209 20020 20000 02000 20000 .05 .05 .05 .05 .24 .24 .24 .24
210 20000 20000 02000 20000 .22 .22 .22 .22 .41 .41 .41 .41
211 20000 20000 02000 20000 .22 .22 .22 .22 .41 .41 .41 .41
212 20000 20000 02000 20000 .22 .22 .22 .22 .41 .41 .41 .41
213 20000 20000 02000 20000 .22 .22 .22 .22 .41 .41 .41 .41
214 20000 20000 02000 20000 .22 .22 .22 .22 .41 .41 .41 .41
215 20000 20000 02000 20000 .22 .22 .22 .22 .41 .41 .41 .41
216 20000 20000 02000 20000 .22 .22 .22 .22 .41 .41 .41 .41
217 20000 20000 02000 20000 .22 .22 .22 .22 .41 .41 .41 .41
218 20000 20000 02000 20000 .22 .22 .22 .22 .41 .41 .41 .41
219 20000 20000 02000 20000 .22 .22 .22 .22 .41 .41 .41 .41
220 20000 20000 02000 20000 .22 .22 .22 .22 .41 .41 .41 .41
221 20000 20000 02000 20000 .22 .22 .22 .22 .41 .41 .41 .41
222 20000 20000 02000 20000 .22 .22 .22 .22 .41 .41 .41 .41
223 20000 20000 02000 20000 .22 .22 .22 .22 .41 .41 .41 .41
224 20000 20000 02000 20000 .22 .22 .22 .22 .41 .41 .41 .41
225 20000 20000 02000 20000 .22 .22 .22 .22 .41 .41 .41 .41
226 20000 20000 02000 20000 .22 .22 .22 .22 .41 .41 .41 .41
227 20000 20000 02000 20000 .22 .22 .22 .22 .41 .41 .41 .41
228 20000 20000 02000 20000 .22 .22 .22 .22 .41 .41 .41 .41
229 20000 20000 02000 20000 .22 .22 .22 .22 .41 .41 .41 .41
230 20000 20000 02000 20000 .22 .22 .22 .22 .41 .41 .41 .41
231 20000 20000 02000 20000 .22 .22 .22 .22 .41 .41 .41 .41
232 20000 20000 02000 20000 .22 .22 .22 .22 .41 .41 .41 .41
233 20000 20000 02000 20000 .22 .22 .22 .22 .41 .41 .41 .41
234 20000 20000 02000 20000 .22 .22 .22 .22 .41 .41 .41 .41
235 20000 20000 02000 20000 .22 .22 .22 .22 .41 .41 .41 .41
236 20000 20000 20000 20000 1.00 1.00 1.00 1.00 1.00 1.00 1.00 1.00
237 20000 20000 20000 20000 1.00 1.00 1.00 1.00 1.00 1.00 1.00 1.00
238 20000 20000 20000 20000 1.00 1.00 1.00 1.00 1.00 1.00 1.00 1.00
239 20000 20000 20000 20000 1.00 1.00 1.00 1.00 1.00 1.00 1.00 1.00
240 20000 20000 20000 20000 1.00 1.00 1.00 1.00 1.00 1.00 1.00 1.00
241 20000 20000 20000 20000 1.00 1.00 1.00 1.00 1.00 1.00 1.00 1.00
242 20000 20000 20000 20000 1.00 1.00 1.00 1.00 1.00 1.00 1.00 1.00
243 20000 20000 20000 20000 1.00 1.00 1.00 1.00 1.00 1.00 1.00 1.00
244 20000 20000 20000 20000 1.00 1.00 1.00 1.00 1.00 1.00 1.00 1.00
245 20000 20000 20000 20000 1.00 1.00 1.00 1.00 1.00 1.00 1.00 1.00
246 20000 20000 20000 20000 1.00 1.00 1.00 1.00 1.00 1.00 1.00 1.00
247 20000 20000 20000 20000 1.00 1.00 1.00 1.00 1.00 1.00 1.00 1.00
248 20000 20000 20000 20000 1.00 1.00 1.00 1.00 1.00 1.00 1.00 1.00
249 20000 20000 20000 20000 1.00 1.00 1.00 1.00 1.00 1.00 1.00 1.00
250 20000 20000 20000 20000 1.00 1.00 1.00 1.00 1.00 1.00 1.00 1.00
251 20000 20000 20000 20000 1.00 1.00 1.00 1.00 1.00 1.00 1.00 1.00
252 20000 20000 20000 20000 1.00 1.00 1.00 1.00 1.00 1.00 1.00 1.00
253 20000 20000 20000 20000 1.00 1.00 1.00 1.00 1.00 1.00 1.00 1.00
254 20000 20000 20000 20000 1.00 1.00 1.00 1.00 1.00 1.00 1.00 1.00
255 20000 20000 20000 20000 1.00 1.00 1.00 1.00 1.00 1.00 1.00 1.00
256 20000 20000 20000 20000 1.00 1.00 1.00 1.00 1.00 1.00 1.00 1.00
257 20000 20000 20000 20000 1.00 1.00 1.00 1.00 1.00 1.00 1.00 1.00
258 20000 20000 20000 20000 1.00 1.00 1.00 1.00 1.00 1.00 1.00 1.00
259 20000 20000 20000 20000 1.00 1.00 1.00 1.00 1.00 1.00 1.00 1.00
260 20000 20000 20000 20000 1.00 1.00 1.00 1.00 1.00 1.00 1.00 1.00
261 20000 20000 20000 20000 1.00 1.00 1.00 1.00 1.00 1.00 1.00 1.00
262 20000 20000 20000 20000 1.00 1.00 1.00 1.00 1.00 1.00 1.00 1.00
263 20000 20000 20000 20000 1.00 1.00 1.00 1.00 1.00 1.00 1.00 1.00
264 20000 20000 20000 20000 1.00 1.00 1.00 1.00 1.00 1.00 1.00 1.00
265 20000 20000 20000 20000 1.00 1.00 1.00 1.00 1.00 1.00 1.00 1.00
266 20000 20000 20000 20000 1.00 1.00 1.00 1.00 1.00 1.00 1.00 1.00
267 20000 20000 20000 20000 1.00 1.00 1.00 1.00 1.00 1.00 1.00 1.00
268 20000 20000 20000 20000 1.00 1.00 1.00 1.00 1.00 1.00 1.00 1.00
269 20000 20000 20000 20000 1.00 1.00 1.00 1.00 1.00 1.00 1.00 1.00
270 20000 20000 20000 20000 1.00 1.00 1.00 1.00 1.00 1.00 1.00 1.00
271 20000 20000 20000 20000 1.00 1.00 1.00 1.00 1.00 1.00 1.00 1.00
272 20000 20000 20000 20000 1.00 1.00 1.00 1.00 1.00 1.00 1.00 1.00
273 20000 20000 20000 20000 1.00 1.00 1.00 1.00 1.00 1.00 1.00 1.00
274 20000 20000 20000 20000 1.00 1.00 1.00 1.00 1.00 1.00 1.00 1.00
275 20000 20000 20000 20000 1.00 1.00 1.00 1.00 1.00 1.00 1.00 1.00
276 20000 20000 20000 20000 1.00 1.00 1.00 1.00 1.00 1.00 1.00 1.00
277 20000 20000 20000 20000 1.00 1.00 1.00 1.00 1.00 1.00 1.00 1.00
278 20000 20000 20000 20000 1.00 1.00 1.00 1.00 1.00 1.00 1.00 1.00
279 20000 20000 20000 20000 1.00 1.00 1.00 1.00 1.00 1.00 1.00 1.00
280 20000 20000 20000 20000 1.00 1.00 1.00 1.00 1.00 1.00 1.00 1.00
281 20000 20000 20000 20000 1.00 1.00 1.00 1.00 1.00 1.00 1.00 1.00
282 20000 20000 20000 20000 1.00 1.00 1.00 1.00 1.00 1.00 1.00 1.00
283 20000 20000 20000 20000 1.00 1.00 1.00 1.00 1.00 1.00 1.00 1.00
284 20000 20000 20000 20000 1.00 1.00 1.00 1.00 1.00 1.00 1.00 1.00
285 20000 20000 20000 20000 1.00 1.00 1.00 1.00 1.00 1.00 1.00 1.00
286 20000 20000 20000 20000 1.00 1.00 1.00 1.00 1.00 1.00 1.00 1.00
287 20000 20000 20000 20000 1.00 1.00 1.00 1.00 1.00 1.00 1.00 1.00
288 20000 20000 20000 20000 1.00 1.00 1.00 1.00 1.00 1.00 1.00 1.00
289 20000 20000 20000 20000 1.00 1.00 1.00 1.00 1.00 1.00 1.00 1.00
290 20000 20000 20000 20000 1.00 1.00 1.00 1.00 1.00 1.00 1.00 1.00
291 20000 20000 20000 20000 1.00 1.00 1.00 1.00 1.00 1.00 1.00 1.00
292 20000 20000 20000 20000 1.00 1.00 1.00 1.00 1.00 1.00 1.00 1.00
293 20000 20000 20000 20000 1.00 1.00 1.00 1.00 1.00 1.00 1.00 1.00
294 20000 20000 20000 20000 1.00 1.00 1.00 1.00 1.00 1.00 1.00 1.00
295 20000 20000 20000 20000 1.00 1.00 1.00 1.00 1.00 1.00 1.00 1.00
296 20000 20000 20000 20000 1.00 1.00 1.00 1.00 1.00 1.00 1.00 1.00
297 20000 20000 20000 20000 1.00 1.00 1.00 1.00 1.00 1.00 1.00 1.00
298 20000 20000 20000 20000 1.00 1.00 1.00 1.00 1.00 1.00 1.00 1.00
299 20000 20000 20000 20000 1.00 1.00 1.00 1.00 1.00 1.00 1.00 1.00
300 20000 20000 20000 20000 1.00 1.00 1.00 1.00 1.00 1.00 1.00 1.00
301 20000 20000 20000 20000 1.00 1.00 1.00 1.00 1.00 1.00 1.00 1.00
302 20000 20000 20000 20000 1.00 1.00 1.00 1.00 1.00 1.00 1.00 1.00
303 20000 20000 20000 20000 1.00 1.00 1.00 1.00 1.00 1.00 1.00 1.00
304 20000 20000 20000 20000 1.00 1.00 1.00 1.00 1.00 1.00 1.00 1.00
305 20000 20000 20000 20000 1.00 1.00 1.00 1.00 1.00 1.00 1.00 1.00
306 20000 20000 20000 20000 1.00 1.00 1.00 1.00 1.00 1.00 1.00 1.00
307 20000 20000 20000 20000 1.00 1.00 1.00 1.00 1.00 1.00 1.00 1.00
308 20000 20000 20000 20000 1.00 1.00 1.00 1.00 1.00 1.00 1.00 1.00
309 20000 20000 20000 20000 1.00 1.00 1.00 1.00 1.00 1.00 1.00 1.00
310 20000 20000 20000 20000 1.00 1.00 1.00 1.00 1.00 1.00 1.00 1.00
311 20000 20000 20000 20000 1.00 1.00 1.00 1.00 1.00 1.00 1.00 1.00
312 20000 20000 20000 20000 1.00 1.00 1.00 1.00 1.00 1.00 1.00 1.00
313 20000 20000 20000 20000 1.00 1.00 1.00 1.00 1.00 1.00 1.00 1.00
314 20000 20000 20000 20000 1.00 1.00 1.00 1.00 1.00 1.00 1.00 1.00
315 20000 20000 20000 20000 1.00 1.00 1.00 1.00 1.00 1.00 1.00 1.00
316 20000 20000 20000 20000 1.00 1.00 1.00 1.00 1.00 1.00 1.00 1.00
317 20000 20000 20000 20000 1.00 1.00 1.00 1.00 1.00 1.00 1.00 1.00
318 20000 20000 20000 20000 1.00 1.00 1.00 1.00 1.00 1.00 1.00 1.00
319 20000 20000 20000 20000 1.00 1.00 1.00 1.00 1.00 1.00 1.00 1.00
320 20000 20000 20000 20000 1.00 1.00 1.00 1.00 1.00 1.00 1.00 1.00
321 20000 20000 20000 20000 1.00 1.00 1.00 1.00 1.00 1.00 1.00 1.00
322 20000 20000 20000 20000 1.00 1.00 1.00 1.00 1.00 1.00 1.00 1.00
323 20000 20000 20000 20000 1.00 1.00 1.00 1.00 1.00 1.00 1.00 1.00
324 20000 20000 20000 20000 1.00 1.00 1.00 1.00 1.00 1.00 1.00 1.00
325 20000 20000 20000 20000 1.00 1.00 1.00 1.00 1.00 1.00 1.00 1.00
326 20000 20000 20020 20000 .68 .68 .68 .68 .75 .75 .75 .75
327 20000 20000 20020 20000 .68 .68 .68 .68 .75 .75 .75 .75
328 20000 20000 20020 20000 .68 .68 .68 .68 .75 .75 .75 .75
329 20000 20000 20020 20000 .68 .68 .68 .68 .75 .75 .75 .75
330 20000 20000 20020 20000 .68 .68 .68 .68 .75 .75 .75 .75
331 20000 20000 20020 20000 .68 .68 .68 .68 .75 .75 .75 .75
332 20000 20000 20020 20000 .68 .68 .68 .68 .75 .75 .75 .75
333 20000 20000 20020 20000 .68 .68 .68 .68 .75 .75 .75 .75
334 20000 20000 20020 20000 .68 .68 .68 .68 .75 .75 .75 .75
335 20000 20000 20020 20000 .68 .68 .68 .68 .75 .75 .75 .75
336 20000 20000 20020 20000 .68 .68 .68 .68 .75 .75 .75 .75
337 20000 20000 20020 20000 .68 .68 .68 .68 .75 .75 .75 .75
338 20000 20000 20020 20000 .68 .68 .68 .68 .75 .75 .75 .75
339 20000 20000 20020 20000 .68 .68 .68 .68 .75 .75 .75 .75
340 20000 20000 20020 20000 .68 .68 .68 .68 .75 .75 .75 .75
341 20000 20000 20020 20000 .68 .68 .68 .68 .75 .75 .75 .75
342 20000 20000 20020 20000 .68 .68 .68 .68 .75 .75 .75 .75
343 20000 20000 20020 20000 .68 .68 .68 .68 .75 .75 .75 .75
344 20000 20000 20020 20000 .68 .68 .68 .68 .75 .75 .75 .75
345 20000 20000 20020 20000 .68 .68 .68 .68 .75 .75 .75 .75
346 20000 20000 20020 20000 .68 .68 .68 .68 .75 .75 .75 .75
347 20000 20000 20020 20000 .68 .68 .68 .68 .75 .75 .75 .75
348 20000 20000 20020 20000 .68 .68 .68 .68 .75 .75 .75 .75
349 20000 20000 20020 20000 .68 .68 .68 .68 .75 .75 .75 .75
350 20020 20000 20020 20020 .72 .72 .72 .72 .79 .79 .79 .79
351 20020 20000 20020 20020 .72 .72 .72 .72 .79 .79 .79 .79
352 20020 20000 20020 20020 .72 .72 .72 .72 .79 .79 .79 .79
353 20020 20000 20020 20020 .72 .72 .72 .72 .79 .79 .79 .79
354 20020 20000 20020 20020 .72 .72 .72 .72 .79 .79 .79 .79
355 20020 20000 20020 20020 .72 .72 .72 .72 .79 .79 .79 .79
356 20020 20000 20200 20000 .44 .44 .44 .44 .55 .55 .55 .55
357 20020 20000 20200 20000 .44 .44 .44 .44 .55 .55 .55 .55
358 20020 20000 20200 20000 .44 .44 .44 .44 .55 .55 .55 .55
359 20020 20000 20200 20000 .44 .44 .44 .44 .55 .55 .55 .55
360 20020 20000 20200 20000 .44 .44 .44 .44 .55 .55 .55 .55
361 20020 20000 20200 20000 .44 .44 .44 .44 .55 .55 .55 .55
362 20020 20000 20200 20000 .44 .44 .44 .44 .55 .55 .55 .55
363 20020 20000 20200 20000 .44 .44 .44 .44 .55 .55 .55 .55
364 20020 20000 20200 20000 .44 .44 .44 .44 .55 .55 .55 .55
365 20020 20000 20200 20000 .44 .44 .44 .44 .55 .55 .55 .55
366 20020 20000 20200 20000 .44 .44 .44 .44 .55 .55 .55 .55
367 20020 20000 20200 20000 .44 .44 .44 .44 .55 .55 .55 .55
368 20020 20000 20200 20000 .44 .44 .44 .44 .55 .55 .55 .55
369 20020 20000 20200 20000 .44 .44 .44 .44 .55 .55 .55 .55
370 20020 20000 20200 20000 .44 .44 .44 .44 .55 .55 .55 .55
371 20020 20000 20200 20000 .44 .44 .44 .44 .55 .55 .55 .55
372 20020 20000 20200 20000 .44 .44 .44 .44 .55 .55 .55 .55
373 20020 20000 20200 20000 .44 .44 .44 .44 .55 .55 .55 .55
374 20020 20000 20200 20000 .44 .44 .44 .44 .55 .55 .55 .55
375 20020 20000 20200 20000 .44 .44 .44 .44 .55 .55 .55 .55
376 20020 20000 20200 20000 .44 .44 .44 .44 .55 .55 .55 .55
377 20020 20000 20200 20000 .44 .44 .44 .44 .55 .55 .55 .55
378 20020 20000 20200 20000 .44 .44 .44 .44 .55 .55 .55 .55
379 20020 20000 20200 20000 .44 .44 .44 .44 .55 .55 .55 .55
380 20020 20000 20200 20000 .44 .44 .44 .44 .55 .55 .55 .55
381 20020 20000 20200 20000 .44 .44 .44 .44 .55 .55 .55 .55
382 20020 20000 20200 20000 .44 .44 .44 .44 .55 .55 .55 .55
383 20020 20000 20200 20000 .44 .44 .44 .44 .55 .55 .55 .55
384 20020 20000 20200 20000 .44 .44 .44 .44 .55 .55 .55 .55
385 20020 20000 20200 20000 .44 .44 .44 .44 .55 .55 .55 .55
386 20020 20000 20020 20020 .72 .72 .72 .72 .79 .79 .79 .79
387 20020 20000 20020 20020 .72 .72 .72 .72 .79 .79 .79 .79
388 20020 20000 20020 20020 .72 .72 .72 .72 .79 .79 .79 .79
389 20020 20000 20020 20020 .72 .72 .72 .72 .79 .79 .79 .79
390 20020 20000 20020 20020 .72 .72 .72 .72 .79 .79 .79 .79
391 20020 20000 20020 20020 .72 .72 .72 .72 .79 .79 .79 .79
392 20020 20000 20020 20020 .72 .72 .72 .72 .79 .79 .79 .79
393 20020 20000 20020 20020 .72 .72 .72 .72 .79 .79 .79 .79
394 20020 20000 20020 20020 .72 .72 .72 .72 .79 .79 .79 .79
395 20020 20000 20020 20020 .72 .72 .72 .72 .79 .79 .79 .79
396 20020 20000 20020 20020 .72 .72 .72 .72 .79 .79 .79 .79
397 20020 20000 20020 20020 .72 .72 .72 .72 .79 .79 .79 .79
398 20020 20000 20020 20020 .72 .72 .72 .72 .79 .79 .79 .79
399 20020 20000 20020 20020 .72 .72 .72 .72 .79 .79 .79 .79
400 20020 20000 20020 20020 .72 .72 .72 .72 .79 .79 .79 .79
401 20020 20000 20020 20020 .72 .72 .72 .72 .79 .79 .79 .79
402 20020 20000 20020 20020 .72 .72 .72 .72 .79 .79 .79 .79
403 20020 20000 20020 20020 .72 .72 .72 .72 .79 .79 .79 .79
404 20020 20000 20020 20020 .72 .72 .72 .72 .79 .79 .79 .79
405 20020 20000 20020 20020 .72 .72 .72 .72 .79 .79 .79 .79
406 20020 20000 20020 20020 .72 .72 .72 .72 .79 .79 .79 .79
407 20020 20000 20020 20020 .72 .72 .72 .72 .79 .79 .79 .79
408 20020 20000 20020 20020 .72 .72 .72 .72 .79 .79 .79 .79
409 20020 20000 20020 20020 .72 .72 .72 .72 .79 .79 .79 .79
410 20000 20000 20020 20000 .68 .68 .68 .68 .75 .75 .75 .75
411 20000 20000 20020 20000 .68 .68 .68 .68 .75 .75 .75 .75
412 20000 20000 20020 20000 .68 .68 .68 .68 .75 .75 .75 .75
413 20000 20000 20020 20000 .68 .68 .68 .68 .75 .75 .75 .75
414 20000 20000 20020 20000 .68 .68 .68 .68 .75 .75 .75 .75
415 20000 20000 20020 20000 .68 .68 .68 .68 .75 .75 .75 .75
416 20000 20000 20000 20000 1.00 1.00 1.00 1.00 1.00 1.00 1.00 1.00
417 20000 20000 20000 20000 1.00 1.00 1.00 1.00 1.00 1.00 1.00 1.00
418 20000 20000 20000 20000 1.00 1.00 1.00 1.00 1.00 1.00 1.00 1.00
419 20000 20000 20000 20000 1.00 1.00 1.00 1.00 1.00 1.00 1.00 1.00
420 20000 20000 20000 20000 1.00 1.00 1.00 1.00 1.00 1.00 1.00 1.00
421 20000 20000 20000 20000 1.00 1.00 1.00 1.00 1.00 1.00 1.00 1.00
422 20000 20000 20000 20000 1.00 1.00 1.00 1.00 1.00 1.00 1.00 1.00
423 20000 20000 20000 20000 1.00 1.00 1.00 1.00 1.00 1.00 1.00 1.00
424 20000 20000 20000 20000 1.00 1.00 1.00 1.00 1.00 1.00 1.00 1.00
425 20000 20000 20000 20000 1.00 1.00 1.00 1.00 1.00 1.00 1.00 1.00
426 20000 20000 20000 20000 1.00 1.00 1.00 1.00 1.00 1.00 1.00 1.00
427 20000 20000 20000 20000 1.00 1.00 1.00 1.00 1.00 1.00 1.00 1.00
428 20000 20000 20000 20000 1.00 1.00 1.00 1.00 1.00 1.00 1.00 1.00
429 20000 20000 20000 20000 1.00 1.00 1.00 1.00 1.00 1.00 1.00 1.00
430 20020 20000 20000 20000 .68 .68 .68 .68 .75 .75 .75 .75
431 20020 20000 20020 20020 .72 .72 .72 .72 .79 .79 .79 .79
432 20020 20000 20020 20020 .72 .72 .72 .72 .79 .79 .79 .79
433 20020 20000 20020 20020 .72 .72 .72 .72 .79 .79 .79 .79
434 20020 20000 20020 20020 .72 .72 .72 .72 .79 .79 .79 .79
435 20020 20000 20020 20020 .72 .72 .72 .72 .79 .79 .79 .79
436 20020 20000 20020 20020 .72 .72 .72 .72 .79 .79 .79 .79
437 20020 20000 20020 20020 .72 .72 .72 .72 .79 .79 .79 .79
438 20020 20000 20020 20020 .72 .72 .72 .72 .79 .79 .79 .79
439 20020 20000 20020 20020 .72 .72 .72 .72 .79 .79 .79 .79
440 20020 20000 20020 20020 .72 .72 .72 .72 .79 .79 .79 .79
441 20020 20000 20020 20020 .72 .72 .72 .72 .79 .79 .79 .79
