0 00022 00002 00000 00002 .22 .22 .22 .22 .41 .41 .41 .41
1 00022 00002 00000 00002 .22 .22 .22 .22 .41 .41 .41 .41
2 00022 00002 00000 00002 .22 .22 .22 .22 .41 .41 .41 .41
3 00022 00002 00000 00002 .22 .22 .22 .22 .41 .41 .41 .41
4 00022 00002 00000 00002 .22 .22 .22 .22 .41 .41 .41 .41
5 00022 00002 00000 00002 .22 .22 .22 .22 .41 .41 .41 .41
6 00022 00002 00000 00002 .22 .22 .22 .22 .41 .41 .41 .41
7 00022 00002 00000 00002 .22 .22 .22 .22 .41 .41 .41 .41
8 00022 00002 00000 00002 .22 .22 .22 .22 .41 .41 .41 .41
9 00022 00002 00000 00002 .22 .22 .22 .22 .41 .41 .41 .41
10 00022 00022 00000 00022 .36 .36 .36 .36 .55 .55 .55 .55
11 00022 00022 00000 00022 .36 .36 .36 .36 .55 .55 .55 .55
12 00022 00022 00000 00022 .36 .36 .36 .36 .55 .55 .55 .55
13 00022 00022 00000 00022 .36 .36 .36 .36 .55 .55 .55 .55
14 00022 00022 00000 00022 .36 .36 .36 .36 .55 .55 .55 .55
15 00022 00022 00000 00022 .36 .36 .36 .36 .55 .55 .55 .55
16 00022 00022 00000 00022 .36 .36 .36 .36 .55 .55 .55 .55
17 00022 00022 00000 00022 .36 .36 .36 .36 .55 .55 .55 .55
18 00022 00022 00000 00022 .36 .36 .36 .36 .55 .55 .55 .55
19 00022 00022 00000 00022 .36 .36 .36 .36 .55 .55 .55 .55
20 00022 00022 00000 00022 .36 .36 .36 .36 .55 .55 .55 .55
21 00022 00022 00000 00022 .36 .36 .36 .36 .55 .55 .55 .55
22 00022 00022 00000 00022 .36 .36 .36 .36 .55 .55 .55 .55
23 00022 00022 00000 00022 .36 .36 .36 .36 .55 .55 .55 .55
24 00022 00022 00000 00022 .36 .36 .36 .36 .55 .55 .55 .55
25 00022 00022 00000 00022 .36 .36 .36 .36 .55 .55 .55 .55
26 00022 00022 00000 00022 .36 .36 .36 .36 .55 .55 .55 .55
27 00022 00022 00000 00022 .36 .36 .36 .36 .55 .55 .55 .55
28 00022 00022 00000 00022 .36 .36 .36 .36 .55 .55 .55 .55
29 00022 00022 00000 00022 .36 .36 .36 .36 .55 .55 .55 .55
30 00022 00022 00000 00022 .36 .36 .36 .36 .55 .55 .55 .55
31 00022 00022 00000 00022 .36 .36 .36 .36 .55 .55 .55 .55
32 00022 00022 00000 00022 .36 .36 .36 .36 .55 .55 .55 .55
33 00022 00022 00000 00022 .36 .36 .36 .36 .55 .55 .55 .55
34 00022 00022 00000 00022 .36 .36 .36 .36 .55 .55 .55 .55
35 00022 00022 00000 00022 .36 .36 .36 .36 .55 .55 .55 .55
36 00022 00022 00000 00022 .36 .36 .36 .36 .55 .55 .55 .55
37 00022 00022 00000 00022 .36 .36 .36 .36 .55 .55 .55 .55
38 00022 00022 00000 00022 .36 .36 .36 .36 .55 .55 .55 .55
39 00022 00022 00000 00022 .36 .36 .36 .36 .55 .55 .55 .55
40 00002 00002 00000 00002 .46 .46 .46 .46 .63 .63 .63 .63
41 00002 00002 00000 00002 .46 .46 .46 .46 .63 .63 .63 .63
42 00002 00002 00000 00002 .46 .46 .46 .46 .63 .63 .63 .63
43 00002 00002 00000 00002 .46 .46 .46 .46 .63 .63 .63 .63
44 00002 00002 00000 00002 .46 .46 .46 .46 .63 .63 .63 .63
45 00002 00002 00000 00002 .46 .46 .46 .46 .63 .63 .63 .63
46 00002 00002 00000 00002 .46 .46 .46 .46 .63 .63 .63 .63
47 00002 00002 00000 00002 .46 .46 .46 .46 .63 .63 .63 .63
48 00002 00002 00020 00002 .22 .22 .22 .22 .41 .41 .41 .41
49 00002 00002 00020 00002 .22 .22 .22 .22 .41 .41 .41 .41
50 00022 00022 00020 00022 .72 .72 .72 .72 .79 .79 .79 .79
51 00022 00022 00020 00022 .72 .72 .72 .72 .79 .79 .79 .79
52 00022 00022 00020 00022 .72 .72 .72 .72 .79 .79 .79 .79
53 00022 00022 00020 00022 .72 .72 .72 .72 .79 .79 .79 .79
54 00022 00022 00020 00022 .72 .72 .72 .72 .79 .79 .79 .79
55 00022 00022 00020 00022 .72 .72 .72 .72 .79 .79 .79 .79
56 00022 00022 00020 00022 .72 .72 .72 .72 .79 .79 .79 .79
57 00022 00022 00020 00022 .72 .72 .72 .72 .79 .79 .79 .79
58 00022 00022 00020 00022 .72 .72 .72 .72 .79 .79 .79 .79
59 00022 00022 00020 00022 .72 .72 .72 .72 .79 .79 .79 .79
60 00202 00202 00020 00202 .16 .16 .16 .16 .37 .37 .37 .37
61 00202 00202 00020 00202 .16 .16 .16 .16 .37 .37 .37 .37
62 00202 00202 00020 00202 .16 .16 .16 .16 .37 .37 .37 .37
63 00202 00202 00020 00202 .16 .16 .16 .16 .37 .37 .37 .37
64 00202 00202 00020 00202 .16 .16 .16 .16 .37 .37 .37 .37
65 00202 00202 00020 00202 .16 .16 .16 .16 .37 .37 .37 .37
66 00202 00202 00020 00202 .16 .16 .16 .16 .37 .37 .37 .37
67 00202 00202 00020 00202 .16 .16 .16 .16 .37 .37 .37 .37
68 00202 00202 00020 00202 .16 .16 .16 .16 .37 .37 .37 .37
69 00202 00202 00020 00202 .16 .16 .16 .16 .37 .37 .37 .37
70 00200 00200 00020 00200 .22 .22 .22 .22 .41 .41 .41 .41
71 00200 00200 00020 00200 .22 .22 .22 .22 .41 .41 .41 .41
72 00200 00200 00200 00200 1.00 1.00 1.00 1.00 1.00 1.00 1.00 1.00
73 00200 00200 00200 00200 1.00 1.00 1.00 1.00 1.00 1.00 1.00 1.00
74 00200 00200 00200 00200 1.00 1.00 1.00 1.00 1.00 1.00 1.00 1.00
75 00200 00200 00200 00200 1.00 1.00 1.00 1.00 1.00 1.00 1.00 1.00
76 00200 00200 00200 00200 1.00 1.00 1.00 1.00 1.00 1.00 1.00 1.00
77 00200 00200 00200 00200 1.00 1.00 1.00 1.00 1.00 1.00 1.00 1.00
78 00200 00200 00200 00200 1.00 1.00 1.00 1.00 1.00 1.00 1.00 1.00
79 00200 00200 00200 00200 1.00 1.00 1.00 1.00 1.00 1.00 1.00 1.00
80 00200 00200 00200 00200 1.00 1.00 1.00 1.00 1.00 1.00 1.00 1.00
81 00200 00200 00200 00200 1.00 1.00 1.00 1.00 1.00 1.00 1.00 1.00
82 00200 00200 00200 00200 1.00 1.00 1.00 1.00 1.00 1.00 1.00 1.00
83 00200 00200 00200 00200 1.00 1.00 1.00 1.00 1.00 1.00 1.00 1.00
84 00200 00200 00200 00200 1.00 1.00 1.00 1.00 1.00 1.00 1.00 1.00
85 00200 00200 00200 00200 1.00 1.00 1.00 1.00 1.00 1.00 1.00 1.00
86 00200 00200 00200 00200 1.00 1.00 1.00 1.00 1.00 1.00 1.00 1.00
87 00200 00200 00200 00200 1.00 1.00 1.00 1.00 1.00 1.00 1.00 1.00
88 00200 00200 00200 00200 1.00 1.00 1.00 1.00 1.00 1.00 1.00 1.00
89 00200 00200 00200 00200 1.00 1.00 1.00 1.00 1.00 1.00 1.00 1.00
90 00200 00200 00200 00200 1.00 1.00 1.00 1.00 1.00 1.00 1.00 1.00
91 00200 00200 00200 00200 1.00 1.00 1.00 1.00 1.00 1.00 1.00 1.00
92 00200 00200 00200 00200 1.00 1.00 1.00 1.00 1.00 1.00 1.00 1.00
93 00200 00200 00200 00200 1.00 1.00 1.00 1.00 1.00 1.00 1.00 1.00
94 00200 00200 00200 00200 1.00 1.00 1.00 1.00 1.00 1.00 1.00 1.00
95 00200 00200 00200 00200 1.00 1.00 1.00 1.00 1.00 1.00 1.00 1.00
96 00200 00200 00200 00200 1.00 1.00 1.00 1.00 1.00 1.00 1.00 1.00
97 00200 00200 00200 00200 1.00 1.00 1.00 1.00 1.00 1.00 1.00 1.00
98 00200 00200 00200 00200 1.00 1.00 1.00 1.00 1.00 1.00 1.00 1.00
99 00200 00200 00200 00200 1.00 1.00 1.00 1.00 1.00 1.00 1.00 1.00
100 00200 00200 00200 00200 1.00 1.00 1.00 1.00 1.00 1.00 1.00 1.00
101 00200 00200 00200 00200 1.00 1.00 1.00 1.00 1.00 1.00 1.00 1.00
102 00200 00200 00200 00200 1.00 1.00 1.00 1.00 1.00 1.00 1.00 1.00
103 00200 00200 00200 00200 1.00 1.00 1.00 1.00 1.00 1.00 1.00 1.00
104 00200 00200 00200 00200 1.00 1.00 1.00 1.00 1.00 1.00 1.00 1.00
105 00200 00200 00200 00200 1.00 1.00 1.00 1.00 1.00 1.00 1.00 1.00
106 00200 00200 00200 00200 1.00 1.00 1.00 1.00 1.00 1.00 1.00 1.00
107 00200 00200 00200 00200 1.00 1.00 1.00 1.00 1.00 1.00 1.00 1.00
108 00200 00200 00200 00200 1.00 1.00 1.00 1.00 1.00 1.00 1.00 1.00
109 00200 00200 00200 00200 1.00 1.00 1.00 1.00 1.00 1.00 1.00 1.00
110 00200 00200 00200 00200 1.00 1.00 1.00 1.00 1.00 1.00 1.00 1.00
111 00200 00200 00200 00200 1.00 1.00 1.00 1.00 1.00 1.00 1.00 1.00
112 00200 00200 00200 00200 1.00 1.00 1.00 1.00 1.00 1.00 1.00 1.00
113 00200 00200 00200 00200 1.00 1.00 1.00 1.00 1.00 1.00 1.00 1.00
114 00200 00200 00200 00200 1.00 1.00 1.00 1.00 1.00 1.00 1.00 1.00
115 00200 00200 00200 00200 1.00 1.00 1.00 1.00 1.00 1.00 1.00 1.00
116 00200 00200 00200 00200 1.00 1.00 1.00 1.00 1.00 1.00 1.00 1.00
117 00200 00200 00200 00200 1.00 1.00 1.00 1.00 1.00 1.00 1.00 1.00
118 00200 00200 00200 00200 1.00 1.00 1.00 1.00 1.00 1.00 1.00 1.00
119 00200 00200 00200 00200 1.00 1.00 1.00 1.00 1.00 1.00 1.00 1.00
120 00200 00200 00200 00200 1.00 1.00 1.00 1.00 1.00 1.00 1.00 1.00
121 00200 00200 00200 00200 1.00 1.00 1.00 1.00 1.00 1.00 1.00 1.00
122 00200 00200 00200 00200 1.00 1.00 1.00 1.00 1.00 1.00 1.00 1.00
123 00200 00200 00200 00200 1.00 1.00 1.00 1.00 1.00 1.00 1.00 1.00
124 00200 00200 00200 00200 1.00 1.00 1.00 1.00 1.00 1.00 1.00 1.00
125 00200 00200 00200 00200 1.00 1.00 1.00 1.00 1.00 1.00 1.00 1.00
126 00200 00200 00200 00200 1.00 1.00 1.00 1.00 1.00 1.00 1.00 1.00
127 00200 00200 00200 00200 1.00 1.00 1.00 1.00 1.00 1.00 1.00 1.00
128 00200 00200 00200 00200 1.00 1.00 1.00 1.00 1.00 1.00 1.00 1.00
129 00200 00200 00200 00200 1.00 1.00 1.00 1.00 1.00 1.00 1.00 1.00
130 02200 02200 00200 02200 .72 .72 .72 .72 .79 .79 .79 .79
131 02200 02200 00200 02200 .72 .72 .72 .72 .79 .79 .79 .79
132 02200 02200 02200 02200 1.00 1.00 1.00 1.00 1.00 1.00 1.00 1.00
133 02200 02200 02200 02200 1.00 1.00 1.00 1.00 1.00 1.00 1.00 1.00
134 02200 02200 02200 02200 1.00 1.00 1.00 1.00 1.00 1.00 1.00 1.00
135 02200 02200 02200 02200 1.00 1.00 1.00 1.00 1.00 1.00 1.00 1.00
136 02200 02200 02200 02200 1.00 1.00 1.00 1.00 1.00 1.00 1.00 1.00
137 02200 02200 02020 02200 .48 .48 .48 .48 .60 .60 .60 .60
138 02200 02200 02020 02200 .48 .48 .48 .48 .60 .60 .60 .60
139 02200 02200 02020 02200 .48 .48 .48 .48 .60 .60 .60 .60
140 20200 20200 20020 20200 .48 .48 .48 .48 .60 .60 .60 .60
141 20200 20200 20020 20200 .48 .48 .48 .48 .60 .60 .60 .60
142 20200 20200 20020 20200 .48 .48 .48 .48 .60 .60 .60 .60
143 20200 20200 20020 20200 .48 .48 .48 .48 .60 .60 .60 .60
144 20200 20200 20020 20200 .48 .48 .48 .48 .60 .60 .60 .60
145 20200 20200 20020 20200 .48 .48 .48 .48 .60 .60 .60 .60
146 20200 20200 20020 20200 .48 .48 .48 .48 .60 .60 .60 .60
147 20200 20200 20020 20200 .48 .48 .48 .48 .60 .60 .60 .60
148 20200 20200 20020 20200 .48 .48 .48 .48 .60 .60 .60 .60
149 20200 20200 20020 20200 .48 .48 .48 .48 .60 .60 .60 .60
150 20020 20000 20020 20020 .72 .72 .72 .72 .79 .79 .79 .79
151 20020 20000 20020 20020 .72 .72 .72 .72 .79 .79 .79 .79
152 20020 20000 20020 20020 .72 .72 .72 .72 .79 .79 .79 .79
153 20020 20000 20020 20020 .72 .72 .72 .72 .79 .79 .79 .79
154 20020 20000 20020 20020 .72 .72 .72 .72 .79 .79 .79 .79
155 20020 20000 20000 20000 .68 .68 .68 .68 .75 .75 .75 .75
156 20020 20000 20000 20000 .68 .68 .68 .68 .75 .75 .75 .75
157 20020 20000 20000 20000 .68 .68 .68 .68 .75 .75 .75 .75
158 20020 20000 20000 20000 .68 .68 .68 .68 .75 .75 .75 .75
159 20020 20000 20000 20000 .68 .68 .68 .68 .75 .75 .75 .75
160 20000 20000 20000 20000 1.00 1.00 1.00 1.00 1.00 1.00 1.00 1.00
161 20000 20000 20000 20000 1.00 1.00 1.00 1.00 1.00 1.00 1.00 1.00
162 20000 20000 20000 20000 1.00 1.00 1.00 1.00 1.00 1.00 1.00 1.00
163 20000 20000 20000 20000 1.00 1.00 1.00 1.00 1.00 1.00 1.00 1.00
164 20000 20000 20000 20000 1.00 1.00 1.00 1.00 1.00 1.00 1.00 1.00
165 20000 20000 20000 20000 1.00 1.00 1.00 1.00 1.00 1.00 1.00 1.00
166 20000 20000 20000 20000 1.00 1.00 1.00 1.00 1.00 1.00 1.00 1.00
167 20000 20000 20000 20000 1.00 1.00 1.00 1.00 1.00 1.00 1.00 1.00
168 20000 20000 20000 20000 1.00 1.00 1.00 1.00 1.00 1.00 1.00 1.00
169 20000 20000 20000 20000 1.00 1.00 1.00 1.00 1.00 1.00 1.00 1.00
170 20000 20000 20000 20000 1.00 1.00 1.00 1.00 1.00 1.00 1.00 1.00
171 20000 20000 20000 20000 1.00 1.00 1.00 1.00 1.00 1.00 1.00 1.00
172 20000 20000 20000 20000 1.00 1.00 1.00 1.00 1.00 1.00 1.00 1.00
173 20000 20000 20000 20000 1.00 1.00 1.00 1.00 1.00 1.00 1.00 1.00
174 20000 20000 20000 20000 1.00 1.00 1.00 1.00 1.00 1.00 1.00 1.00
175 20000 20000 20000 20000 1.00 1.00 1.00 1.00 1.00 1.00 1.00 1.00
176 20000 20000 20000 20000 1.00 1.00 1.00 1.00 1.00 1.00 1.00 1.00
177 20000 20000 20000 20000 1.00 1.00 1.00 1.00 1.00 1.00 1.00 1.00
178 20000 20000 20000 20000 1.00 1.00 1.00 1.00 1.00 1.00 1.00 1.00
179 20000 20000 20000 20000 1.00 1.00 1.00 1.00 1.00 1.00 1.00 1.00
180 20000 20000 20000 20000 1.00 1.00 1.00 1.00 1.00 1.00 1.00 1.00
181 20000 20000 20000 20000 1.00 1.00 1.00 1.00 1.00 1.00 1.00 1.00
182 20000 20000 20000 20000 1.00 1.00 1.00 1.00 1.00 1.00 1.00 1.00
183 20000 20000 20000 20000 1.00 1.00 1.00 1.00 1.00 1.00 1.00 1.00
184 20000 20000 20000 20000 1.00 1.00 1.00 1.00 1.00 1.00 1.00 1.00
185 20000 20000 20020 20000 .68 .68 .68 .68 .75 .75 .75 .75
186 20000 20000 20020 20000 .68 .68 .68 .68 .75 .75 .75 .75
187 20000 20000 20020 20000 .68 .68 .68 .68 .75 .75 .75 .75
188 20000 20000 20020 20000 .68 .68 .68 .68 .75 .75 .75 .75
189 20000 20000 20020 20000 .68 .68 .68 .68 .75 .75 .75 .75
190 20020 20000 20020 20020 .72 .72 .72 .72 .79 .79 .79 .79
191 20020 20000 20020 20020 .72 .72 .72 .72 .79 .79 .79 .79
192 20020 20000 20020 20020 .72 .72 .72 .72 .79 .79 .79 .79
193 20020 20000 20020 20020 .72 .72 .72 .72 .79 .79 .79 .79
194 20020 20000 20020 20020 .72 .72 .72 .72 .79 .79 .79 .79
195 20020 20000 20020 20020 .72 .72 .72 .72 .79 .79 .79 .79
196 20020 20000 20020 20020 .72 .72 .72 .72 .79 .79 .79 .79
197 20020 20000 20020 20020 .72 .72 .72 .72 .79 .79 .79 .79
198 20020 20000 20020 20020 .72 .72 .72 .72 .79 .79 .79 .79
199 20020 20000 20020 20020 .72 .72 .72 .72 .79 .79 .79 .79
200 20020 20000 00020 20020 .36 .36 .36 .36 .55 .55 .55 .55
201 20020 20000 00020 20020 .36 .36 .36 .36 .55 .55 .55 .55
202 20020 20000 00020 20020 .36 .36 .36 .36 .55 .55 .55 .55
203 20020 20000 00020 20020 .36 .36 .36 .36 .55 .55 .55 .55
204 20020 20000 00020 20020 .36 .36 .36 .36 .55 .55 .55 .55
205 20020 20000 00020 20020 .36 .36 .36 .36 .55 .55 .55 .55
206 20020 20000 00020 20020 .36 .36 .36 .36 .55 .55 .55 .55
207 20020 20000 00020 20020 .36 .36 .36 .36 .55 .55 .55 .55
208 20020 20000 00020 20020 .36 .36 .36 .36 .55 .55 .55 .55
209 20020 20000 00020 20020 .36 .36 .36 .36 .55 .55 .55 .55
210 20200 20200 00020 20200 .16 .16 .16 .16 .37 .37 .37 .37
211 20200 20200 00020 20200 .16 .16 .16 .16 .37 .37 .37 .37
212 20200 20200 00200 20200 .72 .72 .72 .72 .79 .79 .79 .79
213 20200 20200 00200 20200 .72 .72 .72 .72 .79 .79 .79 .79
214 20200 20200 00200 20200 .72 .72 .72 .72 .79 .79 .79 .79
215 20200 20200 02200 20200 .48 .48 .48 .48 .60 .60 .60 .60
216 20200 20200 02200 20200 .48 .48 .48 .48 .60 .60 .60 .60
217 20200 20200 02200 20200 .48 .48 .48 .48 .60 .60 .60 .60
218 20200 20200 02200 20200 .48 .48 .48 .48 .60 .60 .60 .60
219 20200 20200 02200 20200 .48 .48 .48 .48 .60 .60 .60 .60
220 00200 00200 02200 00200 .68 .68 .68 .68 .75 .75 .75 .75
221 00200 00200 02200 00200 .68 .68 .68 .68 .75 .75 .75 .75
222 00200 00200 02200 00200 .68 .68 .68 .68 .75 .75 .75 .75
223 00200 00200 02200 00200 .68 .68 .68 .68 .75 .75 .75 .75
224 00200 00200 02200 00200 .68 .68 .68 .68 .75 .75 .75 .75
225 00200 00200 02200 00200 .68 .68 .68 .68 .75 .75 .75 .75
226 00200 00200 02200 00200 .68 .68 .68 .68 .75 .75 .75 .75
227 00200 00200 02200 00200 .68 .68 .68 .68 .75 .75 .75 .75
228 00200 00200 02200 00200 .68 .68 .68 .68 .75 .75 .75 .75
229 00200 00200 02200 00200 .68 .68 .68 .68 .75 .75 .75 .75
230 00200 00200 00200 00200 1.00 1.00 1.00 1.00 1.00 1.00 1.00 1.00
231 00200 00200 00200 00200 1.00 1.00 1.00 1.00 1.00 1.00 1.00 1.00
232 00200 00200 00200 00200 1.00 1.00 1.00 1.00 1.00 1.00 1.00 1.00
233 00200 00200 00200 00200 1.00 1.00 1.00 1.00 1.00 1.00 1.00 1.00
234 00200 00200 00200 00200 1.00 1.00 1.00 1.00 1.00 1.00 1.00 1.00
235 00200 00200 00200 00200 1.00 1.00 1.00 1.00 1.00 1.00 1.00 1.00
236 00200 00200 00200 00200 1.00 1.00 1.00 1.00 1.00 1.00 1.00 1.00
237 00200 00200 00200 00200 1.00 1.00 1.00 1.00 1.00 1.00 1.00 1.00
238 00200 00200 00200 00200 1.00 1.00 1.00 1.00 1.00 1.00 1.00 1.00
239 00200 00200 00200 00200 1.00 1.00 1.00 1.00 1.00 1.00 1.00 1.00
240 00200 00200 00200 00200 1.00 1.00 1.00 1.00 1.00 1.00 1.00 1.00
241 00200 00200 00200 00200 1.00 1.00 1.00 1.00 1.00 1.00 1.00 1.00
242 00200 00200 00200 00200 1.00 1.00 1.00 1.00 1.00 1.00 1.00 1.00
243 00200 00200 00200 00200 1.00 1.00 1.00 1.00 1.00 1.00 1.00 1.00
244 00200 00200 00200 00200 1.00 1.00 1.00 1.00 1.00 1.00 1.00 1.00
245 00200 00200 00200 00200 1.00 1.00 1.00 1.00 1.00 1.00 1.00 1.00
246 00200 00200 00200 00200 1.00 1.00 1.00 1.00 1.00 1.00 1.00 1.00
247 00200 00200 00200 00200 1.00 1.00 1.00 1.00 1.00 1.00 1.00 1.00
248 00200 00200 00200 00200 1.00 1.00 1.00 1.00 1.00 1.00 1.00 1.00
249 00200 00200 00200 00200 1.00 1.00 1.00 1.00 1.00 1.00 1.00 1.00
250 00200 00200 00200 00200 1.00 1.00 1.00 1.00 1.00 1.00 1.00 1.00
251 00200 00200 00200 00200 1.00 1.00 1.00 1.00 1.00 1.00 1.00 1.00
252 00200 00200 00200 00200 1.00 1.00 1.00 1.00 1.00 1.00 1.00 1.00
253 00200 00200 00200 00200 1.00 1.00 1.00 1.00 1.00 1.00 1.00 1.00
254 00200 00200 00200 00200 1.00 1.00 1.00 1.00 1.00 1.00 1.00 1.00
255 00200 00200 00200 00200 1.00 1.00 1.00 1.00 1.00 1.00 1.00 1.00
256 00200 00200 00200 00200 1.00 1.00 1.00 1.00 1.00 1.00 1.00 1.00
257 00200 00200 00200 00200 1.00 1.00 1.00 1.00 1.00 1.00 1.00 1.00
258 00200 00200 00200 00200 1.00 1.00 1.00 1.00 1.00 1.00 1.00 1.00
