0 00002 00002 00000 00002 .46 .46 .46 .46 .63 .63 .63 .63
1 00002 00002 00000 00002 .46 .46 .46 .46 .63 .63 .63 .63
2 00002 00002 00000 00002 .46 .46 .46 .46 .63 .63 .63 .63
3 00002 00002 00000 00002 .46 .46 .46 .46 .63 .63 .63 .63
4 00002 00002 00000 00002 .46 .46 .46 .46 .63 .63 .63 .63
5 00002 00002 00000 00002 .46 .46 .46 .46 .63 .63 .63 .63
6 00002 00002 00000 00002 .46 .46 .46 .46 .63 .63 .63 .63
7 00002 00002 00000 00002 .46 .46 .46 .46 .63 .63 .63 .63
8 00002 00002 00000 00002 .46 .46 .46 .46 .63 .63 .63 .63
9 00002 00002 00000 00002 .46 .46 .46 .46 .63 .63 .63 .63
10 00002 00002 00000 00002 .46 .46 .46 .46 .63 .63 .63 .63
11 00002 00002 00000 00002 .46 .46 .46 .46 .63 .63 .63 .63
12 00002 00002 00000 00002 .46 .46 .46 .46 .63 .63 .63 .63
13 00002 00002 00000 00002 .46 .46 .46 .46 .63 .63 .63 .63
14 00002 00002 00000 00002 .46 .46 .46 .46 .63 .63 .63 .63
15 00002 00002 00000 00002 .46 .46 .46 .46 .63 .63 .63 .63
16 00002 00002 00000 00002 .46 .46 .46 .46 .63 .63 .63 .63
17 00002 00002 00000 00002 .46 .46 .46 .46 .63 .63 .63 .63
18 00002 00002 00000 00002 .46 .46 .46 .46 .63 .63 .63 .63
19 00002 00002 00000 00002 .46 .46 .46 .46 .63 .63 .63 .63
20 00002 00002 00000 00002 .46 .46 .46 .46 .63 .63 .63 .63
21 00002 00002 00000 00002 .46 .46 .46 .46 .63 .63 .63 .63
22 00002 00002 00000 00002 .46 .46 .46 .46 .63 .63 .63 .63
23 00002 00002 00000 00002 .46 .46 .46 .46 .63 .63 .63 .63
24 00002 00002 00000 00002 .46 .46 .46 .46 .63 .63 .63 .63
25 00002 00002 00000 00002 .46 .46 .46 .46 .63 .63 .63 .63
26 00002 00002 00000 00002 .46 .46 .46 .46 .63 .63 .63 .63
27 00002 00002 00000 00002 .46 .46 .46 .46 .63 .63 .63 .63
28 00002 00002 00000 00002 .46 .46 .46 .46 .63 .63 .63 .63
29 00002 00002 00000 00002 .46 .46 .46 .46 .63 .63 .63 .63
30 00002 00002 00000 00002 .46 .46 .46 .46 .63 .63 .63 .63
31 00002 00002 00000 00002 .46 .46 .46 .46 .63 .63 .63 .63
32 00002 00002 00000 00002 .46 .46 .46 .46 .63 .63 .63 .63
33 00002 00002 00000 00002 .46 .46 .46 .46 .63 .63 .63 .63
34 00002 00002 00000 00002 .46 .46 .46 .46 .63 .63 .63 .63
35 00002 00002 00000 00002 .46 .46 .46 .46 .63 .63 .63 .63
36 00002 00002 00000 00002 .46 .46 .46 .46 .63 .63 .63 .63
37 00002 00002 00000 00002 .46 .46 .46 .46 .63 .63 .63 .63
38 00002 00002 00000 00002 .46 .46 .46 .46 .63 .63 .63 .63
39 00002 00002 00000 00002 .46 .46 .46 .46 .63 .63 .63 .63
40 00002 00002 00000 00002 .46 .46 .46 .46 .63 .63 .63 .63
41 00002 00002 00000 00002 .46 .46 .46 .46 .63 .63 .63 .63
42 00002 00002 00000 00002 .46 .46 .46 .46 .63 .63 .63 .63
43 00002 00002 00000 00002 .46 .46 .46 .46 .63 .63 .63 .63
44 00002 00002 00000 00002 .46 .46 .46 .46 .63 .63 .63 .63
45 00002 00002 00000 00002 .46 .46 .46 .46 .63 .63 .63 .63
46 00002 00002 00000 00002 .46 .46 .46 .46 .63 .63 .63 .63
47 00002 00002 00000 00002 .46 .46 .46 .46 .63 .63 .63 .63
48 00002 00002 00000 00002 .46 .46 .46 .46 .63 .63 .63 .63
49 00002 00002 00000 00002 .46 .46 .46 .46 .63 .63 .63 .63
50 00002 00002 00000 00002 .46 .46 .46 .46 .63 .63 .63 .63
51 00002 00002 00000 00002 .46 .46 .46 .46 .63 .63 .63 .63
52 00002 00002 00000 00002 .46 .46 .46 .46 .63 .63 .63 .63
53 00002 00002 00000 00002 .46 .46 .46 .46 .63 .63 .63 .63
54 00002 00002 00000 00002 .46 .46 .46 .46 .63 .63 .63 .63
55 00002 00002 00000 00002 .46 .46 .46 .46 .63 .63 .63 .63
56 00002 00002 00000 00002 .46 .46 .46 .46 .63 .63 .63 .63
57 00002 00002 00000 00002 .46 .46 .46 .46 .63 .63 .63 .63
58 00002 00002 00000 00002 .46 .46 .46 .46 .63 .63 .63 .63
59 00002 00002 00000 00002 .46 .46 .46 .46 .63 .63 .63 .63
60 00002 00002 00000 00002 .46 .46 .46 .46 .63 .63 .63 .63
61 00002 00002 00000 00002 .46 .46 .46 .46 .63 .63 .63 .63
62 00002 00002 00000 00002 .46 .46 .46 .46 .63 .63 .63 .63
63 00002 00002 00000 00002 .46 .46 .46 .46 .63 .63 .63 .63
64 00002 00002 00000 00002 .46 .46 .46 .46 .63 .63 .63 .63
65 00002 00002 00000 00002 .46 .46 .46 .46 .63 .63 .63 .63
66 00002 00002 00000 00002 .46 .46 .46 .46 .63 .63 .63 .63
67 00002 00002 00000 00002 .46 .46 .46 .46 .63 .63 .63 .63
68 00002 00002 00000 00002 .46 .46 .46 .46 .63 .63 .63 .63
69 00002 00002 00000 00002 .46 .46 .46 .46 .63 .63 .63 .63
70 00002 00002 00000 00002 .46 .46 .46 .46 .63 .63 .63 .63
71 00002 00002 00000 00002 .46 .46 .46 .46 .63 .63 .63 .63
72 00002 00002 00000 00002 .46 .46 .46 .46 .63 .63 .63 .63
73 00002 00002 00000 00002 .46 .46 .46 .46 .63 .63 .63 .63
74 00002 00002 00000 00002 .46 .46 .46 .46 .63 .63 .63 .63
75 00002 00002 00000 00002 .46 .46 .46 .46 .63 .63 .63 .63
76 00002 00002 00000 00002 .46 .46 .46 .46 .63 .63 .63 .63
77 00002 00002 00000 00002 .46 .46 .46 .46 .63 .63 .63 .63
78 00002 00002 00000 00002 .46 .46 .46 .46 .63 .63 .63 .63
79 00002 00002 00000 00002 .46 .46 .46 .46 .63 .63 .63 .63
80 00002 00002 00000 00002 .46 .46 .46 .46 .63 .63 .63 .63
81 00002 00002 00000 00002 .46 .46 .46 .46 .63 .63 .63 .63
82 00002 00002 00000 00002 .46 .46 .46 .46 .63 .63 .63 .63
83 00002 00002 00000 00002 .46 .46 .46 .46 .63 .63 .63 .63
84 00002 00002 00000 00002 .46 .46 .46 .46 .63 .63 .63 .63
85 00002 00002 00000 00002 .46 .46 .46 .46 .63 .63 .63 .63
86 00002 00002 00000 00002 .46 .46 .46 .46 .63 .63 .63 .63
87 00002 00002 00000 00002 .46 .46 .46 .46 .63 .63 .63 .63
88 00002 00002 00000 00002 .46 .46 .46 .46 .63 .63 .63 .63
89 00002 00002 00000 00002 .46 .46 .46 .46 .63 .63 .63 .63
90 00002 00002 00000 00002 .46 .46 .46 .46 .63 .63 .63 .63
91 00002 00002 00000 00002 .46 .46 .46 .46 .63 .63 .63 .63
92 00002 00002 00000 00002 .46 .46 .46 .46 .63 .63 .63 .63
93 00002 00002 00000 00002 .46 .46 .46 .46 .63 .63 .63 .63
94 00002 00002 00000 00002 .46 .46 .46 .46 .63 .63 .63 .63
95 00002 00002 00000 00002 .46 .46 .46 .46 .63 .63 .63 .63
96 00002 00002 00000 00002 .46 .46 .46 .46 .63 .63 .63 .63
97 00002 00002 00000 00002 .46 .46 .46 .46 .63 .63 .63 .63
98 00002 00002 00000 00002 .46 .46 .46 .46 .63 .63 .63 .63
99 00002 00002 00000 00002 .46 .46 .46 .46 .63 .63 .63 .63
100 00002 00002 00000 00002 .46 .46 .46 .46 .63 .63 .63 .63
101 00002 00002 00000 00002 .46 .46 .46 .46 .63 .63 .63 .63
102 00002 00002 00000 00002 .46 .46 .46 .46 .63 .63 .63 .63
103 00002 00002 00000 00002 .46 .46 .46 .46 .63 .63 .63 .63
104 00002 00002 00000 00002 .46 .46 .46 .46 .63 .63 .63 .63
105 00002 00002 00000 00002 .46 .46 .46 .46 .63 .63 .63 .63
106 00002 00002 00000 00002 .46 .46 .46 .46 .63 .63 .63 .63
107 00002 00002 00000 00002 .46 .46 .46 .46 .63 .63 .63 .63
108 00002 00002 00000 00002 .46 .46 .46 .46 .63 .63 .63 .63
109 00002 00002 00000 00002 .46 .46 .46 .46 .63 .63 .63 .63
110 00022 00022 00000 00022 .36 .36 .36 .36 .55 .55 .55 .55
111 00022 00022 00000 00022 .36 .36 .36 .36 .55 .55 .55 .55
112 00022 00022 00000 00022 .36 .36 .36 .36 .55 .55 .55 .55
113 00022 00022 00000 00022 .36 .36 .36 .36 .55 .55 .55 .55
114 00022 00022 00000 00022 .36 .36 .36 .36 .55 .55 .55 .55
115 00022 00022 00000 00022 .36 .36 .36 .36 .55 .55 .55 .55
116 00022 00022 00000 00022 .36 .36 .36 .36 .55 .55 .55 .55
117 00022 00022 00000 00022 .36 .36 .36 .36 .55 .55 .55 .55
118 00022 00022 00000 00022 .36 .36 .36 .36 .55 .55 .55 .55
119 00022 00022 00000 00022 .36 .36 .36 .36 .55 .55 .55 .55
120 00002 00002 00000 00002 .46 .46 .46 .46 .63 .63 .63 .63
121 00002 00002 00000 00002 .46 .46 .46 .46 .63 .63 .63 .63
122 00002 00002 00000 00002 .46 .46 .46 .46 .63 .63 .63 .63
123 00002 00002 00000 00002 .46 .46 .46 .46 .63 .63 .63 .63
124 00002 00002 00000 00002 .46 .46 .46 .46 .63 .63 .63 .63
125 00002 00002 00000 00002 .46 .46 .46 .46 .63 .63 .63 .63
126 00002 00002 00000 00002 .46 .46 .46 .46 .63 .63 .63 .63
127 00002 00002 00000 00002 .46 .46 .46 .46 .63 .63 .63 .63
128 00002 00002 00000 00002 .46 .46 .46 .46 .63 .63 .63 .63
129 00002 00002 00000 00002 .46 .46 .46 .46 .63 .63 .63 .63
130 00002 00002 00020 00002 .22 .22 .22 .22 .41 .41 .41 .41
131 00002 00002 00020 00002 .22 .22 .22 .22 .41 .41 .41 .41
132 00002 00002 00020 00002 .22 .22 .22 .22 .41 .41 .41 .41
133 00002 00002 00020 00002 .22 .22 .22 .22 .41 .41 .41 .41
134 00002 00002 00020 00002 .22 .22 .22 .22 .41 .41 .41 .41
135 00002 00002 00020 00002 .22 .22 .22 .22 .41 .41 .41 .41
136 00002 00002 00020 00002 .22 .22 .22 .22 .41 .41 .41 .41
137 00002 00002 00020 00002 .22 .22 .22 .22 .41 .41 .41 .41
138 00002 00002 00020 00002 .22 .22 .22 .22 .41 .41 .41 .41
139 00002 00002 00020 00002 .22 .22 .22 .22 .41 .41 .41 .41
140 00022 00022 00020 00022 .72 .72 .72 .72 .79 .79 .79 .79
141 00022 00022 00020 00022 .72 .72 .72 .72 .79 .79 .79 .79
142 00022 00022 00020 00022 .72 .72 .72 .72 .79 .79 .79 .79
143 00022 00022 00020 00022 .72 .72 .72 .72 .79 .79 .79 .79
144 00022 00022 00020 00022 .72 .72 .72 .72 .79 .79 .79 .79
145 00022 00022 00020 00022 .72 .72 .72 .72 .79 .79 .79 .79
146 00022 00022 00020 00022 .72 .72 .72 .72 .79 .79 .79 .79
147 00022 00022 00020 00022 .72 .72 .72 .72 .79 .79 .79 .79
148 00022 00022 00020 00022 .72 .72 .72 .72 .79 .79 .79 .79
149 00022 00022 00020 00022 .72 .72 .72 .72 .79 .79 .79 .79
150 00202 00202 00020 00202 .16 .16 .16 .16 .37 .37 .37 .37
151 00202 00202 00020 00202 .16 .16 .16 .16 .37 .37 .37 .37
152 00202 00202 00020 00202 .16 .16 .16 .16 .37 .37 .37 .37
153 00202 00202 00020 00202 .16 .16 .16 .16 .37 .37 .37 .37
154 00202 00202 00020 00202 .16 .16 .16 .16 .37 .37 .37 .37
155 00202 00202 00020 00202 .16 .16 .16 .16 .37 .37 .37 .37
156 00202 00202 00020 00202 .16 .16 .16 .16 .37 .37 .37 .37
157 00202 00202 00020 00202 .16 .16 .16 .16 .37 .37 .37 .37
158 00202 00202 00020 00202 .16 .16 .16 .16 .37 .37 .37 .37
159 00202 00202 00020 00202 .16 .16 .16 .16 .37 .37 .37 .37
160 00202 00202 00020 00202 .16 .16 .16 .16 .37 .37 .37 .37
161 00202 00202 00200 00202 .72 .72 .72 .72 .79 .79 .79 .79
162 00202 00202 00200 00202 .72 .72 .72 .72 .79 .79 .79 .79
163 00202 00202 00200 00202 .72 .72 .72 .72 .79 .79 .79 .79
164 00202 00202 00200 00202 .72 .72 .72 .72 .79 .79 .79 .79
165 00202 00202 00200 00202 .72 .72 .72 .72 .79 .79 .79 .79
166 00202 00202 00200 00202 .72 .72 .72 .72 .79 .79 .79 .79
167 00202 00202 00200 00202 .72 .72 .72 .72 .79 .79 .79 .79
168 00202 00202 00200 00202 .72 .72 .72 .72 .79 .79 .79 .79
169 00202 00202 00200 00202 .72 .72 .72 .72 .79 .79 .79 .79
170 00200 00200 00200 00200 1.00 1.00 1.00 1.00 1.00 1.00 1.00 1.00
171 00200 00200 00200 00200 1.00 1.00 1.00 1.00 1.00 1.00 1.00 1.00
172 00200 00200 00200 00200 1.00 1.00 1.00 1.00 1.00 1.00 1.00 1.00
173 00200 00200 00200 00200 1.00 1.00 1.00 1.00 1.00 1.00 1.00 1.00
174 00200 00200 00200 00200 1.00 1.00 1.00 1.00 1.00 1.00 1.00 1.00
175 00200 00200 00200 00200 1.00 1.00 1.00 1.00 1.00 1.00 1.00 1.00
176 00200 00200 00200 00200 1.00 1.00 1.00 1.00 1.00 1.00 1.00 1.00
177 00200 00200 00200 00200 1.00 1.00 1.00 1.00 1.00 1.00 1.00 1.00
178 00200 00200 00200 00200 1.00 1.00 1.00 1.00 1.00 1.00 1.00 1.00
179 00200 00200 00200 00200 1.00 1.00 1.00 1.00 1.00 1.00 1.00 1.00
180 00200 00200 00200 00200 1.00 1.00 1.00 1.00 1.00 1.00 1.00 1.00
181 00200 00200 00200 00200 1.00 1.00 1.00 1.00 1.00 1.00 1.00 1.00
182 00200 00200 00200 00200 1.00 1.00 1.00 1.00 1.00 1.00 1.00 1.00
183 00200 00200 00200 00200 1.00 1.00 1.00 1.00 1.00 1.00 1.00 1.00
184 00200 00200 00200 00200 1.00 1.00 1.00 1.00 1.00 1.00 1.00 1.00
185 00200 00200 00200 00200 1.00 1.00 1.00 1.00 1.00 1.00 1.00 1.00
186 00200 00200 00200 00200 1.00 1.00 1.00 1.00 1.00 1.00 1.00 1.00
187 00200 00200 00200 00200 1.00 1.00 1.00 1.00 1.00 1.00 1.00 1.00
188 00200 00200 00200 00200 1.00 1.00 1.00 1.00 1.00 1.00 1.00 1.00
189 00200 00200 00200 00200 1.00 1.00 1.00 1.00 1.00 1.00 1.00 1.00
190 00200 00200 00200 00200 1.00 1.00 1.00 1.00 1.00 1.00 1.00 1.00
191 00200 00200 00200 00200 1.00 1.00 1.00 1.00 1.00 1.00 1.00 1.00
192 00200 00200 00200 00200 1.00 1.00 1.00 1.00 1.00 1.00 1.00 1.00
193 00200 00200 00200 00200 1.00 1.00 1.00 1.00 1.00 1.00 1.00 1.00
194 00200 00200 00200 00200 1.00 1.00 1.00 1.00 1.00 1.00 1.00 1.00
195 00200 00200 00200 00200 1.00 1.00 1.00 1.00 1.00 1.00 1.00 1.00
196 00200 00200 00200 00200 1.00 1.00 1.00 1.00 1.00 1.00 1.00 1.00
197 00200 00200 00000 00200 .46 .46 .46 .46 .63 .63 .63 .63
198 00200 00200 00000 00200 .46 .46 .46 .46 .63 .63 .63 .63
199 00200 00200 00000 00200 .46 .46 .46 .46 .63 .63 .63 .63
200 00200 00200 00000 00200 .46 .46 .46 .46 .63 .63 .63 .63
201 00200 00200 00000 00200 .46 .46 .46 .46 .63 .63 .63 .63
202 00200 00200 00000 00200 .46 .46 .46 .46 .63 .63 .63 .63
203 00200 00200 00000 00200 .46 .46 .46 .46 .63 .63 .63 .63
204 00200 00200 00000 00200 .46 .46 .46 .46 .63 .63 .63 .63
205 00200 00200 00000 00200 .46 .46 .46 .46 .63 .63 .63 .63
206 00200 00200 00000 00200 .46 .46 .46 .46 .63 .63 .63 .63
207 00200 00200 00000 00200 .46 .46 .46 .46 .63 .63 .63 .63
208 00200 00200 00000 00200 .46 .46 .46 .46 .63 .63 .63 .63
209 00200 00200 00000 00200 .46 .46 .46 .46 .63 .63 .63 .63
210 00200 00200 00000 00200 .46 .46 .46 .46 .63 .63 .63 .63
211 00200 00200 00000 00200 .46 .46 .46 .46 .63 .63 .63 .63
212 00200 00200 00000 00200 .46 .46 .46 .46 .63 .63 .63 .63
213 00200 00200 00000 00200 .46 .46 .46 .46 .63 .63 .63 .63
214 00200 00200 00000 00200 .46 .46 .46 .46 .63 .63 .63 .63
215 00200 00200 00000 00200 .46 .46 .46 .46 .63 .63 .63 .63
216 00200 00200 00000 00200 .46 .46 .46 .46 .63 .63 .63 .63
217 00200 00200 00000 00200 .46 .46 .46 .46 .63 .63 .63 .63
218 00200 00200 00000 00200 .46 .46 .46 .46 .63 .63 .63 .63
219 00200 00200 00000 00200 .46 .46 .46 .46 .63 .63 .63 .63
220 00200 00200 00000 00200 .46 .46 .46 .46 .63 .63 .63 .63
221 00200 00200 00000 00200 .46 .46 .46 .46 .63 .63 .63 .63
222 00200 00200 00000 00200 .46 .46 .46 .46 .63 .63 .63 .63
223 00200 00200 00000 00200 .46 .46 .46 .46 .63 .63 .63 .63
224 00200 00200 00000 00200 .46 .46 .46 .46 .63 .63 .63 .63
225 00200 00200 00000 00200 .46 .46 .46 .46 .63 .63 .63 .63
226 00200 00200 00000 00200 .46 .46 .46 .46 .63 .63 .63 .63
227 00200 00200 00000 00200 .46 .46 .46 .46 .63 .63 .63 .63
228 00200 00200 00000 00200 .46 .46 .46 .46 .63 .63 .63 .63
229 00200 00200 00000 00200 .46 .46 .46 .46 .63 .63 .63 .63
230 00200 00200 00000 00200 .46 .46 .46 .46 .63 .63 .63 .63
231 00200 00200 00000 00200 .46 .46 .46 .46 .63 .63 .63 .63
232 00200 00200 00000 00200 .46 .46 .46 .46 .63 .63 .63 .63
233 00200 00200 00000 00200 .46 .46 .46 .46 .63 .63 .63 .63
234 00200 00200 00000 00200 .46 .46 .46 .46 .63 .63 .63 .63
235 00200 00200 00000 00200 .46 .46 .46 .46 .63 .63 .63 .63
236 00200 00200 00000 00200 .46 .46 .46 .46 .63 .63 .63 .63
237 00200 00200 00000 00200 .46 .46 .46 .46 .63 .63 .63 .63
238 00200 00200 00000 00200 .46 .46 .46 .46 .63 .63 .63 .63
239 00200 00200 00000 00200 .46 .46 .46 .46 .63 .63 .63 .63
240 00200 00200 00000 00200 .46 .46 .46 .46 .63 .63 .63 .63
241 00200 00200 00000 00200 .46 .46 .46 .46 .63 .63 .63 .63
242 00200 00200 02000 00200 .22 .22 .22 .22 .41 .41 .41 .41
243 00200 00200 02000 00200 .22 .22 .22 .22 .41 .41 .41 .41
244 00200 00200 02000 00200 .22 .22 .22 .22 .41 .41 .41 .41
245 00200 00200 02000 00200 .22 .22 .22 .22 .41 .41 .41 .41
246 00200 00200 02000 00200 .22 .22 .22 .22 .41 .41 .41 .41
247 00200 00200 02000 00200 .22 .22 .22 .22 .41 .41 .41 .41
248 00200 00200 02000 00200 .22 .22 .22 .22 .41 .41 .41 .41
249 00200 00200 02000 00200 .22 .22 .22 .22 .41 .41 .41 .41
250 02200 02200 02000 02200 .72 .72 .72 .72 .79 .79 .79 .79
251 02200 02200 02000 02200 .72 .72 .72 .72 .79 .79 .79 .79
252 02200 02200 02000 02200 .72 .72 .72 .72 .79 .79 .79 .79
253 02200 02200 02000 02200 .72 .72 .72 .72 .79 .79 .79 .79
254 02200 02200 02000 02200 .72 .72 .72 .72 .79 .79 .79 .79
255 02200 02200 02000 02200 .72 .72 .72 .72 .79 .79 .79 .79
256 02200 02200 02000 02200 .72 .72 .72 .72 .79 .79 .79 .79
257 02200 02200 20000 02200 .16 .16 .16 .16 .37 .37 .37 .37
258 02200 02200 20000 02200 .16 .16 .16 .16 .37 .37 .37 .37
259 02200 02200 20000 02200 .16 .16 .16 .16 .37 .37 .37 .37
260 20200 20200 20000 20200 .72 .72 .72 .72 .79 .79 .79 .79
261 20200 20200 20000 20200 .72 .72 .72 .72 .79 .79 .79 .79
262 20200 20200 20000 20200 .72 .72 .72 .72 .79 .79 .79 .79
263 20200 20200 20000 20200 .72 .72 .72 .72 .79 .79 .79 .79
264 20200 20200 20000 20200 .72 .72 .72 .72 .79 .79 .79 .79
265 20200 20200 20000 20200 .72 .72 .72 .72 .79 .79 .79 .79
266 20200 20200 20000 20200 .72 .72 .72 .72 .79 .79 .79 .79
267 20200 20200 20000 20200 .72 .72 .72 .72 .79 .79 .79 .79
268 20200 20200 20000 20200 .72 .72 .72 .72 .79 .79 .79 .79
269 20200 20200 20000 20200 .72 .72 .72 .72 .79 .79 .79 .79
270 20000 20000 20000 20000 1.00 1.00 1.00 1.00 1.00 1.00 1.00 1.00
271 20000 20000 20000 20000 1.00 1.00 1.00 1.00 1.00 1.00 1.00 1.00
272 20000 20000 20000 20000 1.00 1.00 1.00 1.00 1.00 1.00 1.00 1.00
273 20000 20000 20000 20000 1.00 1.00 1.00 1.00 1.00 1.00 1.00 1.00
274 20000 20000 20000 20000 1.00 1.00 1.00 1.00 1.00 1.00 1.00 1.00
275 20000 20000 20000 20000 1.00 1.00 1.00 1.00 1.00 1.00 1.00 1.00
276 20000 20000 20000 20000 1.00 1.00 1.00 1.00 1.00 1.00 1.00 1.00
277 20000 20000 20000 20000 1.00 1.00 1.00 1.00 1.00 1.00 1.00 1.00
278 20000 20000 20000 20000 1.00 1.00 1.00 1.00 1.00 1.00 1.00 1.00
279 20000 20000 20000 20000 1.00 1.00 1.00 1.00 1.00 1.00 1.00 1.00
280 20000 20000 20000 20000 1.00 1.00 1.00 1.00 1.00 1.00 1.00 1.00
281 20000 20000 20000 20000 1.00 1.00 1.00 1.00 1.00 1.00 1.00 1.00
