0 00002 00002 00000 00002 .46 .46 .46 .46 .63 .63 .63 .63
1 00002 00002 00000 00002 .46 .46 .46 .46 .63 .63 .63 .63
2 00002 00002 00000 00002 .46 .46 .46 .46 .63 .63 .63 .63
3 00002 00002 00000 00002 .46 .46 .46 .46 .63 .63 .63 .63
4 00002 00002 00000 00002 .46 .46 .46 .46 .63 .63 .63 .63
5 00002 00002 00000 00002 .46 .46 .46 .46 .63 .63 .63 .63
6 00002 00002 00000 00002 .46 .46 .46 .46 .63 .63 .63 .63
7 00002 00002 00000 00002 .46 .46 .46 .46 .63 .63 .63 .63
8 00002 00002 00000 00002 .46 .46 .46 .46 .63 .63 .63 .63
9 00002 00002 00000 00002 .46 .46 .46 .46 .63 .63 .63 .63
10 00002 00002 00000 00002 .46 .46 .46 .46 .63 .63 .63 .63
11 00002 00002 00000 00002 .46 .46 .46 .46 .63 .63 .63 .63
12 00002 00002 00000 00002 .46 .46 .46 .46 .63 .63 .63 .63
13 00002 00002 00000 00002 .46 .46 .46 .46 .63 .63 .63 .63
14 00002 00002 00000 00002 .46 .46 .46 .46 .63 .63 .63 .63
15 00002 00002 00000 00002 .46 .46 .46 .46 .63 .63 .63 .63
16 00002 00002 00000 00002 .46 .46 .46 .46 .63 .63 .63 .63
17 00002 00002 00000 00002 .46 .46 .46 .46 .63 .63 .63 .63
18 00002 00002 00000 00002 .46 .46 .46 .46 .63 .63 .63 .63
19 00002 00002 00000 00002 .46 .46 .46 .46 .63 .63 .63 .63
20 00002 00002 00000 00002 .46 .46 .46 .46 .63 .63 .63 .63
21 00002 00002 00000 00002 .46 .46 .46 .46 .63 .63 .63 .63
22 00002 00002 00000 00002 .46 .46 .46 .46 .63 .63 .63 .63
23 00002 00002 00000 00002 .46 .46 .46 .46 .63 .63 .63 .63
24 00002 00002 00000 00002 .46 .46 .46 .46 .63 .63 .63 .63
25 00002 00002 00000 00002 .46 .46 .46 .46 .63 .63 .63 .63
26 00002 00002 00000 00002 .46 .46 .46 .46 .63 .63 .63 .63
27 00002 00002 00000 00002 .46 .46 .46 .46 .63 .63 .63 .63
28 00002 00002 00000 00002 .46 .46 .46 .46 .63 .63 .63 .63
29 00002 00002 00000 00002 .46 .46 .46 .46 .63 .63 .63 .63
30 00002 00002 00000 00002 .46 .46 .46 .46 .63 .63 .63 .63
31 00002 00002 00020 00002 .22 .22 .22 .22 .41 .41 .41 .41
32 00002 00002 00020 00002 .22 .22 .22 .22 .41 .41 .41 .41
33 00002 00002 00020 00002 .22 .22 .22 .22 .41 .41 .41 .41
34 00002 00002 00020 00002 .22 .22 .22 .22 .41 .41 .41 .41
35 00002 00002 00020 00002 .22 .22 .22 .22 .41 .41 .41 .41
36 00002 00002 00020 00002 .22 .22 .22 .22 .41 .41 .41 .41
37 00002 00002 00020 00002 .22 .22 .22 .22 .41 .41 .41 .41
38 00002 00002 00020 00002 .22 .22 .22 .22 .41 .41 .41 .41
39 00002 00002 00020 00002 .22 .22 .22 .22 .41 .41 .41 .41
40 00002 00002 00020 00002 .22 .22 .22 .22 .41 .41 .41 .41
41 00002 00002 00020 00002 .22 .22 .22 .22 .41 .41 .41 .41
42 00002 00002 00020 00002 .22 .22 .22 .22 .41 .41 .41 .41
43 00002 00002 00020 00002 .22 .22 .22 .22 .41 .41 .41 .41
44 00002 00002 00020 00002 .22 .22 .22 .22 .41 .41 .41 .41
45 00002 00002 00020 00002 .22 .22 .22 .22 .41 .41 .41 .41
46 00002 00002 00020 00002 .22 .22 .22 .22 .41 .41 .41 .41
47 00002 00002 00020 00002 .22 .22 .22 .22 .41 .41 .41 .41
48 00002 00002 00020 00002 .22 .22 .22 .22 .41 .41 .41 .41
49 00002 00002 00020 00002 .22 .22 .22 .22 .41 .41 .41 .41
50 00002 00002 00020 00002 .22 .22 .22 .22 .41 .41 .41 .41
51 00002 00002 00020 00002 .22 .22 .22 .22 .41 .41 .41 .41
52 00002 00002 00020 00002 .22 .22 .22 .22 .41 .41 .41 .41
53 00002 00002 00020 00002 .22 .22 .22 .22 .41 .41 .41 .41
54 00002 00002 00020 00002 .22 .22 .22 .22 .41 .41 .41 .41
55 00002 00002 00020 00002 .22 .22 .22 .22 .41 .41 .41 .41
56 00002 00002 00020 00002 .22 .22 .22 .22 .41 .41 .41 .41
57 00002 00002 00020 00002 .22 .22 .22 .22 .41 .41 .41 .41
58 00002 00002 00020 00002 .22 .22 .22 .22 .41 .41 .41 .41
59 00002 00002 00020 00002 .22 .22 .22 .22 .41 .41 .41 .41
60 00002 00002 00020 00002 .22 .22 .22 .22 .41 .41 .41 .41
61 00002 00002 00020 00002 .22 .22 .22 .22 .41 .41 .41 .41
62 00002 00002 00020 00002 .22 .22 .22 .22 .41 .41 .41 .41
63 00002 00002 00020 00002 .22 .22 .22 .22 .41 .41 .41 .41
64 00002 00002 00020 00002 .22 .22 .22 .22 .41 .41 .41 .41
65 00002 00002 00020 00002 .22 .22 .22 .22 .41 .41 .41 .41
66 00002 00002 00020 00002 .22 .22 .22 .22 .41 .41 .41 .41
67 00002 00002 00020 00002 .22 .22 .22 .22 .41 .41 .41 .41
68 00002 00002 00020 00002 .22 .22 .22 .22 .41 .41 .41 .41
69 00002 00002 00020 00002 .22 .22 .22 .22 .41 .41 .41 .41
70 00022 00022 00020 00022 .72 .72 .72 .72 .79 .79 .79 .79
71 00022 00022 00020 00022 .72 .72 .72 .72 .79 .79 .79 .79
72 00022 00022 00020 00022 .72 .72 .72 .72 .79 .79 .79 .79
73 00022 00022 00020 00022 .72 .72 .72 .72 .79 .79 .79 .79
74 00022 00022 00020 00022 .72 .72 .72 .72 .79 .79 .79 .79
75 00022 00022 00020 00022 .72 .72 .72 .72 .79 .79 .79 .79
76 00022 00022 00020 00022 .72 .72 .72 .72 .79 .79 .79 .79
77 00022 00022 00020 00022 .72 .72 .72 .72 .79 .79 .79 .79
78 00022 00022 00020 00022 .72 .72 .72 .72 .79 .79 .79 .79
79 00022 00022 00020 00022 .72 .72 .72 .72 .79 .79 .79 .79
80 00202 00202 00020 00202 .16 .16 .16 .16 .37 .37 .37 .37
81 00202 00202 00020 00202 .16 .16 .16 .16 .37 .37 .37 .37
82 00202 00202 00020 00202 .16 .16 .16 .16 .37 .37 .37 .37
83 00202 00202 00020 00202 .16 .16 .16 .16 .37 .37 .37 .37
84 00202 00202 00020 00202 .16 .16 .16 .16 .37 .37 .37 .37
85 00202 00202 00020 00202 .16 .16 .16 .16 .37 .37 .37 .37
86 00202 00202 00020 00202 .16 .16 .16 .16 .37 .37 .37 .37
87 00202 00202 00020 00202 .16 .16 .16 .16 .37 .37 .37 .37
88 00202 00202 00020 00202 .16 .16 .16 .16 .37 .37 .37 .37
89 00202 00202 00020 00202 .16 .16 .16 .16 .37 .37 .37 .37
90 00200 00200 00020 00200 .22 .22 .22 .22 .41 .41 .41 .41
91 00200 00200 00020 00200 .22 .22 .22 .22 .41 .41 .41 .41
92 00200 00200 00020 00200 .22 .22 .22 .22 .41 .41 .41 .41
93 00200 00200 00020 00200 .22 .22 .22 .22 .41 .41 .41 .41
94 00200 00200 00020 00200 .22 .22 .22 .22 .41 .41 .41 .41
95 00200 00200 00020 00200 .22 .22 .22 .22 .41 .41 .41 .41
96 00200 00200 00020 00200 .22 .22 .22 .22 .41 .41 .41 .41
97 00200 00200 00020 00200 .22 .22 .22 .22 .41 .41 .41 .41
98 00200 00200 00020 00200 .22 .22 .22 .22 .41 .41 .41 .41
99 00200 00200 00020 00200 .22 .22 .22 .22 .41 .41 .41 .41
100 00200 00200 00020 00200 .22 .22 .22 .22 .41 .41 .41 .41
101 00200 00200 00020 00200 .22 .22 .22 .22 .41 .41 .41 .41
102 00200 00200 00020 00200 .22 .22 .22 .22 .41 .41 .41 .41
103 00200 00200 00020 00200 .22 .22 .22 .22 .41 .41 .41 .41
104 00200 00200 00020 00200 .22 .22 .22 .22 .41 .41 .41 .41
105 00200 00200 00020 00200 .22 .22 .22 .22 .41 .41 .41 .41
106 00200 00200 00020 00200 .22 .22 .22 .22 .41 .41 .41 .41
107 00200 00200 00020 00200 .22 .22 .22 .22 .41 .41 .41 .41
108 00200 00200 00020 00200 .22 .22 .22 .22 .41 .41 .41 .41
109 00200 00200 00020 00200 .22 .22 .22 .22 .41 .41 .41 .41
110 00200 00200 00020 00200 .22 .22 .22 .22 .41 .41 .41 .41
111 00200 00200 00020 00200 .22 .22 .22 .22 .41 .41 .41 .41
112 00200 00200 00020 00200 .22 .22 .22 .22 .41 .41 .41 .41
113 00200 00200 00020 00200 .22 .22 .22 .22 .41 .41 .41 .41
114 00200 00200 00020 00200 .22 .22 .22 .22 .41 .41 .41 .41
115 00200 00200 00020 00200 .22 .22 .22 .22 .41 .41 .41 .41
116 00200 00200 00020 00200 .22 .22 .22 .22 .41 .41 .41 .41
117 00200 00200 00020 00200 .22 .22 .22 .22 .41 .41 .41 .41
118 00200 00200 00020 00200 .22 .22 .22 .22 .41 .41 .41 .41
119 00200 00200 00020 00200 .22 .22 .22 .22 .41 .41 .41 .41
120 00200 00200 00020 00200 .22 .22 .22 .22 .41 .41 .41 .41
121 00200 00200 00020 00200 .22 .22 .22 .22 .41 .41 .41 .41
122 00200 00200 00020 00200 .22 .22 .22 .22 .41 .41 .41 .41
123 00200 00200 00020 00200 .22 .22 .22 .22 .41 .41 .41 .41
124 00200 00200 00020 00200 .22 .22 .22 .22 .41 .41 .41 .41
125 00200 00200 00020 00200 .22 .22 .22 .22 .41 .41 .41 .41
126 00200 00200 00020 00200 .22 .22 .22 .22 .41 .41 .41 .41
127 00200 00200 00020 00200 .22 .22 .22 .22 .41 .41 .41 .41
128 00200 00200 00020 00200 .22 .22 .22 .22 .41 .41 .41 .41
129 00200 00200 00020 00200 .22 .22 .22 .22 .41 .41 .41 .41
130 00200 00200 00020 00200 .22 .22 .22 .22 .41 .41 .41 .41
131 00200 00200 00020 00200 .22 .22 .22 .22 .41 .41 .41 .41
132 00200 00200 00020 00200 .22 .22 .22 .22 .41 .41 .41 .41
133 00200 00200 00020 00200 .22 .22 .22 .22 .41 .41 .41 .41
134 00200 00200 00020 00200 .22 .22 .22 .22 .41 .41 .41 .41
135 00200 00200 00020 00200 .22 .22 .22 .22 .41 .41 .41 .41
136 00200 00200 00020 00200 .22 .22 .22 .22 .41 .41 .41 .41
137 00200 00200 00020 00200 .22 .22 .22 .22 .41 .41 .41 .41
138 00200 00200 00020 00200 .22 .22 .22 .22 .41 .41 .41 .41
139 00200 00200 00020 00200 .22 .22 .22 .22 .41 .41 .41 .41
140 00200 00200 00020 00200 .22 .22 .22 .22 .41 .41 .41 .41
141 00200 00200 00020 00200 .22 .22 .22 .22 .41 .41 .41 .41
142 00200 00200 00020 00200 .22 .22 .22 .22 .41 .41 .41 .41
143 00200 00200 00020 00200 .22 .22 .22 .22 .41 .41 .41 .41
144 00200 00200 00020 00200 .22 .22 .22 .22 .41 .41 .41 .41
145 00200 00200 00020 00200 .22 .22 .22 .22 .41 .41 .41 .41
146 00200 00200 00020 00200 .22 .22 .22 .22 .41 .41 .41 .41
147 00200 00200 00020 00200 .22 .22 .22 .22 .41 .41 .41 .41
148 00200 00200 00020 00200 .22 .22 .22 .22 .41 .41 .41 .41
149 00200 00200 00020 00200 .22 .22 .22 .22 .41 .41 .41 .41
150 00200 00200 00020 00200 .22 .22 .22 .22 .41 .41 .41 .41
151 00200 00200 00200 00200 1.00 1.00 1.00 1.00 1.00 1.00 1.00 1.00
152 00200 00200 00200 00200 1.00 1.00 1.00 1.00 1.00 1.00 1.00 1.00
153 00200 00200 00200 00200 1.00 1.00 1.00 1.00 1.00 1.00 1.00 1.00
154 00200 00200 00200 00200 1.00 1.00 1.00 1.00 1.00 1.00 1.00 1.00
155 00200 00200 00200 00200 1.00 1.00 1.00 1.00 1.00 1.00 1.00 1.00
156 00200 00200 00200 00200 1.00 1.00 1.00 1.00 1.00 1.00 1.00 1.00
157 00200 00200 00200 00200 1.00 1.00 1.00 1.00 1.00 1.00 1.00 1.00
158 00200 00200 00200 00200 1.00 1.00 1.00 1.00 1.00 1.00 1.00 1.00
159 00200 00200 00200 00200 1.00 1.00 1.00 1.00 1.00 1.00 1.00 1.00
160 00200 00200 00200 00200 1.00 1.00 1.00 1.00 1.00 1.00 1.00 1.00
161 00200 00200 00200 00200 1.00 1.00 1.00 1.00 1.00 1.00 1.00 1.00
162 00200 00200 00200 00200 1.00 1.00 1.00 1.00 1.00 1.00 1.00 1.00
163 00200 00200 00200 00200 1.00 1.00 1.00 1.00 1.00 1.00 1.00 1.00
164 00200 00200 00200 00200 1.00 1.00 1.00 1.00 1.00 1.00 1.00 1.00
165 00200 00200 00200 00200 1.00 1.00 1.00 1.00 1.00 1.00 1.00 1.00
166 00200 00200 02020 00200 .05 .05 .05 .05 .24 .24 .24 .24
167 00200 00200 02020 00200 .05 .05 .05 .05 .24 .24 .24 .24
168 00200 00200 02020 00200 .05 .05 .05 .05 .24 .24 .24 .24
169 00200 00200 02020 00200 .05 .05 .05 .05 .24 .24 .24 .24
170 00200 00200 02020 00200 .05 .05 .05 .05 .24 .24 .24 .24
171 00200 00200 02020 00200 .05 .05 .05 .05 .24 .24 .24 .24
172 00200 00200 02020 00200 .05 .05 .05 .05 .24 .24 .24 .24
173 00200 00200 02020 00200 .05 .05 .05 .05 .24 .24 .24 .24
174 00200 00200 02020 00200 .05 .05 .05 .05 .24 .24 .24 .24
175 00200 00200 02020 00200 .05 .05 .05 .05 .24 .24 .24 .24
176 00200 00200 02020 00200 .05 .05 .05 .05 .24 .24 .24 .24
177 00200 00200 02020 00200 .05 .05 .05 .05 .24 .24 .24 .24
178 00200 00200 02020 00200 .05 .05 .05 .05 .24 .24 .24 .24
179 00200 00200 02020 00200 .05 .05 .05 .05 .24 .24 .24 .24
180 00200 00200 02020 00200 .05 .05 .05 .05 .24 .24 .24 .24
181 00200 00200 02020 00200 .05 .05 .05 .05 .24 .24 .24 .24
182 00200 00200 02020 00200 .05 .05 .05 .05 .24 .24 .24 .24
183 00200 00200 02020 00200 .05 .05 .05 .05 .24 .24 .24 .24
184 00200 00200 02020 00200 .05 .05 .05 .05 .24 .24 .24 .24
185 00200 00200 02020 00200 .05 .05 .05 .05 .24 .24 .24 .24
186 00200 00200 02020 00200 .05 .05 .05 .05 .24 .24 .24 .24
187 00200 00200 02020 00200 .05 .05 .05 .05 .24 .24 .24 .24
188 00200 00200 02020 00200 .05 .05 .05 .05 .24 .24 .24 .24
189 00200 00200 02020 00200 .05 .05 .05 .05 .24 .24 .24 .24
190 02200 00200 02020 02200 .16 .16 .16 .16 .37 .37 .37 .37
191 02200 00200 02020 02200 .16 .16 .16 .16 .37 .37 .37 .37
192 02200 00200 02020 02200 .16 .16 .16 .16 .37 .37 .37 .37
193 02200 00200 02020 02200 .16 .16 .16 .16 .37 .37 .37 .37
194 02200 00200 02020 02200 .16 .16 .16 .16 .37 .37 .37 .37
195 02200 00200 02020 02200 .16 .16 .16 .16 .37 .37 .37 .37
196 02200 00200 02020 02200 .16 .16 .16 .16 .37 .37 .37 .37
197 02200 00200 02020 02200 .16 .16 .16 .16 .37 .37 .37 .37
198 02200 00200 02020 02200 .16 .16 .16 .16 .37 .37 .37 .37
199 02200 00200 02020 02200 .16 .16 .16 .16 .37 .37 .37 .37
200 20200 20200 02020 20200 -0.04 -0.04 -0.04 -0.04 .21 .21 .21 .21
201 20200 20200 02020 20200 -0.04 -0.04 -0.04 -0.04 .21 .21 .21 .21
202 20200 20200 02020 20200 -0.04 -0.04 -0.04 -0.04 .21 .21 .21 .21
203 20200 20200 02020 20200 -0.04 -0.04 -0.04 -0.04 .21 .21 .21 .21
204 20200 20200 02020 20200 -0.04 -0.04 -0.04 -0.04 .21 .21 .21 .21
205 20200 20200 02020 20200 -0.04 -0.04 -0.04 -0.04 .21 .21 .21 .21
206 20200 20200 02020 20200 -0.04 -0.04 -0.04 -0.04 .21 .21 .21 .21
207 20200 20200 02020 20200 -0.04 -0.04 -0.04 -0.04 .21 .21 .21 .21
208 20200 20200 02020 20200 -0.04 -0.04 -0.04 -0.04 .21 .21 .21 .21
209 20200 20200 00020 20200 .16 .16 .16 .16 .37 .37 .37 .37
210 20020 20000 00020 20020 .36 .36 .36 .36 .55 .55 .55 .55
211 20020 20000 00020 20020 .36 .36 .36 .36 .55 .55 .55 .55
212 20020 20000 00020 20020 .36 .36 .36 .36 .55 .55 .55 .55
213 20020 20000 00020 20020 .36 .36 .36 .36 .55 .55 .55 .55
214 20020 20000 00020 20020 .36 .36 .36 .36 .55 .55 .55 .55
215 20020 20000 00020 20020 .36 .36 .36 .36 .55 .55 .55 .55
216 20020 20000 00020 20020 .36 .36 .36 .36 .55 .55 .55 .55
217 20020 20000 00020 20020 .36 .36 .36 .36 .55 .55 .55 .55
218 20020 20000 00020 20020 .36 .36 .36 .36 .55 .55 .55 .55
219 20020 20000 00020 20020 .36 .36 .36 .36 .55 .55 .55 .55
220 20000 20000 00020 20000 .22 .22 .22 .22 .41 .41 .41 .41
221 20000 20000 00020 20000 .22 .22 .22 .22 .41 .41 .41 .41
222 20000 20000 00020 20000 .22 .22 .22 .22 .41 .41 .41 .41
223 20000 20000 00020 20000 .22 .22 .22 .22 .41 .41 .41 .41
224 20000 20000 00000 20000 .46 .46 .46 .46 .63 .63 .63 .63
225 20000 20000 00000 20000 .46 .46 .46 .46 .63 .63 .63 .63
226 20000 20000 00000 20000 .46 .46 .46 .46 .63 .63 .63 .63
227 20000 20000 00000 20000 .46 .46 .46 .46 .63 .63 .63 .63
228 20000 20000 00000 20000 .46 .46 .46 .46 .63 .63 .63 .63
229 20000 20000 00000 20000 .46 .46 .46 .46 .63 .63 .63 .63
230 20000 20000 00000 20000 .46 .46 .46 .46 .63 .63 .63 .63
231 20000 20000 00000 20000 .46 .46 .46 .46 .63 .63 .63 .63
232 20000 20000 00000 20000 .46 .46 .46 .46 .63 .63 .63 .63
233 20000 20000 00000 20000 .46 .46 .46 .46 .63 .63 .63 .63
234 20000 20000 00000 20000 .46 .46 .46 .46 .63 .63 .63 .63
235 20000 20000 00000 20000 .46 .46 .46 .46 .63 .63 .63 .63
236 20000 20000 00000 20000 .46 .46 .46 .46 .63 .63 .63 .63
237 20000 20000 00000 20000 .46 .46 .46 .46 .63 .63 .63 .63
238 20000 20000 00000 20000 .46 .46 .46 .46 .63 .63 .63 .63
239 20000 20000 00000 20000 .46 .46 .46 .46 .63 .63 .63 .63
240 20000 20000 00000 20000 .46 .46 .46 .46 .63 .63 .63 .63
241 20000 20000 00000 20000 .46 .46 .46 .46 .63 .63 .63 .63
242 20000 20000 00000 20000 .46 .46 .46 .46 .63 .63 .63 .63
243 20000 20000 00000 20000 .46 .46 .46 .46 .63 .63 .63 .63
244 20000 20000 00000 20000 .46 .46 .46 .46 .63 .63 .63 .63
245 20000 20000 00000 20000 .46 .46 .46 .46 .63 .63 .63 .63
246 20000 20000 00000 20000 .46 .46 .46 .46 .63 .63 .63 .63
247 20000 20000 00000 20000 .46 .46 .46 .46 .63 .63 .63 .63
248 20000 20000 00000 20000 .46 .46 .46 .46 .63 .63 .63 .63
249 20000 20000 00000 20000 .46 .46 .46 .46 .63 .63 .63 .63
250 20000 20000 00000 20000 .46 .46 .46 .46 .63 .63 .63 .63
251 20000 20000 00000 20000 .46 .46 .46 .46 .63 .63 .63 .63
252 20000 20000 00000 20000 .46 .46 .46 .46 .63 .63 .63 .63
253 20000 20000 00000 20000 .46 .46 .46 .46 .63 .63 .63 .63
254 20000 20000 00020 20000 .22 .22 .22 .22 .41 .41 .41 .41
255 20000 20000 00020 20000 .22 .22 .22 .22 .41 .41 .41 .41
256 20000 20000 00020 20000 .22 .22 .22 .22 .41 .41 .41 .41
257 20000 20000 00020 20000 .22 .22 .22 .22 .41 .41 .41 .41
258 20000 20000 00020 20000 .22 .22 .22 .22 .41 .41 .41 .41
259 20000 20000 00020 20000 .22 .22 .22 .22 .41 .41 .41 .41
260 20000 20000 00020 20000 .22 .22 .22 .22 .41 .41 .41 .41
261 20000 20000 00020 20000 .22 .22 .22 .22 .41 .41 .41 .41
262 20000 20000 00020 20000 .22 .22 .22 .22 .41 .41 .41 .41
263 20000 20000 00020 20000 .22 .22 .22 .22 .41 .41 .41 .41
264 20000 20000 00020 20000 .22 .22 .22 .22 .41 .41 .41 .41
265 20000 20000 00020 20000 .22 .22 .22 .22 .41 .41 .41 .41
266 20000 20000 00020 20000 .22 .22 .22 .22 .41 .41 .41 .41
267 20000 20000 00020 20000 .22 .22 .22 .22 .41 .41 .41 .41
268 20000 20000 00020 20000 .22 .22 .22 .22 .41 .41 .41 .41
269 20000 20000 00000 20000 .46 .46 .46 .46 .63 .63 .63 .63
270 20000 20000 00000 20000 .46 .46 .46 .46 .63 .63 .63 .63
271 20000 20000 00000 20000 .46 .46 .46 .46 .63 .63 .63 .63
272 20000 20000 00000 20000 .46 .46 .46 .46 .63 .63 .63 .63
273 20000 20000 00000 20000 .46 .46 .46 .46 .63 .63 .63 .63
274 20000 20000 00000 20000 .46 .46 .46 .46 .63 .63 .63 .63
275 20000 20000 00000 20000 .46 .46 .46 .46 .63 .63 .63 .63
276 20000 20000 00000 20000 .46 .46 .46 .46 .63 .63 .63 .63
277 20000 20000 00000 20000 .46 .46 .46 .46 .63 .63 .63 .63
278 20000 20000 00000 20000 .46 .46 .46 .46 .63 .63 .63 .63
279 20000 20000 00000 20000 .46 .46 .46 .46 .63 .63 .63 .63
280 20000 20000 00000 20000 .46 .46 .46 .46 .63 .63 .63 .63
281 20000 20000 00000 20000 .46 .46 .46 .46 .63 .63 .63 .63
282 20000 20000 00000 20000 .46 .46 .46 .46 .63 .63 .63 .63
283 20000 20000 00000 20000 .46 .46 .46 .46 .63 .63 .63 .63
284 20000 20000 00020 20000 .22 .22 .22 .22 .41 .41 .41 .41
285 20000 20000 00020 20000 .22 .22 .22 .22 .41 .41 .41 .41
286 20000 20000 00020 20000 .22 .22 .22 .22 .41 .41 .41 .41
287 20000 20000 00020 20000 .22 .22 .22 .22 .41 .41 .41 .41
288 20000 20000 00020 20000 .22 .22 .22 .22 .41 .41 .41 .41
289 20000 20000 00020 20000 .22 .22 .22 .22 .41 .41 .41 .41
290 20000 20000 00020 20000 .22 .22 .22 .22 .41 .41 .41 .41
291 20000 20000 00020 20000 .22 .22 .22 .22 .41 .41 .41 .41
292 20000 20000 00020 20000 .22 .22 .22 .22 .41 .41 .41 .41
293 20000 20000 00020 20000 .22 .22 .22 .22 .41 .41 .41 .41
294 20000 20000 00020 20000 .22 .22 .22 .22 .41 .41 .41 .41
295 20000 20000 00020 20000 .22 .22 .22 .22 .41 .41 .41 .41
296 20000 20000 00020 20000 .22 .22 .22 .22 .41 .41 .41 .41
297 20000 20000 00020 20000 .22 .22 .22 .22 .41 .41 .41 .41
298 20000 20000 00020 20000 .22 .22 .22 .22 .41 .41 .41 .41
299 20000 20000 20020 20000 .68 .68 .68 .68 .75 .75 .75 .75
300 20020 20000 20020 20020 .72 .72 .72 .72 .79 .79 .79 .79
301 20020 20000 20020 20020 .72 .72 .72 .72 .79 .79 .79 .79
302 20020 20000 20020 20020 .72 .72 .72 .72 .79 .79 .79 .79
303 20020 20000 20020 20020 .72 .72 .72 .72 .79 .79 .79 .79
304 20020 20000 20020 20020 .72 .72 .72 .72 .79 .79 .79 .79
305 20020 20000 20020 20020 .72 .72 .72 .72 .79 .79 .79 .79
306 20020 20000 20020 20020 .72 .72 .72 .72 .79 .79 .79 .79
307 20020 20000 20020 20020 .72 .72 .72 .72 .79 .79 .79 .79
308 20020 20000 20020 20020 .72 .72 .72 .72 .79 .79 .79 .79
309 20020 20000 20020 20020 .72 .72 .72 .72 .79 .79 .79 .79
310 20020 20000 20020 20020 .72 .72 .72 .72 .79 .79 .79 .79
311 20020 20000 20020 20020 .72 .72 .72 .72 .79 .79 .79 .79
312 20020 20000 20020 20020 .72 .72 .72 .72 .79 .79 .79 .79
313 20020 20000 20020 20020 .72 .72 .72 .72 .79 .79 .79 .79
314 20020 20000 20020 20020 .72 .72 .72 .72 .79 .79 .79 .79
315 20020 20000 20020 20020 .72 .72 .72 .72 .79 .79 .79 .79
316 20020 20000 20020 20020 .72 .72 .72 .72 .79 .79 .79 .79
317 20020 20000 20020 20020 .72 .72 .72 .72 .79 .79 .79 .79
318 20020 20000 20020 20020 .72 .72 .72 .72 .79 .79 .79 .79
319 20020 20000 20020 20020 .72 .72 .72 .72 .79 .79 .79 .79
320 20020 20000 20020 20020 .72 .72 .72 .72 .79 .79 .79 .79
321 20020 20000 20020 20020 .72 .72 .72 .72 .79 .79 .79 .79
322 20020 20000 20020 20020 .72 .72 .72 .72 .79 .79 .79 .79
323 20020 20000 20020 20020 .72 .72 .72 .72 .79 .79 .79 .79
324 20020 20000 20020 20020 .72 .72 .72 .72 .79 .79 .79 .79
325 20020 20000 20020 20020 .72 .72 .72 .72 .79 .79 .79 .79
326 20020 20000 20020 20020 .72 .72 .72 .72 .79 .79 .79 .79
327 20020 20000 20020 20020 .72 .72 .72 .72 .79 .79 .79 .79
328 20020 20000 20020 20020 .72 .72 .72 .72 .79 .79 .79 .79
329 20020 20000 20020 20020 .72 .72 .72 .72 .79 .79 .79 .79
330 20020 20000 20020 20020 .72 .72 .72 .72 .79 .79 .79 .79
331 20020 20000 20020 20020 .72 .72 .72 .72 .79 .79 .79 .79
332 20020 20000 20020 20020 .72 .72 .72 .72 .79 .79 .79 .79
333 20020 20000 20020 20020 .72 .72 .72 .72 .79 .79 .79 .79
334 20020 20000 20020 20020 .72 .72 .72 .72 .79 .79 .79 .79
335 20020 20000 20020 20020 .72 .72 .72 .72 .79 .79 .79 .79
336 20020 20000 20020 20020 .72 .72 .72 .72 .79 .79 .79 .79
337 20020 20000 20020 20020 .72 .72 .72 .72 .79 .79 .79 .79
338 20020 20000 20020 20020 .72 .72 .72 .72 .79 .79 .79 .79
339 20020 20000 20020 20020 .72 .72 .72 .72 .79 .79 .79 .79
340 20020 20000 20020 20020 .72 .72 .72 .72 .79 .79 .79 .79
341 20020 20000 20020 20020 .72 .72 .72 .72 .79 .79 .79 .79
342 20020 20000 20020 20020 .72 .72 .72 .72 .79 .79 .79 .79
343 20020 20000 20020 20020 .72 .72 .72 .72 .79 .79 .79 .79
344 20020 20000 20020 20020 .72 .72 .72 .72 .79 .79 .79 .79
345 20020 20000 20020 20020 .72 .72 .72 .72 .79 .79 .79 .79
346 20020 20000 20020 20020 .72 .72 .72 .72 .79 .79 .79 .79
347 20020 20000 20020 20020 .72 .72 .72 .72 .79 .79 .79 .79
348 20020 20000 20020 20020 .72 .72 .72 .72 .79 .79 .79 .79
349 20020 20000 20020 20020 .72 .72 .72 .72 .79 .79 .79 .79
350 20200 20000 20020 20000 .44 .44 .44 .44 .55 .55 .55 .55
351 20200 20000 20020 20000 .44 .44 .44 .44 .55 .55 .55 .55
352 20200 20000 20020 20000 .44 .44 .44 .44 .55 .55 .55 .55
353 20200 20000 20020 20000 .44 .44 .44 .44 .55 .55 .55 .55
354 20200 20000 20020 20000 .44 .44 .44 .44 .55 .55 .55 .55
355 20200 20000 20020 20000 .44 .44 .44 .44 .55 .55 .55 .55
356 20200 20000 20020 20000 .44 .44 .44 .44 .55 .55 .55 .55
357 20200 20000 20020 20000 .44 .44 .44 .44 .55 .55 .55 .55
358 20200 20000 20020 20000 .44 .44 .44 .44 .55 .55 .55 .55
359 20200 20000 20020 20000 .44 .44 .44 .44 .55 .55 .55 .55
360 20200 20000 20020 20000 .44 .44 .44 .44 .55 .55 .55 .55
361 20200 20000 20020 20000 .44 .44 .44 .44 .55 .55 .55 .55
362 20200 20000 20020 20000 .44 .44 .44 .44 .55 .55 .55 .55
363 20200 20000 20020 20000 .44 .44 .44 .44 .55 .55 .55 .55
364 20200 20000 20020 20000 .44 .44 .44 .44 .55 .55 .55 .55
365 20200 20000 20020 20000 .44 .44 .44 .44 .55 .55 .55 .55
366 20200 20000 20020 20000 .44 .44 .44 .44 .55 .55 .55 .55
367 20200 20000 20020 20000 .44 .44 .44 .44 .55 .55 .55 .55
368 20200 20000 20020 20000 .44 .44 .44 .44 .55 .55 .55 .55
369 20200 20000 20020 20000 .44 .44 .44 .44 .55 .55 .55 .55
370 20200 20200 20020 20200 .48 .48 .48 .48 .60 .60 .60 .60
371 20200 20200 20020 20200 .48 .48 .48 .48 .60 .60 .60 .60
372 20200 20200 20020 20200 .48 .48 .48 .48 .60 .60 .60 .60
373 20200 20200 20020 20200 .48 .48 .48 .48 .60 .60 .60 .60
374 20200 20200 02020 20200 -0.04 -0.04 -0.04 -0.04 .21 .21 .21 .21
375 20200 20200 02020 20200 -0.04 -0.04 -0.04 -0.04 .21 .21 .21 .21
376 20200 20200 02020 20200 -0.04 -0.04 -0.04 -0.04 .21 .21 .21 .21
377 20200 20200 02020 20200 -0.04 -0.04 -0.04 -0.04 .21 .21 .21 .21
378 20200 20200 02020 20200 -0.04 -0.04 -0.04 -0.04 .21 .21 .21 .21
379 20200 20200 02020 20200 -0.04 -0.04 -0.04 -0.04 .21 .21 .21 .21
380 20200 20200 02020 20200 -0.04 -0.04 -0.04 -0.04 .21 .21 .21 .21
381 20200 20200 02020 20200 -0.04 -0.04 -0.04 -0.04 .21 .21 .21 .21
382 20200 20200 00020 20200 .16 .16 .16 .16 .37 .37 .37 .37
383 20200 20200 00020 20200 .16 .16 .16 .16 .37 .37 .37 .37
384 20200 20200 00020 20200 .16 .16 .16 .16 .37 .37 .37 .37
385 20200 20200 00020 20200 .16 .16 .16 .16 .37 .37 .37 .37
386 20200 20200 00020 20200 .16 .16 .16 .16 .37 .37 .37 .37
387 20200 20200 00020 20200 .16 .16 .16 .16 .37 .37 .37 .37
388 20200 20200 00020 20200 .16 .16 .16 .16 .37 .37 .37 .37
389 20200 20200 00020 20200 .16 .16 .16 .16 .37 .37 .37 .37
390 00200 00200 00020 00200 .22 .22 .22 .22 .41 .41 .41 .41
391 00200 00200 00020 00200 .22 .22 .22 .22 .41 .41 .41 .41
392 00200 00200 00020 00200 .22 .22 .22 .22 .41 .41 .41 .41
393 00200 00200 00020 00200 .22 .22 .22 .22 .41 .41 .41 .41
394 00200 00200 00020 00200 .22 .22 .22 .22 .41 .41 .41 .41
395 00200 00200 00020 00200 .22 .22 .22 .22 .41 .41 .41 .41
396 00200 00200 00020 00200 .22 .22 .22 .22 .41 .41 .41 .41
397 00200 00200 00200 00200 1.00 1.00 1.00 1.00 1.00 1.00 1.00 1.00
398 00200 00200 00200 00200 1.00 1.00 1.00 1.00 1.00 1.00 1.00 1.00
399 00200 00200 00200 00200 1.00 1.00 1.00 1.00 1.00 1.00 1.00 1.00
400 00200 00200 00200 00200 1.00 1.00 1.00 1.00 1.00 1.00 1.00 1.00
401 00200 00200 00200 00200 1.00 1.00 1.00 1.00 1.00 1.00 1.00 1.00
402 00200 00200 00200 00200 1.00 1.00 1.00 1.00 1.00 1.00 1.00 1.00
403 00200 00200 00200 00200 1.00 1.00 1.00 1.00 1.00 1.00 1.00 1.00
404 00200 00200 00200 00200 1.00 1.00 1.00 1.00 1.00 1.00 1.00 1.00
405 00200 00200 00200 00200 1.00 1.00 1.00 1.00 1.00 1.00 1.00 1.00
406 00200 00200 00200 00200 1.00 1.00 1.00 1.00 1.00 1.00 1.00 1.00
407 00200 00200 00200 00200 1.00 1.00 1.00 1.00 1.00 1.00 1.00 1.00
408 00200 00200 00200 00200 1.00 1.00 1.00 1.00 1.00 1.00 1.00 1.00
409 00200 00200 00200 00200 1.00 1.00 1.00 1.00 1.00 1.00 1.00 1.00
