0 00200 00200 00000 00200 .46 .46 .46 .46 .63 .63 .63 .63
1 00200 00200 00020 00200 .22 .22 .22 .22 .41 .41 .41 .41
2 00200 00200 00020 00200 .22 .22 .22 .22 .41 .41 .41 .41
3 00200 00200 00020 00200 .22 .22 .22 .22 .41 .41 .41 .41
4 00200 00200 00020 00200 .22 .22 .22 .22 .41 .41 .41 .41
5 00200 00200 00020 00200 .22 .22 .22 .22 .41 .41 .41 .41
6 00200 00200 00020 00200 .22 .22 .22 .22 .41 .41 .41 .41
7 00200 00200 00020 00200 .22 .22 .22 .22 .41 .41 .41 .41
8 00200 00200 00020 00200 .22 .22 .22 .22 .41 .41 .41 .41
9 00200 00200 00020 00200 .22 .22 .22 .22 .41 .41 .41 .41
10 00200 00200 00020 00200 .22 .22 .22 .22 .41 .41 .41 .41
11 00200 00200 00020 00200 .22 .22 .22 .22 .41 .41 .41 .41
12 00200 00200 00020 00200 .22 .22 .22 .22 .41 .41 .41 .41
13 00200 00200 00020 00200 .22 .22 .22 .22 .41 .41 .41 .41
14 00200 00200 00020 00200 .22 .22 .22 .22 .41 .41 .41 .41
15 00200 00200 00020 00200 .22 .22 .22 .22 .41 .41 .41 .41
16 00200 00200 00020 00200 .22 .22 .22 .22 .41 .41 .41 .41
17 00200 00200 00020 00200 .22 .22 .22 .22 .41 .41 .41 .41
18 00200 00200 00020 00200 .22 .22 .22 .22 .41 .41 .41 .41
19 00200 00200 02020 00200 .05 .05 .05 .05 .24 .24 .24 .24
20 02200 00200 02020 02200 .16 .16 .16 .16 .37 .37 .37 .37
21 02200 00200 02020 02200 .16 .16 .16 .16 .37 .37 .37 .37
22 02200 00200 02020 02200 .16 .16 .16 .16 .37 .37 .37 .37
23 02200 00200 02020 02200 .16 .16 .16 .16 .37 .37 .37 .37
24 02200 00200 02020 02200 .16 .16 .16 .16 .37 .37 .37 .37
25 02200 00200 02020 02200 .16 .16 .16 .16 .37 .37 .37 .37
26 02200 00200 02020 02200 .16 .16 .16 .16 .37 .37 .37 .37
27 02200 00200 02020 02200 .16 .16 .16 .16 .37 .37 .37 .37
28 02200 00200 02020 02200 .16 .16 .16 .16 .37 .37 .37 .37
29 02200 00200 02020 02200 .16 .16 .16 .16 .37 .37 .37 .37
30 02200 00200 02020 02200 .16 .16 .16 .16 .37 .37 .37 .37
31 02200 00200 02020 02200 .16 .16 .16 .16 .37 .37 .37 .37
32 02200 00200 02020 02200 .16 .16 .16 .16 .37 .37 .37 .37
33 02200 00200 02020 02200 .16 .16 .16 .16 .37 .37 .37 .37
34 02200 00200 02020 02200 .16 .16 .16 .16 .37 .37 .37 .37
35 02200 00200 02020 02200 .16 .16 .16 .16 .37 .37 .37 .37
36 02200 00200 02020 02200 .16 .16 .16 .16 .37 .37 .37 .37
37 02200 00200 02200 02200 .72 .72 .72 .72 .79 .79 .79 .79
38 02200 00200 02200 02200 .72 .72 .72 .72 .79 .79 .79 .79
39 02200 00200 02200 02200 .72 .72 .72 .72 .79 .79 .79 .79
40 00200 00200 02200 00200 .68 .68 .68 .68 .75 .75 .75 .75
41 00200 00200 02200 00200 .68 .68 .68 .68 .75 .75 .75 .75
42 00200 00200 02200 00200 .68 .68 .68 .68 .75 .75 .75 .75
43 00200 00200 02200 00200 .68 .68 .68 .68 .75 .75 .75 .75
44 00200 00200 02200 00200 .68 .68 .68 .68 .75 .75 .75 .75
45 00200 00200 02200 00200 .68 .68 .68 .68 .75 .75 .75 .75
46 00200 00200 02200 00200 .68 .68 .68 .68 .75 .75 .75 .75
47 00200 00200 02200 00200 .68 .68 .68 .68 .75 .75 .75 .75
48 00200 00200 02200 00200 .68 .68 .68 .68 .75 .75 .75 .75
49 00200 00200 02200 00200 .68 .68 .68 .68 .75 .75 .75 .75
50 02200 00200 02200 02200 .72 .72 .72 .72 .79 .79 .79 .79
51 02200 00200 02200 02200 .72 .72 .72 .72 .79 .79 .79 .79
52 02200 00200 02200 02200 .72 .72 .72 .72 .79 .79 .79 .79
53 02200 00200 02200 02200 .72 .72 .72 .72 .79 .79 .79 .79
54 02200 00200 02200 02200 .72 .72 .72 .72 .79 .79 .79 .79
55 02200 00200 02200 02200 .72 .72 .72 .72 .79 .79 .79 .79
56 02200 00200 02200 02200 .72 .72 .72 .72 .79 .79 .79 .79
57 02200 00200 02200 02200 .72 .72 .72 .72 .79 .79 .79 .79
58 02200 00200 02200 02200 .72 .72 .72 .72 .79 .79 .79 .79
59 02200 00200 02200 02200 .72 .72 .72 .72 .79 .79 .79 .79
60 02200 00200 02200 02200 .72 .72 .72 .72 .79 .79 .79 .79
61 02200 00200 02200 02200 .72 .72 .72 .72 .79 .79 .79 .79
62 02200 00200 02200 02200 .72 .72 .72 .72 .79 .79 .79 .79
63 02200 00200 02200 02200 .72 .72 .72 .72 .79 .79 .79 .79
64 02200 00200 02200 02200 .72 .72 .72 .72 .79 .79 .79 .79
65 02200 00200 02200 02200 .72 .72 .72 .72 .79 .79 .79 .79
66 02200 00200 02200 02200 .72 .72 .72 .72 .79 .79 .79 .79
67 02200 00200 02200 02200 .72 .72 .72 .72 .79 .79 .79 .79
68 02200 00200 02200 02200 .72 .72 .72 .72 .79 .79 .79 .79
69 02200 00200 02200 02200 .72 .72 .72 .72 .79 .79 .79 .79
70 02200 00200 02200 02200 .72 .72 .72 .72 .79 .79 .79 .79
71 02200 00200 02200 02200 .72 .72 .72 .72 .79 .79 .79 .79
72 02200 00200 02200 02200 .72 .72 .72 .72 .79 .79 .79 .79
73 02200 00200 02200 02200 .72 .72 .72 .72 .79 .79 .79 .79
74 02200 00200 02200 02200 .72 .72 .72 .72 .79 .79 .79 .79
75 02200 00200 02200 02200 .72 .72 .72 .72 .79 .79 .79 .79
76 02200 00200 02200 02200 .72 .72 .72 .72 .79 .79 .79 .79
77 02200 00200 02200 02200 .72 .72 .72 .72 .79 .79 .79 .79
78 02200 00200 02200 02200 .72 .72 .72 .72 .79 .79 .79 .79
79 02200 00200 02200 02200 .72 .72 .72 .72 .79 .79 .79 .79
80 00200 00200 02200 00200 .68 .68 .68 .68 .75 .75 .75 .75
81 00200 00200 02200 00200 .68 .68 .68 .68 .75 .75 .75 .75
82 00200 00200 00200 00200 1.00 1.00 1.00 1.00 1.00 1.00 1.00 1.00
83 00200 00200 00200 00200 1.00 1.00 1.00 1.00 1.00 1.00 1.00 1.00
84 00200 00200 00200 00200 1.00 1.00 1.00 1.00 1.00 1.00 1.00 1.00
85 00200 00200 00200 00200 1.00 1.00 1.00 1.00 1.00 1.00 1.00 1.00
86 00200 00200 00200 00200 1.00 1.00 1.00 1.00 1.00 1.00 1.00 1.00
87 00200 00200 00200 00200 1.00 1.00 1.00 1.00 1.00 1.00 1.00 1.00
88 00200 00200 00200 00200 1.00 1.00 1.00 1.00 1.00 1.00 1.00 1.00
89 00200 00200 00200 00200 1.00 1.00 1.00 1.00 1.00 1.00 1.00 1.00
90 00200 00200 00200 00200 1.00 1.00 1.00 1.00 1.00 1.00 1.00 1.00
91 00200 00200 00200 00200 1.00 1.00 1.00 1.00 1.00 1.00 1.00 1.00
92 00200 00200 00200 00200 1.00 1.00 1.00 1.00 1.00 1.00 1.00 1.00
93 00200 00200 00200 00200 1.00 1.00 1.00 1.00 1.00 1.00 1.00 1.00
94 00200 00200 00200 00200 1.00 1.00 1.00 1.00 1.00 1.00 1.00 1.00
95 00200 00200 00200 00200 1.00 1.00 1.00 1.00 1.00 1.00 1.00 1.00
96 00200 00200 00200 00200 1.00 1.00 1.00 1.00 1.00 1.00 1.00 1.00
97 00200 00200 00020 00200 .22 .22 .22 .22 .41 .41 .41 .41
98 00200 00200 00020 00200 .22 .22 .22 .22 .41 .41 .41 .41
99 00200 00200 00020 00200 .22 .22 .22 .22 .41 .41 .41 .41
100 00200 00200 00020 00200 .22 .22 .22 .22 .41 .41 .41 .41
101 00200 00200 00020 00200 .22 .22 .22 .22 .41 .41 .41 .41
102 00200 00200 00020 00200 .22 .22 .22 .22 .41 .41 .41 .41
103 00200 00200 00020 00200 .22 .22 .22 .22 .41 .41 .41 .41
104 00200 00200 00020 00200 .22 .22 .22 .22 .41 .41 .41 .41
105 00200 00200 00020 00200 .22 .22 .22 .22 .41 .41 .41 .41
106 00200 00200 00020 00200 .22 .22 .22 .22 .41 .41 .41 .41
107 00200 00200 00020 00200 .22 .22 .22 .22 .41 .41 .41 .41
108 00200 00200 00020 00200 .22 .22 .22 .22 .41 .41 .41 .41
109 00200 00200 00020 00200 .22 .22 .22 .22 .41 .41 .41 .41
110 00200 00200 00020 00200 .22 .22 .22 .22 .41 .41 .41 .41
111 00200 00200 00020 00200 .22 .22 .22 .22 .41 .41 .41 .41
112 00200 00200 02020 00200 .05 .05 .05 .05 .24 .24 .24 .24
113 00200 00200 02020 00200 .05 .05 .05 .05 .24 .24 .24 .24
114 00200 00200 02020 00200 .05 .05 .05 .05 .24 .24 .24 .24
115 00200 00200 02020 00200 .05 .05 .05 .05 .24 .24 .24 .24
116 00200 00200 02020 00200 .05 .05 .05 .05 .24 .24 .24 .24
117 00200 00200 02020 00200 .05 .05 .05 .05 .24 .24 .24 .24
118 00200 00200 02020 00200 .05 .05 .05 .05 .24 .24 .24 .24
119 00200 00200 02020 00200 .05 .05 .05 .05 .24 .24 .24 .24
120 00200 00200 02020 00200 .05 .05 .05 .05 .24 .24 .24 .24
121 00200 00200 02020 00200 .05 .05 .05 .05 .24 .24 .24 .24
122 00200 00200 02020 00200 .05 .05 .05 .05 .24 .24 .24 .24
123 00200 00200 02020 00200 .05 .05 .05 .05 .24 .24 .24 .24
124 00200 00200 02020 00200 .05 .05 .05 .05 .24 .24 .24 .24
125 00200 00200 02020 00200 .05 .05 .05 .05 .24 .24 .24 .24
126 00200 00200 02020 00200 .05 .05 .05 .05 .24 .24 .24 .24
127 00200 00200 02200 00200 .68 .68 .68 .68 .75 .75 .75 .75
128 00200 00200 02200 00200 .68 .68 .68 .68 .75 .75 .75 .75
129 00200 00200 02200 00200 .68 .68 .68 .68 .75 .75 .75 .75
130 00200 00200 02200 00200 .68 .68 .68 .68 .75 .75 .75 .75
131 00200 00200 02200 00200 .68 .68 .68 .68 .75 .75 .75 .75
132 00200 00200 02200 00200 .68 .68 .68 .68 .75 .75 .75 .75
133 00200 00200 02200 00200 .68 .68 .68 .68 .75 .75 .75 .75
134 00200 00200 02200 00200 .68 .68 .68 .68 .75 .75 .75 .75
135 00200 00200 02200 00200 .68 .68 .68 .68 .75 .75 .75 .75
136 00200 00200 02200 00200 .68 .68 .68 .68 .75 .75 .75 .75
137 00200 00200 02200 00200 .68 .68 .68 .68 .75 .75 .75 .75
138 00200 00200 02200 00200 .68 .68 .68 .68 .75 .75 .75 .75
139 00200 00200 02200 00200 .68 .68 .68 .68 .75 .75 .75 .75
140 20200 00200 02200 00200 .44 .44 .44 .44 .55 .55 .55 .55
141 20200 00200 02200 00200 .44 .44 .44 .44 .55 .55 .55 .55
142 20200 00200 02020 00200 -0.12 -0.12 -0.12 -0.12 .10 .10 .10 .10
143 20200 00200 02020 00200 -0.12 -0.12 -0.12 -0.12 .10 .10 .10 .10
144 20200 00200 02020 00200 -0.12 -0.12 -0.12 -0.12 .10 .10 .10 .10
145 20200 00200 02020 00200 -0.12 -0.12 -0.12 -0.12 .10 .10 .10 .10
146 20200 00200 02020 00200 -0.12 -0.12 -0.12 -0.12 .10 .10 .10 .10
147 20200 00200 02020 00200 -0.12 -0.12 -0.12 -0.12 .10 .10 .10 .10
148 20200 00200 02020 00200 -0.12 -0.12 -0.12 -0.12 .10 .10 .10 .10
149 20200 00200 02020 00200 -0.12 -0.12 -0.12 -0.12 .10 .10 .10 .10
150 20200 20200 02020 20200 -0.04 -0.04 -0.04 -0.04 .21 .21 .21 .21
151 20200 20200 02020 20200 -0.04 -0.04 -0.04 -0.04 .21 .21 .21 .21
152 20200 20200 02020 20200 -0.04 -0.04 -0.04 -0.04 .21 .21 .21 .21
153 20200 20200 02020 20200 -0.04 -0.04 -0.04 -0.04 .21 .21 .21 .21
154 20200 20200 02020 20200 -0.04 -0.04 -0.04 -0.04 .21 .21 .21 .21
155 20200 20200 02020 20200 -0.04 -0.04 -0.04 -0.04 .21 .21 .21 .21
156 20200 20200 02020 20200 -0.04 -0.04 -0.04 -0.04 .21 .21 .21 .21
157 20200 20200 02020 20200 -0.04 -0.04 -0.04 -0.04 .21 .21 .21 .21
158 20200 20200 02020 20200 -0.04 -0.04 -0.04 -0.04 .21 .21 .21 .21
159 20200 20200 02020 20200 -0.04 -0.04 -0.04 -0.04 .21 .21 .21 .21
160 20020 20020 02020 20020 .48 .48 .48 .48 .60 .60 .60 .60
161 20020 20020 02020 20020 .48 .48 .48 .48 .60 .60 .60 .60
162 20020 20020 02020 20020 .48 .48 .48 .48 .60 .60 .60 .60
163 20020 20020 02020 20020 .48 .48 .48 .48 .60 .60 .60 .60
164 20020 20020 02020 20020 .48 .48 .48 .48 .60 .60 .60 .60
165 20020 20020 02020 20020 .48 .48 .48 .48 .60 .60 .60 .60
166 20020 20020 02020 20020 .48 .48 .48 .48 .60 .60 .60 .60
167 20020 20020 02020 20020 .48 .48 .48 .48 .60 .60 .60 .60
168 20020 20020 02020 20020 .48 .48 .48 .48 .60 .60 .60 .60
169 20020 20020 02020 20020 .48 .48 .48 .48 .60 .60 .60 .60
170 20000 20000 02020 20000 .05 .05 .05 .05 .24 .24 .24 .24
171 20000 20000 02020 20000 .05 .05 .05 .05 .24 .24 .24 .24
172 20000 20000 02000 20000 .22 .22 .22 .22 .41 .41 .41 .41
173 20000 20000 02000 20000 .22 .22 .22 .22 .41 .41 .41 .41
174 20000 20000 02000 20000 .22 .22 .22 .22 .41 .41 .41 .41
175 20000 20000 02000 20000 .22 .22 .22 .22 .41 .41 .41 .41
176 20000 20000 02000 20000 .22 .22 .22 .22 .41 .41 .41 .41
177 20000 20000 02000 20000 .22 .22 .22 .22 .41 .41 .41 .41
178 20000 20000 02000 20000 .22 .22 .22 .22 .41 .41 .41 .41
179 20000 20000 02000 20000 .22 .22 .22 .22 .41 .41 .41 .41
180 20000 20000 02000 20000 .22 .22 .22 .22 .41 .41 .41 .41
181 20000 20000 02000 20000 .22 .22 .22 .22 .41 .41 .41 .41
182 20000 20000 02000 20000 .22 .22 .22 .22 .41 .41 .41 .41
183 20000 20000 02000 20000 .22 .22 .22 .22 .41 .41 .41 .41
184 20000 20000 02000 20000 .22 .22 .22 .22 .41 .41 .41 .41
185 20000 20000 02000 20000 .22 .22 .22 .22 .41 .41 .41 .41
186 20000 20000 02000 20000 .22 .22 .22 .22 .41 .41 .41 .41
187 20000 20000 02000 20000 .22 .22 .22 .22 .41 .41 .41 .41
188 20000 20000 02000 20000 .22 .22 .22 .22 .41 .41 .41 .41
189 20000 20000 02000 20000 .22 .22 .22 .22 .41 .41 .41 .41
190 20000 20000 02000 20000 .22 .22 .22 .22 .41 .41 .41 .41
191 20000 20000 02000 20000 .22 .22 .22 .22 .41 .41 .41 .41
192 20000 20000 02000 20000 .22 .22 .22 .22 .41 .41 .41 .41
193 20000 20000 02000 20000 .22 .22 .22 .22 .41 .41 .41 .41
194 20000 20000 02000 20000 .22 .22 .22 .22 .41 .41 .41 .41
195 20000 20000 02000 20000 .22 .22 .22 .22 .41 .41 .41 .41
196 20000 20000 02000 20000 .22 .22 .22 .22 .41 .41 .41 .41
197 20000 20000 02000 20000 .22 .22 .22 .22 .41 .41 .41 .41
198 20000 20000 02000 20000 .22 .22 .22 .22 .41 .41 .41 .41
199 20000 20000 02000 20000 .22 .22 .22 .22 .41 .41 .41 .41
200 20000 20000 02000 20000 .22 .22 .22 .22 .41 .41 .41 .41
201 20000 20000 02000 20000 .22 .22 .22 .22 .41 .41 .41 .41
202 20000 20000 20000 20000 1.00 1.00 1.00 1.00 1.00 1.00 1.00 1.00
203 20000 20000 20000 20000 1.00 1.00 1.00 1.00 1.00 1.00 1.00 1.00
204 20000 20000 20000 20000 1.00 1.00 1.00 1.00 1.00 1.00 1.00 1.00
205 20000 20000 20000 20000 1.00 1.00 1.00 1.00 1.00 1.00 1.00 1.00
206 20000 20000 20000 20000 1.00 1.00 1.00 1.00 1.00 1.00 1.00 1.00
207 20000 20000 20000 20000 1.00 1.00 1.00 1.00 1.00 1.00 1.00 1.00
208 20000 20000 20000 20000 1.00 1.00 1.00 1.00 1.00 1.00 1.00 1.00
209 20000 20000 20000 20000 1.00 1.00 1.00 1.00 1.00 1.00 1.00 1.00
210 20000 20000 20000 20000 1.00 1.00 1.00 1.00 1.00 1.00 1.00 1.00
211 20000 20000 20000 20000 1.00 1.00 1.00 1.00 1.00 1.00 1.00 1.00
212 20000 20000 20000 20000 1.00 1.00 1.00 1.00 1.00 1.00 1.00 1.00
213 20000 20000 20000 20000 1.00 1.00 1.00 1.00 1.00 1.00 1.00 1.00
214 20000 20000 20000 20000 1.00 1.00 1.00 1.00 1.00 1.00 1.00 1.00
215 20000 20000 20000 20000 1.00 1.00 1.00 1.00 1.00 1.00 1.00 1.00
216 20000 20000 20000 20000 1.00 1.00 1.00 1.00 1.00 1.00 1.00 1.00
217 20000 20000 20020 20000 .68 .68 .68 .68 .75 .75 .75 .75
218 20000 20000 20020 20000 .68 .68 .68 .68 .75 .75 .75 .75
219 20000 20000 20020 20000 .68 .68 .68 .68 .75 .75 .75 .75
220 20000 20000 20020 20000 .68 .68 .68 .68 .75 .75 .75 .75
221 20000 20000 20020 20000 .68 .68 .68 .68 .75 .75 .75 .75
222 20000 20000 20020 20000 .68 .68 .68 .68 .75 .75 .75 .75
223 20000 20000 20020 20000 .68 .68 .68 .68 .75 .75 .75 .75
224 20000 20000 20020 20000 .68 .68 .68 .68 .75 .75 .75 .75
225 20000 20000 20020 20000 .68 .68 .68 .68 .75 .75 .75 .75
226 20000 20000 20020 20000 .68 .68 .68 .68 .75 .75 .75 .75
227 20000 20000 20020 20000 .68 .68 .68 .68 .75 .75 .75 .75
228 20000 20000 20020 20000 .68 .68 .68 .68 .75 .75 .75 .75
229 20000 20000 20020 20000 .68 .68 .68 .68 .75 .75 .75 .75
230 20020 20020 20020 20020 1.00 1.00 1.00 1.00 1.00 1.00 1.00 1.00
231 20020 20020 20020 20020 1.00 1.00 1.00 1.00 1.00 1.00 1.00 1.00
232 20020 20020 02020 20020 .48 .48 .48 .48 .60 .60 .60 .60
233 20020 20020 02020 20020 .48 .48 .48 .48 .60 .60 .60 .60
234 20020 20020 02020 20020 .48 .48 .48 .48 .60 .60 .60 .60
235 20020 20020 02020 20020 .48 .48 .48 .48 .60 .60 .60 .60
236 20020 20020 02020 20020 .48 .48 .48 .48 .60 .60 .60 .60
237 20020 20020 02020 20020 .48 .48 .48 .48 .60 .60 .60 .60
238 20020 20020 02020 20020 .48 .48 .48 .48 .60 .60 .60 .60
239 20020 20020 02020 20020 .48 .48 .48 .48 .60 .60 .60 .60
240 20200 20200 02020 20200 -0.04 -0.04 -0.04 -0.04 .21 .21 .21 .21
241 20200 20200 02020 20200 -0.04 -0.04 -0.04 -0.04 .21 .21 .21 .21
242 20200 20200 02020 20200 -0.04 -0.04 -0.04 -0.04 .21 .21 .21 .21
243 20200 20200 02020 20200 -0.04 -0.04 -0.04 -0.04 .21 .21 .21 .21
244 20200 20200 02020 20200 -0.04 -0.04 -0.04 -0.04 .21 .21 .21 .21
245 20200 20200 02020 20200 -0.04 -0.04 -0.04 -0.04 .21 .21 .21 .21
246 20200 20200 02020 20200 -0.04 -0.04 -0.04 -0.04 .21 .21 .21 .21
247 20200 20200 02020 20200 -0.04 -0.04 -0.04 -0.04 .21 .21 .21 .21
248 20200 20200 02020 20200 -0.04 -0.04 -0.04 -0.04 .21 .21 .21 .21
249 20200 20200 02020 20200 -0.04 -0.04 -0.04 -0.04 .21 .21 .21 .21
250 20200 20200 02020 20200 -0.04 -0.04 -0.04 -0.04 .21 .21 .21 .21
251 20200 20200 02020 20200 -0.04 -0.04 -0.04 -0.04 .21 .21 .21 .21
252 20200 20200 02020 20200 -0.04 -0.04 -0.04 -0.04 .21 .21 .21 .21
253 20200 20200 02020 20200 -0.04 -0.04 -0.04 -0.04 .21 .21 .21 .21
254 20200 20200 02020 20200 -0.04 -0.04 -0.04 -0.04 .21 .21 .21 .21
255 20200 20200 02020 20200 -0.04 -0.04 -0.04 -0.04 .21 .21 .21 .21
256 20200 20200 02020 20200 -0.04 -0.04 -0.04 -0.04 .21 .21 .21 .21
257 20200 20200 02020 20200 -0.04 -0.04 -0.04 -0.04 .21 .21 .21 .21
258 20200 20200 02020 20200 -0.04 -0.04 -0.04 -0.04 .21 .21 .21 .21
259 20200 20200 02020 20200 -0.04 -0.04 -0.04 -0.04 .21 .21 .21 .21
260 02200 00200 02020 02200 .16 .16 .16 .16 .37 .37 .37 .37
261 02200 00200 02020 02200 .16 .16 .16 .16 .37 .37 .37 .37
262 02200 00200 00020 00200 .05 .05 .05 .05 .24 .24 .24 .24
263 02200 00200 00020 00200 .05 .05 .05 .05 .24 .24 .24 .24
264 02200 00200 00020 00200 .05 .05 .05 .05 .24 .24 .24 .24
265 02200 00200 00020 00200 .05 .05 .05 .05 .24 .24 .24 .24
