0 00002 00002 00000 00002 .46 .46 .46 .46 .63 .63 .63 .63
1 00002 00002 00000 00002 .46 .46 .46 .46 .63 .63 .63 .63
2 00002 00002 00000 00002 .46 .46 .46 .46 .63 .63 .63 .63
3 00002 00002 00000 00002 .46 .46 .46 .46 .63 .63 .63 .63
4 00002 00002 00000 00002 .46 .46 .46 .46 .63 .63 .63 .63
5 00002 00002 00000 00002 .46 .46 .46 .46 .63 .63 .63 .63
6 00002 00002 00000 00002 .46 .46 .46 .46 .63 .63 .63 .63
7 00002 00002 00000 00002 .46 .46 .46 .46 .63 .63 .63 .63
8 00002 00002 00000 00002 .46 .46 .46 .46 .63 .63 .63 .63
9 00002 00002 00000 00002 .46 .46 .46 .46 .63 .63 .63 .63
10 00002 00002 00000 00002 .46 .46 .46 .46 .63 .63 .63 .63
11 00002 00002 00000 00002 .46 .46 .46 .46 .63 .63 .63 .63
12 00002 00002 00000 00002 .46 .46 .46 .46 .63 .63 .63 .63
13 00002 00002 00000 00002 .46 .46 .46 .46 .63 .63 .63 .63
14 00002 00002 00000 00002 .46 .46 .46 .46 .63 .63 .63 .63
15 00002 00002 00000 00002 .46 .46 .46 .46 .63 .63 .63 .63
16 00002 00002 00020 00002 .22 .22 .22 .22 .41 .41 .41 .41
17 00002 00002 00020 00002 .22 .22 .22 .22 .41 .41 .41 .41
18 00002 00002 00020 00002 .22 .22 .22 .22 .41 .41 .41 .41
19 00002 00002 00020 00002 .22 .22 .22 .22 .41 .41 .41 .41
20 00002 00002 00020 00002 .22 .22 .22 .22 .41 .41 .41 .41
21 00002 00002 00020 00002 .22 .22 .22 .22 .41 .41 .41 .41
22 00002 00002 00020 00002 .22 .22 .22 .22 .41 .41 .41 .41
23 00002 00002 00020 00002 .22 .22 .22 .22 .41 .41 .41 .41
24 00002 00002 00020 00002 .22 .22 .22 .22 .41 .41 .41 .41
25 00002 00002 00020 00002 .22 .22 .22 .22 .41 .41 .41 .41
26 00002 00002 00020 00002 .22 .22 .22 .22 .41 .41 .41 .41
27 00002 00002 00020 00002 .22 .22 .22 .22 .41 .41 .41 .41
28 00002 00002 00020 00002 .22 .22 .22 .22 .41 .41 .41 .41
29 00002 00002 00020 00002 .22 .22 .22 .22 .41 .41 .41 .41
30 00022 00002 00020 00022 .36 .36 .36 .36 .55 .55 .55 .55
31 00022 00002 00020 00022 .36 .36 .36 .36 .55 .55 .55 .55
32 00022 00002 00020 00022 .36 .36 .36 .36 .55 .55 .55 .55
33 00022 00002 00020 00022 .36 .36 .36 .36 .55 .55 .55 .55
34 00022 00002 00020 00022 .36 .36 .36 .36 .55 .55 .55 .55
35 00022 00002 00020 00022 .36 .36 .36 .36 .55 .55 .55 .55
36 00022 00002 00020 00022 .36 .36 .36 .36 .55 .55 .55 .55
37 00022 00002 00020 00022 .36 .36 .36 .36 .55 .55 .55 .55
38 00022 00002 00020 00022 .36 .36 .36 .36 .55 .55 .55 .55
39 00022 00002 00020 00022 .36 .36 .36 .36 .55 .55 .55 .55
40 00022 00002 00020 00022 .36 .36 .36 .36 .55 .55 .55 .55
41 00022 00002 00020 00022 .36 .36 .36 .36 .55 .55 .55 .55
42 00022 00002 00020 00022 .36 .36 .36 .36 .55 .55 .55 .55
43 00022 00002 00020 00022 .36 .36 .36 .36 .55 .55 .55 .55
44 00022 00002 00020 00022 .36 .36 .36 .36 .55 .55 .55 .55
45 00022 00002 00020 00022 .36 .36 .36 .36 .55 .55 .55 .55
46 00022 00002 00000 00002 .22 .22 .22 .22 .41 .41 .41 .41
47 00022 00002 00000 00002 .22 .22 .22 .22 .41 .41 .41 .41
48 00022 00002 00000 00002 .22 .22 .22 .22 .41 .41 .41 .41
49 00022 00002 00000 00002 .22 .22 .22 .22 .41 .41 .41 .41
50 00002 00002 00000 00002 .46 .46 .46 .46 .63 .63 .63 .63
51 00002 00002 00000 00002 .46 .46 .46 .46 .63 .63 .63 .63
52 00002 00002 00000 00002 .46 .46 .46 .46 .63 .63 .63 .63
53 00002 00002 00000 00002 .46 .46 .46 .46 .63 .63 .63 .63
54 00002 00002 00000 00002 .46 .46 .46 .46 .63 .63 .63 .63
55 00002 00002 00000 00002 .46 .46 .46 .46 .63 .63 .63 .63
56 00002 00002 00000 00002 .46 .46 .46 .46 .63 .63 .63 .63
57 00002 00002 00000 00002 .46 .46 .46 .46 .63 .63 .63 .63
58 00002 00002 00000 00002 .46 .46 .46 .46 .63 .63 .63 .63
59 00002 00002 00000 00002 .46 .46 .46 .46 .63 .63 .63 .63
60 00002 00002 00000 00002 .46 .46 .46 .46 .63 .63 .63 .63
61 00002 00002 00020 00002 .22 .22 .22 .22 .41 .41 .41 .41
62 00002 00002 00020 00002 .22 .22 .22 .22 .41 .41 .41 .41
63 00002 00002 00020 00002 .22 .22 .22 .22 .41 .41 .41 .41
64 00002 00002 00020 00002 .22 .22 .22 .22 .41 .41 .41 .41
65 00002 00002 00020 00002 .22 .22 .22 .22 .41 .41 .41 .41
66 00002 00002 00020 00002 .22 .22 .22 .22 .41 .41 .41 .41
67 00002 00002 00020 00002 .22 .22 .22 .22 .41 .41 .41 .41
68 00002 00002 00020 00002 .22 .22 .22 .22 .41 .41 .41 .41
69 00002 00002 00020 00002 .22 .22 .22 .22 .41 .41 .41 .41
70 00002 00002 00020 00002 .22 .22 .22 .22 .41 .41 .41 .41
71 00002 00002 00020 00002 .22 .22 .22 .22 .41 .41 .41 .41
72 00002 00002 00020 00002 .22 .22 .22 .22 .41 .41 .41 .41
73 00002 00002 00020 00002 .22 .22 .22 .22 .41 .41 .41 .41
74 00002 00002 00020 00002 .22 .22 .22 .22 .41 .41 .41 .41
75 00002 00002 00020 00002 .22 .22 .22 .22 .41 .41 .41 .41
76 00002 00002 00020 00002 .22 .22 .22 .22 .41 .41 .41 .41
77 00002 00002 00020 00002 .22 .22 .22 .22 .41 .41 .41 .41
78 00002 00002 00020 00002 .22 .22 .22 .22 .41 .41 .41 .41
79 00002 00002 00020 00002 .22 .22 .22 .22 .41 .41 .41 .41
80 00002 00002 00020 00002 .22 .22 .22 .22 .41 .41 .41 .41
81 00002 00002 00020 00002 .22 .22 .22 .22 .41 .41 .41 .41
82 00002 00002 00020 00002 .22 .22 .22 .22 .41 .41 .41 .41
83 00002 00002 00020 00002 .22 .22 .22 .22 .41 .41 .41 .41
84 00002 00002 00020 00002 .22 .22 .22 .22 .41 .41 .41 .41
85 00002 00002 00020 00002 .22 .22 .22 .22 .41 .41 .41 .41
86 00002 00002 00020 00002 .22 .22 .22 .22 .41 .41 .41 .41
87 00002 00002 00020 00002 .22 .22 .22 .22 .41 .41 .41 .41
88 00002 00002 00020 00002 .22 .22 .22 .22 .41 .41 .41 .41
89 00002 00002 00020 00002 .22 .22 .22 .22 .41 .41 .41 .41
90 00022 00002 00020 00022 .36 .36 .36 .36 .55 .55 .55 .55
91 00022 00002 00020 00022 .36 .36 .36 .36 .55 .55 .55 .55
92 00022 00002 00020 00022 .36 .36 .36 .36 .55 .55 .55 .55
93 00022 00002 00020 00022 .36 .36 .36 .36 .55 .55 .55 .55
94 00022 00002 00020 00022 .36 .36 .36 .36 .55 .55 .55 .55
95 00022 00002 00020 00022 .36 .36 .36 .36 .55 .55 .55 .55
96 00022 00002 00020 00022 .36 .36 .36 .36 .55 .55 .55 .55
97 00022 00002 00020 00022 .36 .36 .36 .36 .55 .55 .55 .55
98 00022 00002 00020 00022 .36 .36 .36 .36 .55 .55 .55 .55
99 00022 00002 00020 00022 .36 .36 .36 .36 .55 .55 .55 .55
100 00022 00022 00020 00022 .72 .72 .72 .72 .79 .79 .79 .79
101 00022 00022 00020 00022 .72 .72 .72 .72 .79 .79 .79 .79
102 00022 00022 00020 00022 .72 .72 .72 .72 .79 .79 .79 .79
103 00022 00022 00020 00022 .72 .72 .72 .72 .79 .79 .79 .79
104 00022 00022 00020 00022 .72 .72 .72 .72 .79 .79 .79 .79
105 00022 00022 00020 00022 .72 .72 .72 .72 .79 .79 .79 .79
106 00022 00022 00020 00022 .72 .72 .72 .72 .79 .79 .79 .79
107 00022 00022 00020 00022 .72 .72 .72 .72 .79 .79 .79 .79
108 00022 00022 00020 00022 .72 .72 .72 .72 .79 .79 .79 .79
109 00022 00022 00020 00022 .72 .72 .72 .72 .79 .79 .79 .79
110 00022 00022 00020 00022 .72 .72 .72 .72 .79 .79 .79 .79
111 00022 00022 00020 00022 .72 .72 .72 .72 .79 .79 .79 .79
112 00022 00022 00020 00022 .72 .72 .72 .72 .79 .79 .79 .79
113 00022 00022 00020 00022 .72 .72 .72 .72 .79 .79 .79 .79
114 00022 00022 00020 00022 .72 .72 .72 .72 .79 .79 .79 .79
115 00022 00022 00020 00022 .72 .72 .72 .72 .79 .79 .79 .79
116 00022 00022 00020 00022 .72 .72 .72 .72 .79 .79 .79 .79
117 00022 00022 00020 00022 .72 .72 .72 .72 .79 .79 .79 .79
118 00022 00022 00020 00022 .72 .72 .72 .72 .79 .79 .79 .79
119 00022 00022 00020 00022 .72 .72 .72 .72 .79 .79 .79 .79
120 00202 00202 00020 00202 .16 .16 .16 .16 .37 .37 .37 .37
121 00202 00202 00020 00202 .16 .16 .16 .16 .37 .37 .37 .37
122 00202 00202 00020 00202 .16 .16 .16 .16 .37 .37 .37 .37
123 00202 00202 00020 00202 .16 .16 .16 .16 .37 .37 .37 .37
124 00202 00202 00020 00202 .16 .16 .16 .16 .37 .37 .37 .37
125 00202 00202 00020 00202 .16 .16 .16 .16 .37 .37 .37 .37
126 00202 00202 00020 00202 .16 .16 .16 .16 .37 .37 .37 .37
127 00202 00202 00020 00202 .16 .16 .16 .16 .37 .37 .37 .37
128 00202 00202 00020 00202 .16 .16 .16 .16 .37 .37 .37 .37
129 00202 00202 00020 00202 .16 .16 .16 .16 .37 .37 .37 .37
130 00200 00200 00020 00200 .22 .22 .22 .22 .41 .41 .41 .41
131 00200 00200 00020 00200 .22 .22 .22 .22 .41 .41 .41 .41
132 00200 00200 00020 00200 .22 .22 .22 .22 .41 .41 .41 .41
133 00200 00200 00020 00200 .22 .22 .22 .22 .41 .41 .41 .41
134 00200 00200 00020 00200 .22 .22 .22 .22 .41 .41 .41 .41
135 00200 00200 00020 00200 .22 .22 .22 .22 .41 .41 .41 .41
136 00200 00200 00020 00200 .22 .22 .22 .22 .41 .41 .41 .41
137 00200 00200 00020 00200 .22 .22 .22 .22 .41 .41 .41 .41
138 00200 00200 00020 00200 .22 .22 .22 .22 .41 .41 .41 .41
139 00200 00200 00020 00200 .22 .22 .22 .22 .41 .41 .41 .41
140 00200 00200 00020 00200 .22 .22 .22 .22 .41 .41 .41 .41
141 00200 00200 00020 00200 .22 .22 .22 .22 .41 .41 .41 .41
142 00200 00200 00020 00200 .22 .22 .22 .22 .41 .41 .41 .41
143 00200 00200 00020 00200 .22 .22 .22 .22 .41 .41 .41 .41
144 00200 00200 00020 00200 .22 .22 .22 .22 .41 .41 .41 .41
145 00200 00200 00020 00200 .22 .22 .22 .22 .41 .41 .41 .41
146 00200 00200 00020 00200 .22 .22 .22 .22 .41 .41 .41 .41
147 00200 00200 00020 00200 .22 .22 .22 .22 .41 .41 .41 .41
148 00200 00200 00020 00200 .22 .22 .22 .22 .41 .41 .41 .41
149 00200 00200 00020 00200 .22 .22 .22 .22 .41 .41 .41 .41
150 00200 00200 00020 00200 .22 .22 .22 .22 .41 .41 .41 .41
151 00200 00200 00020 00200 .22 .22 .22 .22 .41 .41 .41 .41
152 00200 00200 00020 00200 .22 .22 .22 .22 .41 .41 .41 .41
153 00200 00200 00020 00200 .22 .22 .22 .22 .41 .41 .41 .41
154 00200 00200 00020 00200 .22 .22 .22 .22 .41 .41 .41 .41
155 00200 00200 00020 00200 .22 .22 .22 .22 .41 .41 .41 .41
156 00200 00200 00020 00200 .22 .22 .22 .22 .41 .41 .41 .41
157 00200 00200 00020 00200 .22 .22 .22 .22 .41 .41 .41 .41
158 00200 00200 00020 00200 .22 .22 .22 .22 .41 .41 .41 .41
159 00200 00200 00020 00200 .22 .22 .22 .22 .41 .41 .41 .41
160 00200 00200 00020 00200 .22 .22 .22 .22 .41 .41 .41 .41
161 00200 00200 00020 00200 .22 .22 .22 .22 .41 .41 .41 .41
162 00200 00200 00020 00200 .22 .22 .22 .22 .41 .41 .41 .41
163 00200 00200 00020 00200 .22 .22 .22 .22 .41 .41 .41 .41
164 00200 00200 00020 00200 .22 .22 .22 .22 .41 .41 .41 .41
165 00200 00200 00020 00200 .22 .22 .22 .22 .41 .41 .41 .41
166 00200 00200 00020 00200 .22 .22 .22 .22 .41 .41 .41 .41
167 00200 00200 00020 00200 .22 .22 .22 .22 .41 .41 .41 .41
168 00200 00200 00020 00200 .22 .22 .22 .22 .41 .41 .41 .41
169 00200 00200 00020 00200 .22 .22 .22 .22 .41 .41 .41 .41
170 00200 00200 00020 00200 .22 .22 .22 .22 .41 .41 .41 .41
171 00200 00200 00020 00200 .22 .22 .22 .22 .41 .41 .41 .41
172 00200 00200 00020 00200 .22 .22 .22 .22 .41 .41 .41 .41
173 00200 00200 00020 00200 .22 .22 .22 .22 .41 .41 .41 .41
174 00200 00200 00020 00200 .22 .22 .22 .22 .41 .41 .41 .41
175 00200 00200 00020 00200 .22 .22 .22 .22 .41 .41 .41 .41
176 00200 00200 00020 00200 .22 .22 .22 .22 .41 .41 .41 .41
177 00200 00200 00020 00200 .22 .22 .22 .22 .41 .41 .41 .41
178 00200 00200 00020 00200 .22 .22 .22 .22 .41 .41 .41 .41
179 00200 00200 00020 00200 .22 .22 .22 .22 .41 .41 .41 .41
180 00200 00200 00020 00200 .22 .22 .22 .22 .41 .41 .41 .41
181 00200 00200 00020 00200 .22 .22 .22 .22 .41 .41 .41 .41
182 00200 00200 00020 00200 .22 .22 .22 .22 .41 .41 .41 .41
183 00200 00200 00020 00200 .22 .22 .22 .22 .41 .41 .41 .41
184 00200 00200 00020 00200 .22 .22 .22 .22 .41 .41 .41 .41
185 00200 00200 00020 00200 .22 .22 .22 .22 .41 .41 .41 .41
186 00200 00200 00020 00200 .22 .22 .22 .22 .41 .41 .41 .41
187 00200 00200 00020 00200 .22 .22 .22 .22 .41 .41 .41 .41
188 00200 00200 00020 00200 .22 .22 .22 .22 .41 .41 .41 .41
189 00200 00200 00020 00200 .22 .22 .22 .22 .41 .41 .41 .41
190 00200 00200 00020 00200 .22 .22 .22 .22 .41 .41 .41 .41
191 00200 00200 00020 00200 .22 .22 .22 .22 .41 .41 .41 .41
192 00200 00200 00020 00200 .22 .22 .22 .22 .41 .41 .41 .41
193 00200 00200 00020 00200 .22 .22 .22 .22 .41 .41 .41 .41
194 00200 00200 00020 00200 .22 .22 .22 .22 .41 .41 .41 .41
195 00200 00200 00020 00200 .22 .22 .22 .22 .41 .41 .41 .41
196 00200 00200 00020 00200 .22 .22 .22 .22 .41 .41 .41 .41
197 00200 00200 00020 00200 .22 .22 .22 .22 .41 .41 .41 .41
198 00200 00200 00020 00200 .22 .22 .22 .22 .41 .41 .41 .41
199 00200 00200 00020 00200 .22 .22 .22 .22 .41 .41 .41 .41
200 00200 00200 00020 00200 .22 .22 .22 .22 .41 .41 .41 .41
201 00200 00200 00020 00200 .22 .22 .22 .22 .41 .41 .41 .41
202 00200 00200 00020 00200 .22 .22 .22 .22 .41 .41 .41 .41
203 00200 00200 00020 00200 .22 .22 .22 .22 .41 .41 .41 .41
204 00200 00200 00020 00200 .22 .22 .22 .22 .41 .41 .41 .41
205 00200 00200 00020 00200 .22 .22 .22 .22 .41 .41 .41 .41
206 00200 00200 00020 00200 .22 .22 .22 .22 .41 .41 .41 .41
207 00200 00200 00020 00200 .22 .22 .22 .22 .41 .41 .41 .41
208 00200 00200 00020 00200 .22 .22 .22 .22 .41 .41 .41 .41
209 00200 00200 00020 00200 .22 .22 .22 .22 .41 .41 .41 .41
210 00200 00200 00020 00200 .22 .22 .22 .22 .41 .41 .41 .41
211 00200 00200 02020 00200 .05 .05 .05 .05 .24 .24 .24 .24
212 00200 00200 02020 00200 .05 .05 .05 .05 .24 .24 .24 .24
213 00200 00200 02020 00200 .05 .05 .05 .05 .24 .24 .24 .24
214 00200 00200 02020 00200 .05 .05 .05 .05 .24 .24 .24 .24
215 00200 00200 02020 00200 .05 .05 .05 .05 .24 .24 .24 .24
216 00200 00200 02020 00200 .05 .05 .05 .05 .24 .24 .24 .24
217 00200 00200 02020 00200 .05 .05 .05 .05 .24 .24 .24 .24
218 00200 00200 02020 00200 .05 .05 .05 .05 .24 .24 .24 .24
219 00200 00200 02020 00200 .05 .05 .05 .05 .24 .24 .24 .24
220 00200 00200 02020 00200 .05 .05 .05 .05 .24 .24 .24 .24
221 00200 00200 02020 00200 .05 .05 .05 .05 .24 .24 .24 .24
222 00200 00200 02020 00200 .05 .05 .05 .05 .24 .24 .24 .24
223 00200 00200 02020 00200 .05 .05 .05 .05 .24 .24 .24 .24
224 00200 00200 02020 00200 .05 .05 .05 .05 .24 .24 .24 .24
225 00200 00200 02020 00200 .05 .05 .05 .05 .24 .24 .24 .24
226 00200 00200 00020 00200 .22 .22 .22 .22 .41 .41 .41 .41
227 00200 00200 00020 00200 .22 .22 .22 .22 .41 .41 .41 .41
228 00200 00200 00020 00200 .22 .22 .22 .22 .41 .41 .41 .41
229 00200 00200 00020 00200 .22 .22 .22 .22 .41 .41 .41 .41
230 00200 00200 00020 00200 .22 .22 .22 .22 .41 .41 .41 .41
231 00200 00200 00020 00200 .22 .22 .22 .22 .41 .41 .41 .41
232 00200 00200 00020 00200 .22 .22 .22 .22 .41 .41 .41 .41
233 00200 00200 00020 00200 .22 .22 .22 .22 .41 .41 .41 .41
234 00200 00200 00020 00200 .22 .22 .22 .22 .41 .41 .41 .41
235 00200 00200 00020 00200 .22 .22 .22 .22 .41 .41 .41 .41
236 00200 00200 00020 00200 .22 .22 .22 .22 .41 .41 .41 .41
237 00200 00200 00020 00200 .22 .22 .22 .22 .41 .41 .41 .41
238 00200 00200 00020 00200 .22 .22 .22 .22 .41 .41 .41 .41
239 00200 00200 00020 00200 .22 .22 .22 .22 .41 .41 .41 .41
240 20200 00200 00020 00200 .05 .05 .05 .05 .24 .24 .24 .24
241 20200 00200 00020 00200 .05 .05 .05 .05 .24 .24 .24 .24
242 20200 00200 00020 00200 .05 .05 .05 .05 .24 .24 .24 .24
243 20200 00200 02000 00200 .05 .05 .05 .05 .24 .24 .24 .24
244 20200 00200 02000 00200 .05 .05 .05 .05 .24 .24 .24 .24
245 20200 00200 02000 00200 .05 .05 .05 .05 .24 .24 .24 .24
246 20200 00200 02020 00200 -0.12 -0.12 -0.12 -0.12 .10 .10 .10 .10
247 20200 00200 02020 00200 -0.12 -0.12 -0.12 -0.12 .10 .10 .10 .10
248 20200 00200 02020 00200 -0.12 -0.12 -0.12 -0.12 .10 .10 .10 .10
249 20200 00200 02020 00200 -0.12 -0.12 -0.12 -0.12 .10 .10 .10 .10
250 20200 20200 02020 20200 -0.04 -0.04 -0.04 -0.04 .21 .21 .21 .21
251 20200 20200 02020 20200 -0.04 -0.04 -0.04 -0.04 .21 .21 .21 .21
252 20200 20200 02020 20200 -0.04 -0.04 -0.04 -0.04 .21 .21 .21 .21
253 20200 20200 02020 20200 -0.04 -0.04 -0.04 -0.04 .21 .21 .21 .21
254 20200 20200 02020 20200 -0.04 -0.04 -0.04 -0.04 .21 .21 .21 .21
255 20200 20200 02020 20200 -0.04 -0.04 -0.04 -0.04 .21 .21 .21 .21
256 20200 20200 02020 20200 -0.04 -0.04 -0.04 -0.04 .21 .21 .21 .21
257 20200 20200 02020 20200 -0.04 -0.04 -0.04 -0.04 .21 .21 .21 .21
258 20200 20200 02020 20200 -0.04 -0.04 -0.04 -0.04 .21 .21 .21 .21
259 20200 20200 02020 20200 -0.04 -0.04 -0.04 -0.04 .21 .21 .21 .21
260 20020 20000 02020 20020 .16 .16 .16 .16 .37 .37 .37 .37
261 20020 20000 00020 20020 .36 .36 .36 .36 .55 .55 .55 .55
262 20020 20000 00020 20020 .36 .36 .36 .36 .55 .55 .55 .55
263 20020 20000 00020 20020 .36 .36 .36 .36 .55 .55 .55 .55
264 20020 20000 00020 20020 .36 .36 .36 .36 .55 .55 .55 .55
265 20020 20000 00020 20020 .36 .36 .36 .36 .55 .55 .55 .55
266 20020 20000 00020 20020 .36 .36 .36 .36 .55 .55 .55 .55
267 20020 20000 00020 20020 .36 .36 .36 .36 .55 .55 .55 .55
268 20020 20000 00020 20020 .36 .36 .36 .36 .55 .55 .55 .55
269 20020 20000 00020 20020 .36 .36 .36 .36 .55 .55 .55 .55
270 20000 20000 00020 20000 .22 .22 .22 .22 .41 .41 .41 .41
271 20000 20000 00020 20000 .22 .22 .22 .22 .41 .41 .41 .41
272 20000 20000 00020 20000 .22 .22 .22 .22 .41 .41 .41 .41
273 20000 20000 00020 20000 .22 .22 .22 .22 .41 .41 .41 .41
274 20000 20000 00020 20000 .22 .22 .22 .22 .41 .41 .41 .41
275 20000 20000 00020 20000 .22 .22 .22 .22 .41 .41 .41 .41
276 20000 20000 20000 20000 1.00 1.00 1.00 1.00 1.00 1.00 1.00 1.00
277 20000 20000 20000 20000 1.00 1.00 1.00 1.00 1.00 1.00 1.00 1.00
278 20000 20000 20000 20000 1.00 1.00 1.00 1.00 1.00 1.00 1.00 1.00
279 20000 20000 20000 20000 1.00 1.00 1.00 1.00 1.00 1.00 1.00 1.00
280 20000 20000 20000 20000 1.00 1.00 1.00 1.00 1.00 1.00 1.00 1.00
281 20000 20000 20000 20000 1.00 1.00 1.00 1.00 1.00 1.00 1.00 1.00
282 20000 20000 20000 20000 1.00 1.00 1.00 1.00 1.00 1.00 1.00 1.00
283 20000 20000 20000 20000 1.00 1.00 1.00 1.00 1.00 1.00 1.00 1.00
284 20000 20000 20000 20000 1.00 1.00 1.00 1.00 1.00 1.00 1.00 1.00
285 20000 20000 20000 20000 1.00 1.00 1.00 1.00 1.00 1.00 1.00 1.00
286 20000 20000 20000 20000 1.00 1.00 1.00 1.00 1.00 1.00 1.00 1.00
287 20000 20000 20000 20000 1.00 1.00 1.00 1.00 1.00 1.00 1.00 1.00
288 20000 20000 20000 20000 1.00 1.00 1.00 1.00 1.00 1.00 1.00 1.00
289 20000 20000 20000 20000 1.00 1.00 1.00 1.00 1.00 1.00 1.00 1.00
290 20000 20000 20000 20000 1.00 1.00 1.00 1.00 1.00 1.00 1.00 1.00
291 20000 20000 00000 20000 .46 .46 .46 .46 .63 .63 .63 .63
292 20000 20000 00000 20000 .46 .46 .46 .46 .63 .63 .63 .63
293 20000 20000 00000 20000 .46 .46 .46 .46 .63 .63 .63 .63
294 20000 20000 00000 20000 .46 .46 .46 .46 .63 .63 .63 .63
295 20000 20000 00000 20000 .46 .46 .46 .46 .63 .63 .63 .63
296 20000 20000 00000 20000 .46 .46 .46 .46 .63 .63 .63 .63
297 20000 20000 00000 20000 .46 .46 .46 .46 .63 .63 .63 .63
298 20000 20000 00000 20000 .46 .46 .46 .46 .63 .63 .63 .63
299 20000 20000 00000 20000 .46 .46 .46 .46 .63 .63 .63 .63
300 20000 20000 00000 20000 .46 .46 .46 .46 .63 .63 .63 .63
301 20000 20000 00000 20000 .46 .46 .46 .46 .63 .63 .63 .63
302 20000 20000 00000 20000 .46 .46 .46 .46 .63 .63 .63 .63
303 20000 20000 00000 20000 .46 .46 .46 .46 .63 .63 .63 .63
304 20000 20000 00000 20000 .46 .46 .46 .46 .63 .63 .63 .63
305 20000 20000 00000 20000 .46 .46 .46 .46 .63 .63 .63 .63
306 20000 20000 00000 20000 .46 .46 .46 .46 .63 .63 .63 .63
307 20000 20000 00000 20000 .46 .46 .46 .46 .63 .63 .63 .63
308 20000 20000 00000 20000 .46 .46 .46 .46 .63 .63 .63 .63
309 20000 20000 00000 20000 .46 .46 .46 .46 .63 .63 .63 .63
310 20000 20000 00000 20000 .46 .46 .46 .46 .63 .63 .63 .63
311 20000 20000 00000 20000 .46 .46 .46 .46 .63 .63 .63 .63
312 20000 20000 00000 20000 .46 .46 .46 .46 .63 .63 .63 .63
313 20000 20000 00000 20000 .46 .46 .46 .46 .63 .63 .63 .63
314 20000 20000 00000 20000 .46 .46 .46 .46 .63 .63 .63 .63
315 20000 20000 00000 20000 .46 .46 .46 .46 .63 .63 .63 .63
316 20000 20000 00000 20000 .46 .46 .46 .46 .63 .63 .63 .63
317 20000 20000 00000 20000 .46 .46 .46 .46 .63 .63 .63 .63
318 20000 20000 00000 20000 .46 .46 .46 .46 .63 .63 .63 .63
319 20000 20000 00000 20000 .46 .46 .46 .46 .63 .63 .63 .63
320 20000 20000 00000 20000 .46 .46 .46 .46 .63 .63 .63 .63
321 20000 20000 20000 20000 1.00 1.00 1.00 1.00 1.00 1.00 1.00 1.00
322 20000 20000 20000 20000 1.00 1.00 1.00 1.00 1.00 1.00 1.00 1.00
323 20000 20000 20000 20000 1.00 1.00 1.00 1.00 1.00 1.00 1.00 1.00
324 20000 20000 20000 20000 1.00 1.00 1.00 1.00 1.00 1.00 1.00 1.00
325 20000 20000 20000 20000 1.00 1.00 1.00 1.00 1.00 1.00 1.00 1.00
326 20000 20000 20000 20000 1.00 1.00 1.00 1.00 1.00 1.00 1.00 1.00
327 20000 20000 20000 20000 1.00 1.00 1.00 1.00 1.00 1.00 1.00 1.00
328 20000 20000 20000 20000 1.00 1.00 1.00 1.00 1.00 1.00 1.00 1.00
329 20000 20000 20000 20000 1.00 1.00 1.00 1.00 1.00 1.00 1.00 1.00
330 20000 20000 20000 20000 1.00 1.00 1.00 1.00 1.00 1.00 1.00 1.00
331 20000 20000 20000 20000 1.00 1.00 1.00 1.00 1.00 1.00 1.00 1.00
332 20000 20000 20000 20000 1.00 1.00 1.00 1.00 1.00 1.00 1.00 1.00
333 20000 20000 20000 20000 1.00 1.00 1.00 1.00 1.00 1.00 1.00 1.00
334 20000 20000 20000 20000 1.00 1.00 1.00 1.00 1.00 1.00 1.00 1.00
335 20000 20000 20000 20000 1.00 1.00 1.00 1.00 1.00 1.00 1.00 1.00
336 20000 20000 20020 20000 .68 .68 .68 .68 .75 .75 .75 .75
337 20000 20000 20020 20000 .68 .68 .68 .68 .75 .75 .75 .75
338 20000 20000 20020 20000 .68 .68 .68 .68 .75 .75 .75 .75
339 20000 20000 20020 20000 .68 .68 .68 .68 .75 .75 .75 .75
340 20000 20000 20020 20000 .68 .68 .68 .68 .75 .75 .75 .75
