0 00002 00002 00000 00002 .46 .46 .46 .46 .63 .63 .63 .63
1 00002 00002 00020 00002 .22 .22 .22 .22 .41 .41 .41 .41
2 00002 00002 00020 00002 .22 .22 .22 .22 .41 .41 .41 .41
3 00002 00002 00020 00002 .22 .22 .22 .22 .41 .41 .41 .41
4 00002 00002 00020 00002 .22 .22 .22 .22 .41 .41 .41 .41
5 00002 00002 00020 00002 .22 .22 .22 .22 .41 .41 .41 .41
6 00002 00002 00020 00002 .22 .22 .22 .22 .41 .41 .41 .41
7 00002 00002 00020 00002 .22 .22 .22 .22 .41 .41 .41 .41
8 00002 00002 00020 00002 .22 .22 .22 .22 .41 .41 .41 .41
9 00002 00002 00020 00002 .22 .22 .22 .22 .41 .41 .41 .41
10 00002 00002 00020 00002 .22 .22 .22 .22 .41 .41 .41 .41
11 00002 00002 00020 00002 .22 .22 .22 .22 .41 .41 .41 .41
12 00002 00002 00020 00002 .22 .22 .22 .22 .41 .41 .41 .41
13 00002 00002 00020 00002 .22 .22 .22 .22 .41 .41 .41 .41
14 00002 00002 00020 00002 .22 .22 .22 .22 .41 .41 .41 .41
15 00002 00002 00020 00002 .22 .22 .22 .22 .41 .41 .41 .41
16 00002 00002 00020 00002 .22 .22 .22 .22 .41 .41 .41 .41
17 00002 00002 00020 00002 .22 .22 .22 .22 .41 .41 .41 .41
18 00002 00002 00020 00002 .22 .22 .22 .22 .41 .41 .41 .41
19 00002 00002 00020 00002 .22 .22 .22 .22 .41 .41 .41 .41
20 00002 00002 00020 00002 .22 .22 .22 .22 .41 .41 .41 .41
21 00002 00002 00020 00002 .22 .22 .22 .22 .41 .41 .41 .41
22 00002 00002 00020 00002 .22 .22 .22 .22 .41 .41 .41 .41
23 00002 00002 00020 00002 .22 .22 .22 .22 .41 .41 .41 .41
24 00002 00002 00020 00002 .22 .22 .22 .22 .41 .41 .41 .41
25 00002 00002 00020 00002 .22 .22 .22 .22 .41 .41 .41 .41
26 00002 00002 00020 00002 .22 .22 .22 .22 .41 .41 .41 .41
27 00002 00002 00020 00002 .22 .22 .22 .22 .41 .41 .41 .41
28 00002 00002 00020 00002 .22 .22 .22 .22 .41 .41 .41 .41
29 00002 00002 00020 00002 .22 .22 .22 .22 .41 .41 .41 .41
30 00002 00002 00020 00002 .22 .22 .22 .22 .41 .41 .41 .41
31 00002 00002 00020 00002 .22 .22 .22 .22 .41 .41 .41 .41
32 00002 00002 00020 00002 .22 .22 .22 .22 .41 .41 .41 .41
33 00002 00002 00020 00002 .22 .22 .22 .22 .41 .41 .41 .41
34 00002 00002 00020 00002 .22 .22 .22 .22 .41 .41 .41 .41
35 00002 00002 00020 00002 .22 .22 .22 .22 .41 .41 .41 .41
36 00002 00002 00020 00002 .22 .22 .22 .22 .41 .41 .41 .41
37 00002 00002 00020 00002 .22 .22 .22 .22 .41 .41 .41 .41
38 00002 00002 00020 00002 .22 .22 .22 .22 .41 .41 .41 .41
39 00002 00002 00020 00002 .22 .22 .22 .22 .41 .41 .41 .41
40 00002 00002 00020 00002 .22 .22 .22 .22 .41 .41 .41 .41
41 00002 00002 00020 00002 .22 .22 .22 .22 .41 .41 .41 .41
42 00002 00002 00020 00002 .22 .22 .22 .22 .41 .41 .41 .41
43 00002 00002 00020 00002 .22 .22 .22 .22 .41 .41 .41 .41
44 00002 00002 00020 00002 .22 .22 .22 .22 .41 .41 .41 .41
45 00002 00002 00020 00002 .22 .22 .22 .22 .41 .41 .41 .41
46 00002 00002 00020 00002 .22 .22 .22 .22 .41 .41 .41 .41
47 00002 00002 00020 00002 .22 .22 .22 .22 .41 .41 .41 .41
48 00002 00002 00020 00002 .22 .22 .22 .22 .41 .41 .41 .41
49 00002 00002 00020 00002 .22 .22 .22 .22 .41 .41 .41 .41
50 00202 00202 00020 00202 .16 .16 .16 .16 .37 .37 .37 .37
51 00202 00202 00020 00202 .16 .16 .16 .16 .37 .37 .37 .37
52 00202 00202 00020 00202 .16 .16 .16 .16 .37 .37 .37 .37
53 00202 00202 00020 00202 .16 .16 .16 .16 .37 .37 .37 .37
54 00202 00202 00020 00202 .16 .16 .16 .16 .37 .37 .37 .37
55 00202 00202 00020 00202 .16 .16 .16 .16 .37 .37 .37 .37
56 00202 00202 00020 00202 .16 .16 .16 .16 .37 .37 .37 .37
57 00202 00202 00020 00202 .16 .16 .16 .16 .37 .37 .37 .37
58 00202 00202 00020 00202 .16 .16 .16 .16 .37 .37 .37 .37
59 00202 00202 00020 00202 .16 .16 .16 .16 .37 .37 .37 .37
60 00202 00202 00020 00202 .16 .16 .16 .16 .37 .37 .37 .37
61 00202 00202 00020 00202 .16 .16 .16 .16 .37 .37 .37 .37
62 00202 00202 00020 00202 .16 .16 .16 .16 .37 .37 .37 .37
63 00202 00202 00020 00202 .16 .16 .16 .16 .37 .37 .37 .37
64 00202 00202 00020 00202 .16 .16 .16 .16 .37 .37 .37 .37
65 00202 00202 00020 00202 .16 .16 .16 .16 .37 .37 .37 .37
66 00202 00202 00020 00202 .16 .16 .16 .16 .37 .37 .37 .37
67 00202 00202 00020 00202 .16 .16 .16 .16 .37 .37 .37 .37
68 00202 00202 00020 00202 .16 .16 .16 .16 .37 .37 .37 .37
69 00202 00202 00020 00202 .16 .16 .16 .16 .37 .37 .37 .37
70 00202 00202 00020 00202 .16 .16 .16 .16 .37 .37 .37 .37
71 00202 00202 00020 00202 .16 .16 .16 .16 .37 .37 .37 .37
72 00202 00202 00020 00202 .16 .16 .16 .16 .37 .37 .37 .37
73 00202 00202 00020 00202 .16 .16 .16 .16 .37 .37 .37 .37
74 00202 00202 00020 00202 .16 .16 .16 .16 .37 .37 .37 .37
75 00202 00202 00020 00202 .16 .16 .16 .16 .37 .37 .37 .37
76 00202 00202 00020 00202 .16 .16 .16 .16 .37 .37 .37 .37
77 00202 00202 00020 00202 .16 .16 .16 .16 .37 .37 .37 .37
78 00202 00202 00020 00202 .16 .16 .16 .16 .37 .37 .37 .37
79 00202 00202 00020 00202 .16 .16 .16 .16 .37 .37 .37 .37
80 00200 00200 00020 00200 .22 .22 .22 .22 .41 .41 .41 .41
81 00200 00200 00020 00200 .22 .22 .22 .22 .41 .41 .41 .41
82 00200 00200 00020 00200 .22 .22 .22 .22 .41 .41 .41 .41
83 00200 00200 00020 00200 .22 .22 .22 .22 .41 .41 .41 .41
84 00200 00200 00020 00200 .22 .22 .22 .22 .41 .41 .41 .41
85 00200 00200 00020 00200 .22 .22 .22 .22 .41 .41 .41 .41
86 00200 00200 00020 00200 .22 .22 .22 .22 .41 .41 .41 .41
87 00200 00200 00020 00200 .22 .22 .22 .22 .41 .41 .41 .41
88 00200 00200 00020 00200 .22 .22 .22 .22 .41 .41 .41 .41
89 00200 00200 00020 00200 .22 .22 .22 .22 .41 .41 .41 .41
90 00200 00200 00020 00200 .22 .22 .22 .22 .41 .41 .41 .41
91 00200 00200 00020 00200 .22 .22 .22 .22 .41 .41 .41 .41
92 00200 00200 00020 00200 .22 .22 .22 .22 .41 .41 .41 .41
93 00200 00200 00020 00200 .22 .22 .22 .22 .41 .41 .41 .41
94 00200 00200 00020 00200 .22 .22 .22 .22 .41 .41 .41 .41
95 00200 00200 00020 00200 .22 .22 .22 .22 .41 .41 .41 .41
96 00200 00200 00020 00200 .22 .22 .22 .22 .41 .41 .41 .41
97 00200 00200 00020 00200 .22 .22 .22 .22 .41 .41 .41 .41
98 00200 00200 00020 00200 .22 .22 .22 .22 .41 .41 .41 .41
99 00200 00200 00020 00200 .22 .22 .22 .22 .41 .41 .41 .41
100 00200 00200 00020 00200 .22 .22 .22 .22 .41 .41 .41 .41
101 00200 00200 00200 00200 1.00 1.00 1.00 1.00 1.00 1.00 1.00 1.00
102 00200 00200 00200 00200 1.00 1.00 1.00 1.00 1.00 1.00 1.00 1.00
103 00200 00200 00200 00200 1.00 1.00 1.00 1.00 1.00 1.00 1.00 1.00
104 00200 00200 00200 00200 1.00 1.00 1.00 1.00 1.00 1.00 1.00 1.00
105 00200 00200 00200 00200 1.00 1.00 1.00 1.00 1.00 1.00 1.00 1.00
106 00200 00200 00200 00200 1.00 1.00 1.00 1.00 1.00 1.00 1.00 1.00
107 00200 00200 00200 00200 1.00 1.00 1.00 1.00 1.00 1.00 1.00 1.00
108 00200 00200 00200 00200 1.00 1.00 1.00 1.00 1.00 1.00 1.00 1.00
109 00200 00200 00200 00200 1.00 1.00 1.00 1.00 1.00 1.00 1.00 1.00
110 00200 00200 00200 00200 1.00 1.00 1.00 1.00 1.00 1.00 1.00 1.00
111 00200 00200 00200 00200 1.00 1.00 1.00 1.00 1.00 1.00 1.00 1.00
112 00200 00200 00200 00200 1.00 1.00 1.00 1.00 1.00 1.00 1.00 1.00
113 00200 00200 00200 00200 1.00 1.00 1.00 1.00 1.00 1.00 1.00 1.00
114 00200 00200 00200 00200 1.00 1.00 1.00 1.00 1.00 1.00 1.00 1.00
115 00200 00200 00200 00200 1.00 1.00 1.00 1.00 1.00 1.00 1.00 1.00
116 00200 00200 00200 00200 1.00 1.00 1.00 1.00 1.00 1.00 1.00 1.00
117 00200 00200 00200 00200 1.00 1.00 1.00 1.00 1.00 1.00 1.00 1.00
118 00200 00200 00200 00200 1.00 1.00 1.00 1.00 1.00 1.00 1.00 1.00
119 00200 00200 00200 00200 1.00 1.00 1.00 1.00 1.00 1.00 1.00 1.00
120 00200 00200 00200 00200 1.00 1.00 1.00 1.00 1.00 1.00 1.00 1.00
121 00200 00200 00200 00200 1.00 1.00 1.00 1.00 1.00 1.00 1.00 1.00
122 00200 00200 00200 00200 1.00 1.00 1.00 1.00 1.00 1.00 1.00 1.00
123 00200 00200 00200 00200 1.00 1.00 1.00 1.00 1.00 1.00 1.00 1.00
124 00200 00200 00200 00200 1.00 1.00 1.00 1.00 1.00 1.00 1.00 1.00
125 00200 00200 00200 00200 1.00 1.00 1.00 1.00 1.00 1.00 1.00 1.00
126 00200 00200 00020 00200 .22 .22 .22 .22 .41 .41 .41 .41
127 00200 00200 00020 00200 .22 .22 .22 .22 .41 .41 .41 .41
128 00200 00200 00020 00200 .22 .22 .22 .22 .41 .41 .41 .41
129 00200 00200 00200 00200 1.00 1.00 1.00 1.00 1.00 1.00 1.00 1.00
130 00200 00200 00200 00200 1.00 1.00 1.00 1.00 1.00 1.00 1.00 1.00
131 00200 00200 00200 00200 1.00 1.00 1.00 1.00 1.00 1.00 1.00 1.00
132 00200 00200 00200 00200 1.00 1.00 1.00 1.00 1.00 1.00 1.00 1.00
133 00200 00200 00200 00200 1.00 1.00 1.00 1.00 1.00 1.00 1.00 1.00
134 00200 00200 00200 00200 1.00 1.00 1.00 1.00 1.00 1.00 1.00 1.00
135 00200 00200 00200 00200 1.00 1.00 1.00 1.00 1.00 1.00 1.00 1.00
136 00200 00200 00200 00200 1.00 1.00 1.00 1.00 1.00 1.00 1.00 1.00
137 00200 00200 00200 00200 1.00 1.00 1.00 1.00 1.00 1.00 1.00 1.00
138 00200 00200 00200 00200 1.00 1.00 1.00 1.00 1.00 1.00 1.00 1.00
139 00200 00200 00200 00200 1.00 1.00 1.00 1.00 1.00 1.00 1.00 1.00
140 00201 00201 00200 00201 .75 .83 .90 .72 .82 .87 .93 .79
141 00201 00201 00200 00201 .75 .83 .90 .72 .82 .87 .93 .79
142 00201 00201 00200 00201 .75 .83 .90 .72 .82 .87 .93 .79
143 00201 00201 00200 00201 .75 .83 .90 .72 .82 .87 .93 .79
144 00201 00201 00020 00201 .25 .14 .14 .17 .45 .34 .34 .38
145 00201 00201 00020 00201 .25 .14 .14 .17 .45 .34 .34 .38
146 00201 00201 00020 00201 .25 .14 .14 .17 .45 .34 .34 .38
147 00201 00201 00020 00201 .25 .14 .14 .17 .45 .34 .34 .38
148 00201 00201 00020 00201 .25 .14 .14 .17 .45 .34 .34 .38
149 00201 00201 00020 00201 .25 .14 .14 .17 .45 .34 .34 .38
150 00201 00201 00020 00201 .25 .14 .14 .17 .45 .34 .34 .38
151 00201 00201 00020 00201 .25 .14 .14 .17 .45 .34 .34 .38
152 00201 00201 00020 00201 .25 .14 .14 .17 .45 .34 .34 .38
153 00201 00201 00020 00201 .25 .14 .14 .17 .45 .34 .34 .38
154 00201 00201 00020 00201 .25 .14 .14 .17 .45 .34 .34 .38
155 00201 00201 00020 00201 .25 .14 .14 .17 .45 .34 .34 .38
156 00201 00201 00020 00201 .25 .14 .14 .17 .45 .34 .34 .38
157 00201 00201 00020 00201 .25 .14 .14 .17 .45 .34 .34 .38
158 00201 00201 00020 00201 .25 .14 .14 .17 .45 .34 .34 .38
159 00201 00201 00200 00201 .75 .83 .90 .72 .82 .87 .93 .79
160 00201 00201 00200 00201 .75 .83 .90 .72 .82 .87 .93 .79
161 00201 00201 00200 00201 .75 .83 .90 .72 .82 .87 .93 .79
162 00201 00201 00200 00201 .75 .83 .90 .72 .82 .87 .93 .79
163 00201 00201 00200 00201 .75 .83 .90 .72 .82 .87 .93 .79
164 00201 00201 00200 00201 .75 .83 .90 .72 .82 .87 .93 .79
165 00201 00201 00200 00201 .75 .83 .90 .72 .82 .87 .93 .79
166 00201 00201 00200 00201 .75 .83 .90 .72 .82 .87 .93 .79
167 00201 00201 00200 00201 .75 .83 .90 .72 .82 .87 .93 .79
168 00201 00201 00200 00201 .75 .83 .90 .72 .82 .87 .93 .79
169 00201 00201 00200 00201 .75 .83 .90 .72 .82 .87 .93 .79
170 00202 00202 00200 00202 .72 .72 .72 .72 .79 .79 .79 .79
171 00202 00202 00200 00202 .72 .72 .72 .72 .79 .79 .79 .79
172 00202 00202 00200 00202 .72 .72 .72 .72 .79 .79 .79 .79
173 00202 00202 00200 00202 .72 .72 .72 .72 .79 .79 .79 .79
174 00202 00202 00200 00202 .72 .72 .72 .72 .79 .79 .79 .79
175 00202 00202 00200 00202 .72 .72 .72 .72 .79 .79 .79 .79
176 00202 00202 00200 00202 .72 .72 .72 .72 .79 .79 .79 .79
177 00202 00202 00200 00202 .72 .72 .72 .72 .79 .79 .79 .79
178 00202 00202 00200 00202 .72 .72 .72 .72 .79 .79 .79 .79
179 00202 00202 00200 00202 .72 .72 .72 .72 .79 .79 .79 .79
180 00202 00202 00200 00202 .72 .72 .72 .72 .79 .79 .79 .79
181 00202 00202 00200 00202 .72 .72 .72 .72 .79 .79 .79 .79
182 00202 00202 00200 00202 .72 .72 .72 .72 .79 .79 .79 .79
183 00202 00202 00200 00202 .72 .72 .72 .72 .79 .79 .79 .79
184 00202 00202 00200 00202 .72 .72 .72 .72 .79 .79 .79 .79
185 00202 00202 00200 00202 .72 .72 .72 .72 .79 .79 .79 .79
186 00202 00202 00200 00202 .72 .72 .72 .72 .79 .79 .79 .79
187 00202 00202 00200 00202 .72 .72 .72 .72 .79 .79 .79 .79
188 00202 00202 00200 00202 .72 .72 .72 .72 .79 .79 .79 .79
189 00202 00202 00000 00202 .36 .36 .36 .36 .55 .55 .55 .55
190 00202 00202 00000 00202 .36 .36 .36 .36 .55 .55 .55 .55
191 00202 00202 00000 00202 .36 .36 .36 .36 .55 .55 .55 .55
192 00202 00202 00000 00202 .36 .36 .36 .36 .55 .55 .55 .55
193 00202 00202 00000 00202 .36 .36 .36 .36 .55 .55 .55 .55
194 00202 00202 00000 00202 .36 .36 .36 .36 .55 .55 .55 .55
195 00202 00202 00000 00202 .36 .36 .36 .36 .55 .55 .55 .55
196 00202 00202 00000 00202 .36 .36 .36 .36 .55 .55 .55 .55
197 00202 00202 00000 00202 .36 .36 .36 .36 .55 .55 .55 .55
198 00202 00202 00000 00202 .36 .36 .36 .36 .55 .55 .55 .55
199 00202 00202 00000 00202 .36 .36 .36 .36 .55 .55 .55 .55
200 00202 00202 00000 00202 .36 .36 .36 .36 .55 .55 .55 .55
201 00202 00202 00000 00202 .36 .36 .36 .36 .55 .55 .55 .55
202 00202 00202 00000 00202 .36 .36 .36 .36 .55 .55 .55 .55
203 00202 00202 00000 00202 .36 .36 .36 .36 .55 .55 .55 .55
204 00202 00202 00000 00202 .36 .36 .36 .36 .55 .55 .55 .55
205 00202 00202 00000 00202 .36 .36 .36 .36 .55 .55 .55 .55
206 00202 00202 00000 00202 .36 .36 .36 .36 .55 .55 .55 .55
207 00202 00202 00000 00202 .36 .36 .36 .36 .55 .55 .55 .55
208 00202 00202 00000 00202 .36 .36 .36 .36 .55 .55 .55 .55
209 00202 00202 00000 00202 .36 .36 .36 .36 .55 .55 .55 .55
210 00202 00202 00000 00202 .36 .36 .36 .36 .55 .55 .55 .55
211 00202 00202 00000 00202 .36 .36 .36 .36 .55 .55 .55 .55
212 00202 00202 00000 00202 .36 .36 .36 .36 .55 .55 .55 .55
213 00202 00202 00000 00202 .36 .36 .36 .36 .55 .55 .55 .55
214 00202 00202 00000 00202 .36 .36 .36 .36 .55 .55 .55 .55
215 00202 00202 00000 00202 .36 .36 .36 .36 .55 .55 .55 .55
216 00202 00202 00000 00202 .36 .36 .36 .36 .55 .55 .55 .55
217 00202 00202 00000 00202 .36 .36 .36 .36 .55 .55 .55 .55
218 00202 00202 00000 00202 .36 .36 .36 .36 .55 .55 .55 .55
219 00202 00202 00200 00202 .72 .72 .72 .72 .79 .79 .79 .79
220 00202 00202 00200 00202 .72 .72 .72 .72 .79 .79 .79 .79
221 00202 00202 00200 00202 .72 .72 .72 .72 .79 .79 .79 .79
222 00202 00202 00200 00202 .72 .72 .72 .72 .79 .79 .79 .79
223 00202 00202 00200 00202 .72 .72 .72 .72 .79 .79 .79 .79
224 00202 00202 00200 00202 .72 .72 .72 .72 .79 .79 .79 .79
225 00202 00202 00200 00202 .72 .72 .72 .72 .79 .79 .79 .79
226 00202 00202 00200 00202 .72 .72 .72 .72 .79 .79 .79 .79
227 00202 00202 00200 00202 .72 .72 .72 .72 .79 .79 .79 .79
228 00202 00202 00200 00202 .72 .72 .72 .72 .79 .79 .79 .79
229 00202 00202 00200 00202 .72 .72 .72 .72 .79 .79 .79 .79
230 00202 00202 00200 00202 .72 .72 .72 .72 .79 .79 .79 .79
231 00202 00202 00200 00202 .72 .72 .72 .72 .79 .79 .79 .79
232 00202 00202 00200 00202 .72 .72 .72 .72 .79 .79 .79 .79
233 00202 00202 00200 00202 .72 .72 .72 .72 .79 .79 .79 .79
234 00202 00202 00000 00202 .36 .36 .36 .36 .55 .55 .55 .55
235 00202 00202 00000 00202 .36 .36 .36 .36 .55 .55 .55 .55
236 00202 00202 00000 00202 .36 .36 .36 .36 .55 .55 .55 .55
237 00202 00202 00000 00202 .36 .36 .36 .36 .55 .55 .55 .55
238 00202 00202 00000 00202 .36 .36 .36 .36 .55 .55 .55 .55
239 00202 00202 00000 00202 .36 .36 .36 .36 .55 .55 .55 .55
240 00202 00202 00000 00202 .36 .36 .36 .36 .55 .55 .55 .55
241 00202 00202 00000 00202 .36 .36 .36 .36 .55 .55 .55 .55
242 00202 00202 00000 00202 .36 .36 .36 .36 .55 .55 .55 .55
243 00202 00202 00000 00202 .36 .36 .36 .36 .55 .55 .55 .55
244 00202 00202 00000 00202 .36 .36 .36 .36 .55 .55 .55 .55
245 00202 00202 00000 00202 .36 .36 .36 .36 .55 .55 .55 .55
246 00202 00202 00000 00202 .36 .36 .36 .36 .55 .55 .55 .55
247 00202 00202 00000 00202 .36 .36 .36 .36 .55 .55 .55 .55
248 00202 00202 00000 00202 .36 .36 .36 .36 .55 .55 .55 .55
249 00202 00202 00200 00202 .72 .72 .72 .72 .79 .79 .79 .79
250 00202 00202 00200 00202 .72 .72 .72 .72 .79 .79 .79 .79
251 00202 00202 00200 00202 .72 .72 .72 .72 .79 .79 .79 .79
252 00202 00202 00200 00202 .72 .72 .72 .72 .79 .79 .79 .79
253 00202 00202 00200 00202 .72 .72 .72 .72 .79 .79 .79 .79
254 00202 00202 00200 00202 .72 .72 .72 .72 .79 .79 .79 .79
255 00202 00202 00200 00202 .72 .72 .72 .72 .79 .79 .79 .79
256 00202 00202 00200 00202 .72 .72 .72 .72 .79 .79 .79 .79
257 00202 00202 00200 00202 .72 .72 .72 .72 .79 .79 .79 .79
258 00202 00202 00200 00202 .72 .72 .72 .72 .79 .79 .79 .79
259 00202 00202 00200 00202 .72 .72 .72 .72 .79 .79 .79 .79
260 00202 00202 00200 00202 .72 .72 .72 .72 .79 .79 .79 .79
261 00202 00202 00200 00202 .72 .72 .72 .72 .79 .79 .79 .79
262 00202 00202 00200 00202 .72 .72 .72 .72 .79 .79 .79 .79
263 00202 00202 00200 00202 .72 .72 .72 .72 .79 .79 .79 .79
264 00202 00202 00200 00202 .72 .72 .72 .72 .79 .79 .79 .79
265 00202 00202 00200 00202 .72 .72 .72 .72 .79 .79 .79 .79
266 00202 00202 00200 00202 .72 .72 .72 .72 .79 .79 .79 .79
267 00202 00202 00200 00202 .72 .72 .72 .72 .79 .79 .79 .79
268 00202 00202 00200 00202 .72 .72 .72 .72 .79 .79 .79 .79
269 00202 00202 00200 00202 .72 .72 .72 .72 .79 .79 .79 .79
270 00202 00202 00200 00202 .72 .72 .72 .72 .79 .79 .79 .79
271 00202 00202 00200 00202 .72 .72 .72 .72 .79 .79 .79 .79
272 00202 00202 00200 00202 .72 .72 .72 .72 .79 .79 .79 .79
273 00202 00202 00200 00202 .72 .72 .72 .72 .79 .79 .79 .79
274 00202 00202 00200 00202 .72 .72 .72 .72 .79 .79 .79 .79
275 00202 00202 00200 00202 .72 .72 .72 .72 .79 .79 .79 .79
276 00202 00202 00200 00202 .72 .72 .72 .72 .79 .79 .79 .79
277 00202 00202 00200 00202 .72 .72 .72 .72 .79 .79 .79 .79
278 00202 00202 00200 00202 .72 .72 .72 .72 .79 .79 .79 .79
279 00202 00202 00200 00202 .72 .72 .72 .72 .79 .79 .79 .79
280 00202 00202 00200 00202 .72 .72 .72 .72 .79 .79 .79 .79
281 00202 00202 00200 00202 .72 .72 .72 .72 .79 .79 .79 .79
282 00202 00202 00200 00202 .72 .72 .72 .72 .79 .79 .79 .79
283 00202 00202 00200 00202 .72 .72 .72 .72 .79 .79 .79 .79
284 00202 00202 00200 00202 .72 .72 .72 .72 .79 .79 .79 .79
285 00202 00202 00200 00202 .72 .72 .72 .72 .79 .79 .79 .79
286 00202 00202 00200 00202 .72 .72 .72 .72 .79 .79 .79 .79
287 00202 00202 00200 00202 .72 .72 .72 .72 .79 .79 .79 .79
288 00202 00202 00200 00202 .72 .72 .72 .72 .79 .79 .79 .79
289 00202 00202 00200 00202 .72 .72 .72 .72 .79 .79 .79 .79
290 00202 00202 00200 00202 .72 .72 .72 .72 .79 .79 .79 .79
291 00202 00202 00200 00202 .72 .72 .72 .72 .79 .79 .79 .79
292 00202 00202 00200 00202 .72 .72 .72 .72 .79 .79 .79 .79
293 00202 00202 00200 00202 .72 .72 .72 .72 .79 .79 .79 .79
294 00202 00202 00000 00202 .36 .36 .36 .36 .55 .55 .55 .55
295 00202 00202 00000 00202 .36 .36 .36 .36 .55 .55 .55 .55
296 00202 00202 00000 00202 .36 .36 .36 .36 .55 .55 .55 .55
297 00202 00202 00000 00202 .36 .36 .36 .36 .55 .55 .55 .55
298 00202 00202 00000 00202 .36 .36 .36 .36 .55 .55 .55 .55
299 00202 00202 00000 00202 .36 .36 .36 .36 .55 .55 .55 .55
300 00202 00202 00000 00202 .36 .36 .36 .36 .55 .55 .55 .55
301 00202 00202 00000 00202 .36 .36 .36 .36 .55 .55 .55 .55
302 00202 00202 00000 00202 .36 .36 .36 .36 .55 .55 .55 .55
303 00202 00202 00000 00202 .36 .36 .36 .36 .55 .55 .55 .55
304 00202 00202 00000 00202 .36 .36 .36 .36 .55 .55 .55 .55
305 00202 00202 00000 00202 .36 .36 .36 .36 .55 .55 .55 .55
306 00202 00202 00000 00202 .36 .36 .36 .36 .55 .55 .55 .55
307 00202 00202 00000 00202 .36 .36 .36 .36 .55 .55 .55 .55
308 00202 00202 00000 00202 .36 .36 .36 .36 .55 .55 .55 .55
309 00202 00202 00000 00202 .36 .36 .36 .36 .55 .55 .55 .55
310 00202 00202 00000 00202 .36 .36 .36 .36 .55 .55 .55 .55
311 00202 00202 00000 00202 .36 .36 .36 .36 .55 .55 .55 .55
312 00202 00202 00000 00202 .36 .36 .36 .36 .55 .55 .55 .55
313 00202 00202 00000 00202 .36 .36 .36 .36 .55 .55 .55 .55
314 00202 00202 00000 00202 .36 .36 .36 .36 .55 .55 .55 .55
315 00202 00202 00000 00202 .36 .36 .36 .36 .55 .55 .55 .55
316 00202 00202 00000 00202 .36 .36 .36 .36 .55 .55 .55 .55
317 00202 00202 00000 00202 .36 .36 .36 .36 .55 .55 .55 .55
318 00202 00202 00000 00202 .36 .36 .36 .36 .55 .55 .55 .55
319 00202 00202 00000 00202 .36 .36 .36 .36 .55 .55 .55 .55
320 00202 00202 00000 00202 .36 .36 .36 .36 .55 .55 .55 .55
321 00202 00202 00000 00202 .36 .36 .36 .36 .55 .55 .55 .55
322 00202 00202 00000 00202 .36 .36 .36 .36 .55 .55 .55 .55
323 00202 00202 00000 00202 .36 .36 .36 .36 .55 .55 .55 .55
324 00202 00202 00000 00202 .36 .36 .36 .36 .55 .55 .55 .55
325 00202 00202 00000 00202 .36 .36 .36 .36 .55 .55 .55 .55
326 00202 00202 00000 00202 .36 .36 .36 .36 .55 .55 .55 .55
327 00202 00202 00000 00202 .36 .36 .36 .36 .55 .55 .55 .55
