0 00002 00002 00000 00002 .46 .46 .46 .46 .63 .63 .63 .63
1 00002 00002 00000 00002 .46 .46 .46 .46 .63 .63 .63 .63
2 00002 00002 00000 00002 .46 .46 .46 .46 .63 .63 .63 .63
3 00002 00002 00000 00002 .46 .46 .46 .46 .63 .63 .63 .63
4 00002 00002 00000 00002 .46 .46 .46 .46 .63 .63 .63 .63
5 00002 00002 00000 00002 .46 .46 .46 .46 .63 .63 .63 .63
6 00002 00002 00000 00002 .46 .46 .46 .46 .63 .63 .63 .63
7 00002 00002 00000 00002 .46 .46 .46 .46 .63 .63 .63 .63
8 00002 00002 00000 00002 .46 .46 .46 .46 .63 .63 .63 .63
9 00002 00002 00000 00002 .46 .46 .46 .46 .63 .63 .63 .63
10 00002 00002 00000 00002 .46 .46 .46 .46 .63 .63 .63 .63
11 00002 00002 00000 00002 .46 .46 .46 .46 .63 .63 .63 .63
12 00002 00002 00000 00002 .46 .46 .46 .46 .63 .63 .63 .63
13 00002 00002 00000 00002 .46 .46 .46 .46 .63 .63 .63 .63
14 00002 00002 00000 00002 .46 .46 .46 .46 .63 .63 .63 .63
15 00002 00002 00000 00002 .46 .46 .46 .46 .63 .63 .63 .63
16 00002 00002 00000 00002 .46 .46 .46 .46 .63 .63 .63 .63
17 00002 00002 00000 00002 .46 .46 .46 .46 .63 .63 .63 .63
18 00002 00002 00000 00002 .46 .46 .46 .46 .63 .63 .63 .63
19 00002 00002 00000 00002 .46 .46 .46 .46 .63 .63 .63 .63
20 00002 00002 00000 00002 .46 .46 .46 .46 .63 .63 .63 .63
21 00002 00002 00000 00002 .46 .46 .46 .46 .63 .63 .63 .63
22 00002 00002 00000 00002 .46 .46 .46 .46 .63 .63 .63 .63
23 00002 00002 00000 00002 .46 .46 .46 .46 .63 .63 .63 .63
24 00002 00002 00000 00002 .46 .46 .46 .46 .63 .63 .63 .63
25 00002 00002 00000 00002 .46 .46 .46 .46 .63 .63 .63 .63
26 00002 00002 00000 00002 .46 .46 .46 .46 .63 .63 .63 .63
27 00002 00002 00000 00002 .46 .46 .46 .46 .63 .63 .63 .63
28 00002 00002 00000 00002 .46 .46 .46 .46 .63 .63 .63 .63
29 00002 00002 00000 00002 .46 .46 .46 .46 .63 .63 .63 .63
30 00002 00002 00000 00002 .46 .46 .46 .46 .63 .63 .63 .63
31 00002 00002 00000 00002 .46 .46 .46 .46 .63 .63 .63 .63
32 00002 00002 00000 00002 .46 .46 .46 .46 .63 .63 .63 .63
33 00002 00002 00000 00002 .46 .46 .46 .46 .63 .63 .63 .63
34 00002 00002 00000 00002 .46 .46 .46 .46 .63 .63 .63 .63
35 00002 00002 00000 00002 .46 .46 .46 .46 .63 .63 .63 .63
36 00002 00002 00000 00002 .46 .46 .46 .46 .63 .63 .63 .63
37 00002 00002 00000 00002 .46 .46 .46 .46 .63 .63 .63 .63
38 00002 00002 00000 00002 .46 .46 .46 .46 .63 .63 .63 .63
39 00002 00002 00000 00002 .46 .46 .46 .46 .63 .63 .63 .63
40 00002 00002 00000 00002 .46 .46 .46 .46 .63 .63 .63 .63
41 00002 00002 00000 00002 .46 .46 .46 .46 .63 .63 .63 .63
42 00002 00002 00000 00002 .46 .46 .46 .46 .63 .63 .63 .63
43 00002 00002 00000 00002 .46 .46 .46 .46 .63 .63 .63 .63
44 00002 00002 00000 00002 .46 .46 .46 .46 .63 .63 .63 .63
45 00002 00002 00000 00002 .46 .46 .46 .46 .63 .63 .63 .63
46 00002 00002 00000 00002 .46 .46 .46 .46 .63 .63 .63 .63
47 00002 00002 00000 00002 .46 .46 .46 .46 .63 .63 .63 .63
48 00002 00002 00000 00002 .46 .46 .46 .46 .63 .63 .63 .63
49 00002 00002 00000 00002 .46 .46 .46 .46 .63 .63 .63 .63
50 00002 00002 00000 00002 .46 .46 .46 .46 .63 .63 .63 .63
51 00002 00002 00000 00002 .46 .46 .46 .46 .63 .63 .63 .63
52 00002 00002 00000 00002 .46 .46 .46 .46 .63 .63 .63 .63
53 00002 00002 00000 00002 .46 .46 .46 .46 .63 .63 .63 .63
54 00002 00002 00000 00002 .46 .46 .46 .46 .63 .63 .63 .63
55 00002 00002 00000 00002 .46 .46 .46 .46 .63 .63 .63 .63
56 00002 00002 00000 00002 .46 .46 .46 .46 .63 .63 .63 .63
57 00002 00002 00000 00002 .46 .46 .46 .46 .63 .63 .63 .63
58 00002 00002 00000 00002 .46 .46 .46 .46 .63 .63 .63 .63
59 00002 00002 00020 00002 .22 .22 .22 .22 .41 .41 .41 .41
60 00202 00202 00020 00202 .16 .16 .16 .16 .37 .37 .37 .37
61 00202 00202 00020 00202 .16 .16 .16 .16 .37 .37 .37 .37
62 00202 00202 00020 00202 .16 .16 .16 .16 .37 .37 .37 .37
63 00202 00202 00020 00202 .16 .16 .16 .16 .37 .37 .37 .37
64 00202 00202 00020 00202 .16 .16 .16 .16 .37 .37 .37 .37
65 00202 00202 00020 00202 .16 .16 .16 .16 .37 .37 .37 .37
66 00202 00202 00020 00202 .16 .16 .16 .16 .37 .37 .37 .37
67 00202 00202 00020 00202 .16 .16 .16 .16 .37 .37 .37 .37
68 00202 00202 00020 00202 .16 .16 .16 .16 .37 .37 .37 .37
69 00202 00202 00020 00202 .16 .16 .16 .16 .37 .37 .37 .37
70 00202 00202 00020 00202 .16 .16 .16 .16 .37 .37 .37 .37
71 00202 00202 00020 00202 .16 .16 .16 .16 .37 .37 .37 .37
72 00202 00202 00020 00202 .16 .16 .16 .16 .37 .37 .37 .37
73 00202 00202 00020 00202 .16 .16 .16 .16 .37 .37 .37 .37
74 00202 00202 00020 00202 .16 .16 .16 .16 .37 .37 .37 .37
75 00202 00202 00020 00202 .16 .16 .16 .16 .37 .37 .37 .37
76 00202 00202 00020 00202 .16 .16 .16 .16 .37 .37 .37 .37
77 00202 00202 00020 00202 .16 .16 .16 .16 .37 .37 .37 .37
78 00202 00202 00020 00202 .16 .16 .16 .16 .37 .37 .37 .37
79 00202 00202 00020 00202 .16 .16 .16 .16 .37 .37 .37 .37
80 00200 00200 00020 00200 .22 .22 .22 .22 .41 .41 .41 .41
81 00200 00200 00020 00200 .22 .22 .22 .22 .41 .41 .41 .41
82 00200 00200 00020 00200 .22 .22 .22 .22 .41 .41 .41 .41
83 00200 00200 00020 00200 .22 .22 .22 .22 .41 .41 .41 .41
84 00200 00200 00020 00200 .22 .22 .22 .22 .41 .41 .41 .41
85 00200 00200 00020 00200 .22 .22 .22 .22 .41 .41 .41 .41
86 00200 00200 00020 00200 .22 .22 .22 .22 .41 .41 .41 .41
87 00200 00200 00020 00200 .22 .22 .22 .22 .41 .41 .41 .41
88 00200 00200 00020 00200 .22 .22 .22 .22 .41 .41 .41 .41
89 00200 00200 00020 00200 .22 .22 .22 .22 .41 .41 .41 .41
90 00200 00200 00020 00200 .22 .22 .22 .22 .41 .41 .41 .41
91 00200 00200 00020 00200 .22 .22 .22 .22 .41 .41 .41 .41
92 00200 00200 00200 00200 1.00 1.00 1.00 1.00 1.00 1.00 1.00 1.00
93 00200 00200 00200 00200 1.00 1.00 1.00 1.00 1.00 1.00 1.00 1.00
94 00200 00200 00200 00200 1.00 1.00 1.00 1.00 1.00 1.00 1.00 1.00
95 00200 00200 00200 00200 1.00 1.00 1.00 1.00 1.00 1.00 1.00 1.00
96 00200 00200 00200 00200 1.00 1.00 1.00 1.00 1.00 1.00 1.00 1.00
97 00200 00200 00200 00200 1.00 1.00 1.00 1.00 1.00 1.00 1.00 1.00
98 00200 00200 00200 00200 1.00 1.00 1.00 1.00 1.00 1.00 1.00 1.00
99 00200 00200 00200 00200 1.00 1.00 1.00 1.00 1.00 1.00 1.00 1.00
100 00200 00200 00200 00200 1.00 1.00 1.00 1.00 1.00 1.00 1.00 1.00
101 00200 00200 00200 00200 1.00 1.00 1.00 1.00 1.00 1.00 1.00 1.00
102 00200 00200 00200 00200 1.00 1.00 1.00 1.00 1.00 1.00 1.00 1.00
103 00200 00200 00200 00200 1.00 1.00 1.00 1.00 1.00 1.00 1.00 1.00
104 00200 00200 00200 00200 1.00 1.00 1.00 1.00 1.00 1.00 1.00 1.00
105 00200 00200 00200 00200 1.00 1.00 1.00 1.00 1.00 1.00 1.00 1.00
106 00200 00200 00200 00200 1.00 1.00 1.00 1.00 1.00 1.00 1.00 1.00
107 00200 00200 00020 00200 .22 .22 .22 .22 .41 .41 .41 .41
108 00200 00200 00020 00200 .22 .22 .22 .22 .41 .41 .41 .41
109 00200 00200 00020 00200 .22 .22 .22 .22 .41 .41 .41 .41
110 00200 00200 00020 00200 .22 .22 .22 .22 .41 .41 .41 .41
111 00200 00200 00020 00200 .22 .22 .22 .22 .41 .41 .41 .41
112 00200 00200 00020 00200 .22 .22 .22 .22 .41 .41 .41 .41
113 00200 00200 00020 00200 .22 .22 .22 .22 .41 .41 .41 .41
114 00200 00200 00020 00200 .22 .22 .22 .22 .41 .41 .41 .41
115 00200 00200 00020 00200 .22 .22 .22 .22 .41 .41 .41 .41
116 00200 00200 00020 00200 .22 .22 .22 .22 .41 .41 .41 .41
117 00200 00200 00020 00200 .22 .22 .22 .22 .41 .41 .41 .41
118 00200 00200 00020 00200 .22 .22 .22 .22 .41 .41 .41 .41
119 00200 00200 00020 00200 .22 .22 .22 .22 .41 .41 .41 .41
120 00200 00200 00020 00200 .22 .22 .22 .22 .41 .41 .41 .41
121 00200 00200 00020 00200 .22 .22 .22 .22 .41 .41 .41 .41
122 00200 00200 00020 00200 .22 .22 .22 .22 .41 .41 .41 .41
123 00200 00200 00020 00200 .22 .22 .22 .22 .41 .41 .41 .41
124 00200 00200 00020 00200 .22 .22 .22 .22 .41 .41 .41 .41
125 00200 00200 00020 00200 .22 .22 .22 .22 .41 .41 .41 .41
126 00200 00200 00020 00200 .22 .22 .22 .22 .41 .41 .41 .41
127 00200 00200 00020 00200 .22 .22 .22 .22 .41 .41 .41 .41
128 00200 00200 00020 00200 .22 .22 .22 .22 .41 .41 .41 .41
129 00200 00200 00020 00200 .22 .22 .22 .22 .41 .41 .41 .41
130 00200 00200 00020 00200 .22 .22 .22 .22 .41 .41 .41 .41
131 00200 00200 00020 00200 .22 .22 .22 .22 .41 .41 .41 .41
132 00200 00200 00020 00200 .22 .22 .22 .22 .41 .41 .41 .41
133 00200 00200 00020 00200 .22 .22 .22 .22 .41 .41 .41 .41
134 00200 00200 00020 00200 .22 .22 .22 .22 .41 .41 .41 .41
135 00200 00200 00020 00200 .22 .22 .22 .22 .41 .41 .41 .41
136 00200 00200 00020 00200 .22 .22 .22 .22 .41 .41 .41 .41
137 00200 00200 02020 00200 .05 .05 .05 .05 .24 .24 .24 .24
138 00200 00200 02020 00200 .05 .05 .05 .05 .24 .24 .24 .24
139 00200 00200 02020 00200 .05 .05 .05 .05 .24 .24 .24 .24
140 00200 00200 02020 00200 .05 .05 .05 .05 .24 .24 .24 .24
141 00200 00200 02020 00200 .05 .05 .05 .05 .24 .24 .24 .24
142 00200 00200 02020 00200 .05 .05 .05 .05 .24 .24 .24 .24
143 00200 00200 02020 00200 .05 .05 .05 .05 .24 .24 .24 .24
144 00200 00200 02020 00200 .05 .05 .05 .05 .24 .24 .24 .24
145 00200 00200 02020 00200 .05 .05 .05 .05 .24 .24 .24 .24
146 00200 00200 02020 00200 .05 .05 .05 .05 .24 .24 .24 .24
147 00200 00200 02020 00200 .05 .05 .05 .05 .24 .24 .24 .24
148 00200 00200 02020 00200 .05 .05 .05 .05 .24 .24 .24 .24
149 00200 00200 02020 00200 .05 .05 .05 .05 .24 .24 .24 .24
150 00200 00200 02020 00200 .05 .05 .05 .05 .24 .24 .24 .24
151 00200 00200 02020 00200 .05 .05 .05 .05 .24 .24 .24 .24
152 00200 00200 00020 00200 .22 .22 .22 .22 .41 .41 .41 .41
153 00200 00200 00020 00200 .22 .22 .22 .22 .41 .41 .41 .41
154 00200 00200 00020 00200 .22 .22 .22 .22 .41 .41 .41 .41
155 00200 00200 00020 00200 .22 .22 .22 .22 .41 .41 .41 .41
156 00200 00200 00020 00200 .22 .22 .22 .22 .41 .41 .41 .41
157 00200 00200 00020 00200 .22 .22 .22 .22 .41 .41 .41 .41
158 00200 00200 00020 00200 .22 .22 .22 .22 .41 .41 .41 .41
159 00200 00200 00020 00200 .22 .22 .22 .22 .41 .41 .41 .41
160 00200 00200 00020 00200 .22 .22 .22 .22 .41 .41 .41 .41
161 00200 00200 00020 00200 .22 .22 .22 .22 .41 .41 .41 .41
162 00200 00200 00020 00200 .22 .22 .22 .22 .41 .41 .41 .41
163 00200 00200 00020 00200 .22 .22 .22 .22 .41 .41 .41 .41
164 00200 00200 00020 00200 .22 .22 .22 .22 .41 .41 .41 .41
165 00200 00200 00020 00200 .22 .22 .22 .22 .41 .41 .41 .41
166 00200 00200 00020 00200 .22 .22 .22 .22 .41 .41 .41 .41
167 00200 00200 00020 00200 .22 .22 .22 .22 .41 .41 .41 .41
168 00200 00200 00020 00200 .22 .22 .22 .22 .41 .41 .41 .41
169 00200 00200 00020 00200 .22 .22 .22 .22 .41 .41 .41 .41
170 00200 00200 00020 00200 .22 .22 .22 .22 .41 .41 .41 .41
171 00200 00200 00020 00200 .22 .22 .22 .22 .41 .41 .41 .41
172 00200 00200 00020 00200 .22 .22 .22 .22 .41 .41 .41 .41
173 00200 00200 00020 00200 .22 .22 .22 .22 .41 .41 .41 .41
174 00200 00200 00020 00200 .22 .22 .22 .22 .41 .41 .41 .41
175 00200 00200 00020 00200 .22 .22 .22 .22 .41 .41 .41 .41
176 00200 00200 02200 00200 .68 .68 .68 .68 .75 .75 .75 .75
177 00200 00200 02200 00200 .68 .68 .68 .68 .75 .75 .75 .75
178 00200 00200 02200 00200 .68 .68 .68 .68 .75 .75 .75 .75
179 00200 00200 02020 00200 .05 .05 .05 .05 .24 .24 .24 .24
180 00200 00200 02020 00200 .05 .05 .05 .05 .24 .24 .24 .24
181 00200 00200 02020 00200 .05 .05 .05 .05 .24 .24 .24 .24
182 00200 00200 02020 00200 .05 .05 .05 .05 .24 .24 .24 .24
183 00200 00200 02020 00200 .05 .05 .05 .05 .24 .24 .24 .24
184 00200 00200 02020 00200 .05 .05 .05 .05 .24 .24 .24 .24
185 00200 00200 02020 00200 .05 .05 .05 .05 .24 .24 .24 .24
186 00200 00200 02020 00200 .05 .05 .05 .05 .24 .24 .24 .24
187 00200 00200 02020 00200 .05 .05 .05 .05 .24 .24 .24 .24
188 00200 00200 02020 00200 .05 .05 .05 .05 .24 .24 .24 .24
189 00200 00200 02020 00200 .05 .05 .05 .05 .24 .24 .24 .24
190 02200 00200 02020 02200 .16 .16 .16 .16 .37 .37 .37 .37
191 02200 00200 02020 02200 .16 .16 .16 .16 .37 .37 .37 .37
192 02200 00200 02020 02200 .16 .16 .16 .16 .37 .37 .37 .37
193 02200 00200 02020 02200 .16 .16 .16 .16 .37 .37 .37 .37
194 02200 00200 02020 02200 .16 .16 .16 .16 .37 .37 .37 .37
195 02200 00200 02020 02200 .16 .16 .16 .16 .37 .37 .37 .37
196 02200 00200 02020 02200 .16 .16 .16 .16 .37 .37 .37 .37
197 02200 00200 02020 02200 .16 .16 .16 .16 .37 .37 .37 .37
198 02200 00200 02020 02200 .16 .16 .16 .16 .37 .37 .37 .37
199 02200 00200 02020 02200 .16 .16 .16 .16 .37 .37 .37 .37
200 20200 20200 02020 20200 -0.04 -0.04 -0.04 -0.04 .21 .21 .21 .21
201 20200 20200 02020 20200 -0.04 -0.04 -0.04 -0.04 .21 .21 .21 .21
202 20200 20200 02020 20200 -0.04 -0.04 -0.04 -0.04 .21 .21 .21 .21
203 20200 20200 02020 20200 -0.04 -0.04 -0.04 -0.04 .21 .21 .21 .21
204 20200 20200 02020 20200 -0.04 -0.04 -0.04 -0.04 .21 .21 .21 .21
205 20200 20200 02020 20200 -0.04 -0.04 -0.04 -0.04 .21 .21 .21 .21
206 20200 20200 02020 20200 -0.04 -0.04 -0.04 -0.04 .21 .21 .21 .21
207 20200 20200 02020 20200 -0.04 -0.04 -0.04 -0.04 .21 .21 .21 .21
208 20200 20200 02020 20200 -0.04 -0.04 -0.04 -0.04 .21 .21 .21 .21
209 20200 20200 02020 20200 -0.04 -0.04 -0.04 -0.04 .21 .21 .21 .21
210 20200 20200 02020 20200 -0.04 -0.04 -0.04 -0.04 .21 .21 .21 .21
211 20200 20200 02020 20200 -0.04 -0.04 -0.04 -0.04 .21 .21 .21 .21
212 20200 20200 02020 20200 -0.04 -0.04 -0.04 -0.04 .21 .21 .21 .21
213 20200 20200 02020 20200 -0.04 -0.04 -0.04 -0.04 .21 .21 .21 .21
214 20200 20200 02020 20200 -0.04 -0.04 -0.04 -0.04 .21 .21 .21 .21
215 20200 20200 02020 20200 -0.04 -0.04 -0.04 -0.04 .21 .21 .21 .21
216 20200 20200 02020 20200 -0.04 -0.04 -0.04 -0.04 .21 .21 .21 .21
217 20200 20200 02020 20200 -0.04 -0.04 -0.04 -0.04 .21 .21 .21 .21
218 20200 20200 02020 20200 -0.04 -0.04 -0.04 -0.04 .21 .21 .21 .21
219 20200 20200 02020 20200 -0.04 -0.04 -0.04 -0.04 .21 .21 .21 .21
220 20020 20000 02020 20020 .16 .16 .16 .16 .37 .37 .37 .37
221 20020 20000 02020 20020 .16 .16 .16 .16 .37 .37 .37 .37
222 20020 20000 02020 20020 .16 .16 .16 .16 .37 .37 .37 .37
223 20020 20000 02020 20020 .16 .16 .16 .16 .37 .37 .37 .37
224 20020 20000 02020 20020 .16 .16 .16 .16 .37 .37 .37 .37
225 20020 20000 02020 20020 .16 .16 .16 .16 .37 .37 .37 .37
226 20020 20000 02020 20020 .16 .16 .16 .16 .37 .37 .37 .37
227 20020 20000 02020 20020 .16 .16 .16 .16 .37 .37 .37 .37
228 20020 20000 02020 20020 .16 .16 .16 .16 .37 .37 .37 .37
229 20020 20000 02020 20020 .16 .16 .16 .16 .37 .37 .37 .37
230 20000 20000 02020 20000 .05 .05 .05 .05 .24 .24 .24 .24
231 20000 20000 02020 20000 .05 .05 .05 .05 .24 .24 .24 .24
232 20000 20000 02020 20000 .05 .05 .05 .05 .24 .24 .24 .24
233 20000 20000 02020 20000 .05 .05 .05 .05 .24 .24 .24 .24
234 20000 20000 02020 20000 .05 .05 .05 .05 .24 .24 .24 .24
235 20000 20000 02020 20000 .05 .05 .05 .05 .24 .24 .24 .24
236 20000 20000 02020 20000 .05 .05 .05 .05 .24 .24 .24 .24
237 20000 20000 02020 20000 .05 .05 .05 .05 .24 .24 .24 .24
238 20000 20000 02020 20000 .05 .05 .05 .05 .24 .24 .24 .24
239 20000 20000 02000 20000 .22 .22 .22 .22 .41 .41 .41 .41
240 20000 20000 02000 20000 .22 .22 .22 .22 .41 .41 .41 .41
241 20000 20000 02000 20000 .22 .22 .22 .22 .41 .41 .41 .41
242 20000 20000 02000 20000 .22 .22 .22 .22 .41 .41 .41 .41
243 20000 20000 02000 20000 .22 .22 .22 .22 .41 .41 .41 .41
244 20000 20000 02000 20000 .22 .22 .22 .22 .41 .41 .41 .41
245 20000 20000 02000 20000 .22 .22 .22 .22 .41 .41 .41 .41
246 20000 20000 02000 20000 .22 .22 .22 .22 .41 .41 .41 .41
247 20000 20000 02000 20000 .22 .22 .22 .22 .41 .41 .41 .41
248 20000 20000 02000 20000 .22 .22 .22 .22 .41 .41 .41 .41
249 20000 20000 02000 20000 .22 .22 .22 .22 .41 .41 .41 .41
250 20000 20000 02000 20000 .22 .22 .22 .22 .41 .41 .41 .41
251 20000 20000 02000 20000 .22 .22 .22 .22 .41 .41 .41 .41
252 20000 20000 02000 20000 .22 .22 .22 .22 .41 .41 .41 .41
253 20000 20000 02000 20000 .22 .22 .22 .22 .41 .41 .41 .41
254 20000 20000 02000 20000 .22 .22 .22 .22 .41 .41 .41 .41
255 20000 20000 02000 20000 .22 .22 .22 .22 .41 .41 .41 .41
256 20000 20000 02000 20000 .22 .22 .22 .22 .41 .41 .41 .41
257 20000 20000 02000 20000 .22 .22 .22 .22 .41 .41 .41 .41
258 20000 20000 02000 20000 .22 .22 .22 .22 .41 .41 .41 .41
259 20000 20000 02000 20000 .22 .22 .22 .22 .41 .41 .41 .41
260 20000 20000 02000 20000 .22 .22 .22 .22 .41 .41 .41 .41
261 20000 20000 02000 20000 .22 .22 .22 .22 .41 .41 .41 .41
262 20000 20000 02000 20000 .22 .22 .22 .22 .41 .41 .41 .41
263 20000 20000 02000 20000 .22 .22 .22 .22 .41 .41 .41 .41
264 20000 20000 02000 20000 .22 .22 .22 .22 .41 .41 .41 .41
265 20000 20000 02000 20000 .22 .22 .22 .22 .41 .41 .41 .41
266 20000 20000 02000 20000 .22 .22 .22 .22 .41 .41 .41 .41
267 20000 20000 02000 20000 .22 .22 .22 .22 .41 .41 .41 .41
268 20000 20000 02000 20000 .22 .22 .22 .22 .41 .41 .41 .41
269 20000 20000 02000 20000 .22 .22 .22 .22 .41 .41 .41 .41
270 20000 20000 02000 20000 .22 .22 .22 .22 .41 .41 .41 .41
271 20000 20000 02000 20000 .22 .22 .22 .22 .41 .41 .41 .41
272 20000 20000 02000 20000 .22 .22 .22 .22 .41 .41 .41 .41
273 20000 20000 02000 20000 .22 .22 .22 .22 .41 .41 .41 .41
274 20000 20000 02000 20000 .22 .22 .22 .22 .41 .41 .41 .41
275 20000 20000 02000 20000 .22 .22 .22 .22 .41 .41 .41 .41
276 20000 20000 02000 20000 .22 .22 .22 .22 .41 .41 .41 .41
277 20000 20000 02000 20000 .22 .22 .22 .22 .41 .41 .41 .41
278 20000 20000 02000 20000 .22 .22 .22 .22 .41 .41 .41 .41
279 20000 20000 02000 20000 .22 .22 .22 .22 .41 .41 .41 .41
280 20000 20000 02000 20000 .22 .22 .22 .22 .41 .41 .41 .41
281 20000 20000 02000 20000 .22 .22 .22 .22 .41 .41 .41 .41
282 20000 20000 02000 20000 .22 .22 .22 .22 .41 .41 .41 .41
283 20000 20000 02000 20000 .22 .22 .22 .22 .41 .41 .41 .41
284 20000 20000 20000 20000 1.00 1.00 1.00 1.00 1.00 1.00 1.00 1.00
285 20000 20000 20000 20000 1.00 1.00 1.00 1.00 1.00 1.00 1.00 1.00
286 20000 20000 20000 20000 1.00 1.00 1.00 1.00 1.00 1.00 1.00 1.00
287 20000 20000 20000 20000 1.00 1.00 1.00 1.00 1.00 1.00 1.00 1.00
288 20000 20000 20000 20000 1.00 1.00 1.00 1.00 1.00 1.00 1.00 1.00
289 20000 20000 20000 20000 1.00 1.00 1.00 1.00 1.00 1.00 1.00 1.00
290 20000 20000 20000 20000 1.00 1.00 1.00 1.00 1.00 1.00 1.00 1.00
291 20000 20000 20000 20000 1.00 1.00 1.00 1.00 1.00 1.00 1.00 1.00
292 20000 20000 20000 20000 1.00 1.00 1.00 1.00 1.00 1.00 1.00 1.00
293 20000 20000 20000 20000 1.00 1.00 1.00 1.00 1.00 1.00 1.00 1.00
294 20000 20000 20000 20000 1.00 1.00 1.00 1.00 1.00 1.00 1.00 1.00
295 20000 20000 20000 20000 1.00 1.00 1.00 1.00 1.00 1.00 1.00 1.00
296 20000 20000 20000 20000 1.00 1.00 1.00 1.00 1.00 1.00 1.00 1.00
297 20000 20000 20000 20000 1.00 1.00 1.00 1.00 1.00 1.00 1.00 1.00
298 20000 20000 20000 20000 1.00 1.00 1.00 1.00 1.00 1.00 1.00 1.00
299 20000 20000 20000 20000 1.00 1.00 1.00 1.00 1.00 1.00 1.00 1.00
300 20000 20000 20000 20000 1.00 1.00 1.00 1.00 1.00 1.00 1.00 1.00
301 20000 20000 20000 20000 1.00 1.00 1.00 1.00 1.00 1.00 1.00 1.00
302 20000 20000 20000 20000 1.00 1.00 1.00 1.00 1.00 1.00 1.00 1.00
303 20000 20000 20000 20000 1.00 1.00 1.00 1.00 1.00 1.00 1.00 1.00
304 20000 20000 20000 20000 1.00 1.00 1.00 1.00 1.00 1.00 1.00 1.00
305 20000 20000 20000 20000 1.00 1.00 1.00 1.00 1.00 1.00 1.00 1.00
306 20000 20000 20000 20000 1.00 1.00 1.00 1.00 1.00 1.00 1.00 1.00
307 20000 20000 20000 20000 1.00 1.00 1.00 1.00 1.00 1.00 1.00 1.00
308 20000 20000 20000 20000 1.00 1.00 1.00 1.00 1.00 1.00 1.00 1.00
309 20000 20000 20000 20000 1.00 1.00 1.00 1.00 1.00 1.00 1.00 1.00
310 20000 20000 20000 20000 1.00 1.00 1.00 1.00 1.00 1.00 1.00 1.00
311 20000 20000 20000 20000 1.00 1.00 1.00 1.00 1.00 1.00 1.00 1.00
312 20000 20000 20000 20000 1.00 1.00 1.00 1.00 1.00 1.00 1.00 1.00
313 20000 20000 20000 20000 1.00 1.00 1.00 1.00 1.00 1.00 1.00 1.00
314 20000 20000 20000 20000 1.00 1.00 1.00 1.00 1.00 1.00 1.00 1.00
315 20000 20000 20000 20000 1.00 1.00 1.00 1.00 1.00 1.00 1.00 1.00
316 20000 20000 20000 20000 1.00 1.00 1.00 1.00 1.00 1.00 1.00 1.00
317 20000 20000 20000 20000 1.00 1.00 1.00 1.00 1.00 1.00 1.00 1.00
318 20000 20000 20000 20000 1.00 1.00 1.00 1.00 1.00 1.00 1.00 1.00
319 20000 20000 20000 20000 1.00 1.00 1.00 1.00 1.00 1.00 1.00 1.00
320 20000 20000 20000 20000 1.00 1.00 1.00 1.00 1.00 1.00 1.00 1.00
321 20000 20000 20000 20000 1.00 1.00 1.00 1.00 1.00 1.00 1.00 1.00
322 20000 20000 20000 20000 1.00 1.00 1.00 1.00 1.00 1.00 1.00 1.00
323 20000 20000 20000 20000 1.00 1.00 1.00 1.00 1.00 1.00 1.00 1.00
324 20000 20000 20000 20000 1.00 1.00 1.00 1.00 1.00 1.00 1.00 1.00
325 20000 20000 20000 20000 1.00 1.00 1.00 1.00 1.00 1.00 1.00 1.00
326 20000 20000 20000 20000 1.00 1.00 1.00 1.00 1.00 1.00 1.00 1.00
327 20000 20000 20000 20000 1.00 1.00 1.00 1.00 1.00 1.00 1.00 1.00
328 20000 20000 20000 20000 1.00 1.00 1.00 1.00 1.00 1.00 1.00 1.00
329 20000 20000 20000 20000 1.00 1.00 1.00 1.00 1.00 1.00 1.00 1.00
330 20000 20000 20000 20000 1.00 1.00 1.00 1.00 1.00 1.00 1.00 1.00
331 20000 20000 20000 20000 1.00 1.00 1.00 1.00 1.00 1.00 1.00 1.00
332 20000 20000 20000 20000 1.00 1.00 1.00 1.00 1.00 1.00 1.00 1.00
333 20000 20000 20000 20000 1.00 1.00 1.00 1.00 1.00 1.00 1.00 1.00
334 20000 20000 20000 20000 1.00 1.00 1.00 1.00 1.00 1.00 1.00 1.00
335 20000 20000 20000 20000 1.00 1.00 1.00 1.00 1.00 1.00 1.00 1.00
336 20000 20000 20000 20000 1.00 1.00 1.00 1.00 1.00 1.00 1.00 1.00
337 20000 20000 20000 20000 1.00 1.00 1.00 1.00 1.00 1.00 1.00 1.00
338 20000 20000 20000 20000 1.00 1.00 1.00 1.00 1.00 1.00 1.00 1.00
339 20000 20000 20000 20000 1.00 1.00 1.00 1.00 1.00 1.00 1.00 1.00
340 20000 20000 20000 20000 1.00 1.00 1.00 1.00 1.00 1.00 1.00 1.00
341 20000 20000 20000 20000 1.00 1.00 1.00 1.00 1.00 1.00 1.00 1.00
342 20000 20000 20000 20000 1.00 1.00 1.00 1.00 1.00 1.00 1.00 1.00
343 20000 20000 20000 20000 1.00 1.00 1.00 1.00 1.00 1.00 1.00 1.00
344 20000 20000 20020 20000 .68 .68 .68 .68 .75 .75 .75 .75
345 20000 20000 20020 20000 .68 .68 .68 .68 .75 .75 .75 .75
346 20000 20000 20020 20000 .68 .68 .68 .68 .75 .75 .75 .75
347 20000 20000 20020 20000 .68 .68 .68 .68 .75 .75 .75 .75
348 20000 20000 20020 20000 .68 .68 .68 .68 .75 .75 .75 .75
349 20000 20000 20020 20000 .68 .68 .68 .68 .75 .75 .75 .75
350 20000 20000 20020 20000 .68 .68 .68 .68 .75 .75 .75 .75
351 20000 20000 20020 20000 .68 .68 .68 .68 .75 .75 .75 .75
352 20000 20000 20020 20000 .68 .68 .68 .68 .75 .75 .75 .75
353 20000 20000 20020 20000 .68 .68 .68 .68 .75 .75 .75 .75
354 20000 20000 20020 20000 .68 .68 .68 .68 .75 .75 .75 .75
355 20000 20000 20020 20000 .68 .68 .68 .68 .75 .75 .75 .75
356 20000 20000 20020 20000 .68 .68 .68 .68 .75 .75 .75 .75
357 20000 20000 20020 20000 .68 .68 .68 .68 .75 .75 .75 .75
358 20000 20000 20020 20000 .68 .68 .68 .68 .75 .75 .75 .75
359 20000 20000 20020 20000 .68 .68 .68 .68 .75 .75 .75 .75
360 20000 20000 20020 20000 .68 .68 .68 .68 .75 .75 .75 .75
361 20000 20000 20020 20000 .68 .68 .68 .68 .75 .75 .75 .75
362 20000 20000 20020 20000 .68 .68 .68 .68 .75 .75 .75 .75
363 20000 20000 20020 20000 .68 .68 .68 .68 .75 .75 .75 .75
364 20000 20000 20020 20000 .68 .68 .68 .68 .75 .75 .75 .75
365 20000 20000 20020 20000 .68 .68 .68 .68 .75 .75 .75 .75
366 20000 20000 20020 20000 .68 .68 .68 .68 .75 .75 .75 .75
367 20000 20000 20020 20000 .68 .68 .68 .68 .75 .75 .75 .75
368 20000 20000 20020 20000 .68 .68 .68 .68 .75 .75 .75 .75
369 20000 20000 20020 20000 .68 .68 .68 .68 .75 .75 .75 .75
370 20020 20000 20020 20020 .72 .72 .72 .72 .79 .79 .79 .79
371 20020 20000 20020 20020 .72 .72 .72 .72 .79 .79 .79 .79
372 20020 20000 20020 20020 .72 .72 .72 .72 .79 .79 .79 .79
373 20020 20000 20020 20020 .72 .72 .72 .72 .79 .79 .79 .79
374 20020 20000 20020 20020 .72 .72 .72 .72 .79 .79 .79 .79
