0 00200 00200 00000 00200 .46 .46 .46 .46 .63 .63 .63 .63
1 00200 00200 02020 00200 .05 .05 .05 .05 .24 .24 .24 .24
2 00200 00200 02020 00200 .05 .05 .05 .05 .24 .24 .24 .24
3 00200 00200 02020 00200 .05 .05 .05 .05 .24 .24 .24 .24
4 00200 00200 02020 00200 .05 .05 .05 .05 .24 .24 .24 .24
5 00200 00200 02020 00200 .05 .05 .05 .05 .24 .24 .24 .24
6 00200 00200 02020 00200 .05 .05 .05 .05 .24 .24 .24 .24
7 00200 00200 02020 00200 .05 .05 .05 .05 .24 .24 .24 .24
8 00200 00200 02020 00200 .05 .05 .05 .05 .24 .24 .24 .24
9 00200 00200 02020 00200 .05 .05 .05 .05 .24 .24 .24 .24
10 00200 00200 02020 00200 .05 .05 .05 .05 .24 .24 .24 .24
11 00200 00200 02020 00200 .05 .05 .05 .05 .24 .24 .24 .24
12 00200 00200 02020 00200 .05 .05 .05 .05 .24 .24 .24 .24
13 00200 00200 02020 00200 .05 .05 .05 .05 .24 .24 .24 .24
14 00200 00200 02020 00200 .05 .05 .05 .05 .24 .24 .24 .24
15 00200 00200 02020 00200 .05 .05 .05 .05 .24 .24 .24 .24
16 00200 00200 02020 00200 .05 .05 .05 .05 .24 .24 .24 .24
17 00200 00200 02020 00200 .05 .05 .05 .05 .24 .24 .24 .24
18 00200 00200 02020 00200 .05 .05 .05 .05 .24 .24 .24 .24
19 00200 00200 02020 00200 .05 .05 .05 .05 .24 .24 .24 .24
20 20200 20200 02020 20200 -0.04 -0.04 -0.04 -0.04 .21 .21 .21 .21
21 20200 20200 02020 20200 -0.04 -0.04 -0.04 -0.04 .21 .21 .21 .21
22 20200 20200 02020 20200 -0.04 -0.04 -0.04 -0.04 .21 .21 .21 .21
23 20200 20200 02020 20200 -0.04 -0.04 -0.04 -0.04 .21 .21 .21 .21
24 20200 20200 02020 20200 -0.04 -0.04 -0.04 -0.04 .21 .21 .21 .21
25 20200 20200 02020 20200 -0.04 -0.04 -0.04 -0.04 .21 .21 .21 .21
26 20200 20200 02020 20200 -0.04 -0.04 -0.04 -0.04 .21 .21 .21 .21
27 20200 20200 02020 20200 -0.04 -0.04 -0.04 -0.04 .21 .21 .21 .21
28 20200 20200 02020 20200 -0.04 -0.04 -0.04 -0.04 .21 .21 .21 .21
29 20200 20200 02020 20200 -0.04 -0.04 -0.04 -0.04 .21 .21 .21 .21
30 20000 20000 02020 20000 .05 .05 .05 .05 .24 .24 .24 .24
31 20000 20000 02000 20000 .22 .22 .22 .22 .41 .41 .41 .41
32 20000 20000 02000 20000 .22 .22 .22 .22 .41 .41 .41 .41
33 20000 20000 02000 20000 .22 .22 .22 .22 .41 .41 .41 .41
34 20000 20000 02000 20000 .22 .22 .22 .22 .41 .41 .41 .41
35 20000 20000 02000 20000 .22 .22 .22 .22 .41 .41 .41 .41
36 20000 20000 02000 20000 .22 .22 .22 .22 .41 .41 .41 .41
37 20000 20000 02000 20000 .22 .22 .22 .22 .41 .41 .41 .41
38 20000 20000 02000 20000 .22 .22 .22 .22 .41 .41 .41 .41
39 20000 20000 02000 20000 .22 .22 .22 .22 .41 .41 .41 .41
40 20000 20000 02000 20000 .22 .22 .22 .22 .41 .41 .41 .41
41 20000 20000 02000 20000 .22 .22 .22 .22 .41 .41 .41 .41
42 20000 20000 02000 20000 .22 .22 .22 .22 .41 .41 .41 .41
43 20000 20000 02000 20000 .22 .22 .22 .22 .41 .41 .41 .41
44 20000 20000 02000 20000 .22 .22 .22 .22 .41 .41 .41 .41
45 20000 20000 02000 20000 .22 .22 .22 .22 .41 .41 .41 .41
46 20000 20000 20020 20000 .68 .68 .68 .68 .75 .75 .75 .75
47 20000 20000 20020 20000 .68 .68 .68 .68 .75 .75 .75 .75
48 20000 20000 20020 20000 .68 .68 .68 .68 .75 .75 .75 .75
49 20000 20000 20020 20000 .68 .68 .68 .68 .75 .75 .75 .75
50 20000 20000 20020 20000 .68 .68 .68 .68 .75 .75 .75 .75
51 20000 20000 20020 20000 .68 .68 .68 .68 .75 .75 .75 .75
52 20000 20000 20020 20000 .68 .68 .68 .68 .75 .75 .75 .75
53 20000 20000 20020 20000 .68 .68 .68 .68 .75 .75 .75 .75
54 20000 20000 20020 20000 .68 .68 .68 .68 .75 .75 .75 .75
55 20000 20000 20020 20000 .68 .68 .68 .68 .75 .75 .75 .75
56 20000 20000 20020 20000 .68 .68 .68 .68 .75 .75 .75 .75
57 20000 20000 20020 20000 .68 .68 .68 .68 .75 .75 .75 .75
58 20000 20000 20020 20000 .68 .68 .68 .68 .75 .75 .75 .75
59 20000 20000 20020 20000 .68 .68 .68 .68 .75 .75 .75 .75
60 20000 20000 20020 20000 .68 .68 .68 .68 .75 .75 .75 .75
61 20000 20000 02020 20000 .05 .05 .05 .05 .24 .24 .24 .24
62 20000 20000 02020 20000 .05 .05 .05 .05 .24 .24 .24 .24
63 20000 20000 02020 20000 .05 .05 .05 .05 .24 .24 .24 .24
64 20000 20000 02020 20000 .05 .05 .05 .05 .24 .24 .24 .24
65 20000 20000 02020 20000 .05 .05 .05 .05 .24 .24 .24 .24
66 20000 20000 02020 20000 .05 .05 .05 .05 .24 .24 .24 .24
67 20000 20000 02020 20000 .05 .05 .05 .05 .24 .24 .24 .24
68 20000 20000 02020 20000 .05 .05 .05 .05 .24 .24 .24 .24
69 20000 20000 02020 20000 .05 .05 .05 .05 .24 .24 .24 .24
70 20000 20000 02020 20000 .05 .05 .05 .05 .24 .24 .24 .24
71 20000 20000 02020 20000 .05 .05 .05 .05 .24 .24 .24 .24
72 20000 20000 02020 20000 .05 .05 .05 .05 .24 .24 .24 .24
73 20000 20000 02020 20000 .05 .05 .05 .05 .24 .24 .24 .24
74 20000 20000 02020 20000 .05 .05 .05 .05 .24 .24 .24 .24
75 20000 20000 02020 20000 .05 .05 .05 .05 .24 .24 .24 .24
76 20000 20000 02020 20000 .05 .05 .05 .05 .24 .24 .24 .24
77 20000 20000 02020 20000 .05 .05 .05 .05 .24 .24 .24 .24
78 20000 20000 02020 20000 .05 .05 .05 .05 .24 .24 .24 .24
79 20000 20000 02020 20000 .05 .05 .05 .05 .24 .24 .24 .24
80 20020 20020 02020 20020 .48 .48 .48 .48 .60 .60 .60 .60
81 20020 20020 02020 20020 .48 .48 .48 .48 .60 .60 .60 .60
82 20020 20020 02020 20020 .48 .48 .48 .48 .60 .60 .60 .60
83 20020 20020 02020 20020 .48 .48 .48 .48 .60 .60 .60 .60
84 20020 20020 02020 20020 .48 .48 .48 .48 .60 .60 .60 .60
85 20020 20020 02020 20020 .48 .48 .48 .48 .60 .60 .60 .60
86 20020 20020 02020 20020 .48 .48 .48 .48 .60 .60 .60 .60
87 20020 20020 02020 20020 .48 .48 .48 .48 .60 .60 .60 .60
88 20020 20020 02020 20020 .48 .48 .48 .48 .60 .60 .60 .60
89 20020 20020 00020 20020 .72 .72 .72 .72 .79 .79 .79 .79
90 20020 00020 00020 00020 .68 .68 .68 .68 .75 .75 .75 .75
91 20020 00020 00020 00020 .68 .68 .68 .68 .75 .75 .75 .75
92 20020 00020 00020 00020 .68 .68 .68 .68 .75 .75 .75 .75
93 20020 00020 00020 00020 .68 .68 .68 .68 .75 .75 .75 .75
94 20020 00020 00020 00020 .68 .68 .68 .68 .75 .75 .75 .75
95 20020 00020 00020 00020 .68 .68 .68 .68 .75 .75 .75 .75
96 20020 00020 00020 00020 .68 .68 .68 .68 .75 .75 .75 .75
97 20020 00020 00020 00020 .68 .68 .68 .68 .75 .75 .75 .75
98 20020 00020 00020 00020 .68 .68 .68 .68 .75 .75 .75 .75
99 20020 00020 00020 00020 .68 .68 .68 .68 .75 .75 .75 .75
100 00200 00200 00020 00200 .22 .22 .22 .22 .41 .41 .41 .41
101 00200 00200 00020 00200 .22 .22 .22 .22 .41 .41 .41 .41
102 00200 00200 00020 00200 .22 .22 .22 .22 .41 .41 .41 .41
103 00200 00200 00020 00200 .22 .22 .22 .22 .41 .41 .41 .41
104 00200 00200 00200 00200 1.00 1.00 1.00 1.00 1.00 1.00 1.00 1.00
105 00200 00200 00200 00200 1.00 1.00 1.00 1.00 1.00 1.00 1.00 1.00
106 00200 00200 00200 00200 1.00 1.00 1.00 1.00 1.00 1.00 1.00 1.00
107 00200 00200 00200 00200 1.00 1.00 1.00 1.00 1.00 1.00 1.00 1.00
108 00200 00200 00200 00200 1.00 1.00 1.00 1.00 1.00 1.00 1.00 1.00
109 00200 00200 00200 00200 1.00 1.00 1.00 1.00 1.00 1.00 1.00 1.00
110 00200 00200 00200 00200 1.00 1.00 1.00 1.00 1.00 1.00 1.00 1.00
111 00200 00200 00200 00200 1.00 1.00 1.00 1.00 1.00 1.00 1.00 1.00
112 00200 00200 00200 00200 1.00 1.00 1.00 1.00 1.00 1.00 1.00 1.00
113 00200 00200 00200 00200 1.00 1.00 1.00 1.00 1.00 1.00 1.00 1.00
114 00200 00200 00200 00200 1.00 1.00 1.00 1.00 1.00 1.00 1.00 1.00
115 00200 00200 00200 00200 1.00 1.00 1.00 1.00 1.00 1.00 1.00 1.00
116 00200 00200 00200 00200 1.00 1.00 1.00 1.00 1.00 1.00 1.00 1.00
117 00200 00200 00200 00200 1.00 1.00 1.00 1.00 1.00 1.00 1.00 1.00
118 00200 00200 00200 00200 1.00 1.00 1.00 1.00 1.00 1.00 1.00 1.00
119 00200 00200 00200 00200 1.00 1.00 1.00 1.00 1.00 1.00 1.00 1.00
120 00200 00200 00200 00200 1.00 1.00 1.00 1.00 1.00 1.00 1.00 1.00
121 00200 00200 00200 00200 1.00 1.00 1.00 1.00 1.00 1.00 1.00 1.00
122 00200 00200 00200 00200 1.00 1.00 1.00 1.00 1.00 1.00 1.00 1.00
123 00200 00200 00200 00200 1.00 1.00 1.00 1.00 1.00 1.00 1.00 1.00
124 00200 00200 00200 00200 1.00 1.00 1.00 1.00 1.00 1.00 1.00 1.00
125 00200 00200 00200 00200 1.00 1.00 1.00 1.00 1.00 1.00 1.00 1.00
126 00200 00200 00200 00200 1.00 1.00 1.00 1.00 1.00 1.00 1.00 1.00
127 00200 00200 00200 00200 1.00 1.00 1.00 1.00 1.00 1.00 1.00 1.00
128 00200 00200 00200 00200 1.00 1.00 1.00 1.00 1.00 1.00 1.00 1.00
129 00200 00200 00200 00200 1.00 1.00 1.00 1.00 1.00 1.00 1.00 1.00
130 00200 00200 00200 00200 1.00 1.00 1.00 1.00 1.00 1.00 1.00 1.00
131 00200 00200 00200 00200 1.00 1.00 1.00 1.00 1.00 1.00 1.00 1.00
132 00200 00200 00200 00200 1.00 1.00 1.00 1.00 1.00 1.00 1.00 1.00
133 00200 00200 00200 00200 1.00 1.00 1.00 1.00 1.00 1.00 1.00 1.00
134 00200 00200 00000 00200 .46 .46 .46 .46 .63 .63 .63 .63
135 00200 00200 00000 00200 .46 .46 .46 .46 .63 .63 .63 .63
136 00200 00200 00000 00200 .46 .46 .46 .46 .63 .63 .63 .63
137 00200 00200 00000 00200 .46 .46 .46 .46 .63 .63 .63 .63
138 00200 00200 00000 00200 .46 .46 .46 .46 .63 .63 .63 .63
139 00200 00200 00000 00200 .46 .46 .46 .46 .63 .63 .63 .63
140 00201 00201 00000 00201 .42 .37 .39 .37 .59 .55 .57 .55
141 00201 00201 00000 00201 .42 .37 .39 .37 .59 .55 .57 .55
142 00201 00201 00000 00201 .42 .37 .39 .37 .59 .55 .57 .55
143 00201 00201 00000 00201 .42 .37 .39 .37 .59 .55 .57 .55
144 00201 00201 00000 00201 .42 .37 .39 .37 .59 .55 .57 .55
145 00201 00201 00200 00201 .75 .83 .90 .72 .82 .87 .93 .79
146 00201 00201 00200 00201 .75 .83 .90 .72 .82 .87 .93 .79
147 00201 00201 00200 00201 .75 .83 .90 .72 .82 .87 .93 .79
148 00201 00201 00200 00201 .75 .83 .90 .72 .82 .87 .93 .79
149 00201 00201 00200 00201 .75 .83 .90 .72 .82 .87 .93 .79
150 00201 00201 00200 00201 .75 .83 .90 .72 .82 .87 .93 .79
151 00201 00201 00200 00201 .75 .83 .90 .72 .82 .87 .93 .79
152 00201 00201 00200 00201 .75 .83 .90 .72 .82 .87 .93 .79
153 00201 00201 00200 00201 .75 .83 .90 .72 .82 .87 .93 .79
154 00201 00201 00200 00201 .75 .83 .90 .72 .82 .87 .93 .79
155 00201 00201 00200 00201 .75 .83 .90 .72 .82 .87 .93 .79
156 00201 00201 00200 00201 .75 .83 .90 .72 .82 .87 .93 .79
157 00201 00201 00200 00201 .75 .83 .90 .72 .82 .87 .93 .79
158 00201 00201 00200 00201 .75 .83 .90 .72 .82 .87 .93 .79
159 00201 00201 00200 00201 .75 .83 .90 .72 .82 .87 .93 .79
160 00201 00201 00200 00201 .75 .83 .90 .72 .82 .87 .93 .79
161 00201 00201 00200 00201 .75 .83 .90 .72 .82 .87 .93 .79
162 00201 00201 00200 00201 .75 .83 .90 .72 .82 .87 .93 .79
163 00201 00201 00200 00201 .75 .83 .90 .72 .82 .87 .93 .79
164 00201 00201 00200 00201 .75 .83 .90 .72 .82 .87 .93 .79
165 00201 00201 00200 00201 .75 .83 .90 .72 .82 .87 .93 .79
166 00201 00201 00200 00201 .75 .83 .90 .72 .82 .87 .93 .79
167 00201 00201 00200 00201 .75 .83 .90 .72 .82 .87 .93 .79
168 00201 00201 00200 00201 .75 .83 .90 .72 .82 .87 .93 .79
169 00201 00201 00200 00201 .75 .83 .90 .72 .82 .87 .93 .79
170 00201 00201 00200 00201 .75 .83 .90 .72 .82 .87 .93 .79
171 00201 00201 00200 00201 .75 .83 .90 .72 .82 .87 .93 .79
172 00201 00201 00200 00201 .75 .83 .90 .72 .82 .87 .93 .79
173 00201 00201 00200 00201 .75 .83 .90 .72 .82 .87 .93 .79
174 00201 00201 00200 00201 .75 .83 .90 .72 .82 .87 .93 .79
175 00201 00201 00200 00201 .75 .83 .90 .72 .82 .87 .93 .79
176 00201 00201 00200 00201 .75 .83 .90 .72 .82 .87 .93 .79
177 00201 00201 00200 00201 .75 .83 .90 .72 .82 .87 .93 .79
178 00201 00201 00200 00201 .75 .83 .90 .72 .82 .87 .93 .79
179 00201 00201 00200 00201 .75 .83 .90 .72 .82 .87 .93 .79
180 00200 00201 00200 00200 .70 .80 .90 .68 .76 .84 .93 .75
181 00200 00201 00200 00200 .70 .80 .90 .68 .76 .84 .93 .75
182 00200 00201 00200 00200 .70 .80 .90 .68 .76 .84 .93 .75
183 00200 00201 00200 00200 .70 .80 .90 .68 .76 .84 .93 .75
184 00200 00201 00200 00200 .70 .80 .90 .68 .76 .84 .93 .75
185 00200 00201 00200 00200 .70 .80 .90 .68 .76 .84 .93 .75
186 00200 00201 00200 00200 .70 .80 .90 .68 .76 .84 .93 .75
187 00200 00201 00200 00200 .70 .80 .90 .68 .76 .84 .93 .75
188 00200 00201 00200 00200 .70 .80 .90 .68 .76 .84 .93 .75
189 00200 00201 00200 00200 .70 .80 .90 .68 .76 .84 .93 .75
190 00200 00201 00200 00200 .70 .80 .90 .68 .76 .84 .93 .75
191 00200 00201 00200 00200 .70 .80 .90 .68 .76 .84 .93 .75
192 00200 00201 00200 00200 .70 .80 .90 .68 .76 .84 .93 .75
193 00200 00201 00200 00200 .70 .80 .90 .68 .76 .84 .93 .75
194 00200 00201 00200 00200 .70 .80 .90 .68 .76 .84 .93 .75
195 00200 00201 00200 00200 .70 .80 .90 .68 .76 .84 .93 .75
196 00200 00201 00200 00200 .70 .80 .90 .68 .76 .84 .93 .75
197 00200 00201 00200 00200 .70 .80 .90 .68 .76 .84 .93 .75
198 00200 00201 00200 00200 .70 .80 .90 .68 .76 .84 .93 .75
199 00200 00201 00200 00200 .70 .80 .90 .68 .76 .84 .93 .75
200 00201 00201 00200 00201 .75 .83 .90 .72 .82 .87 .93 .79
201 00201 00201 00200 00201 .75 .83 .90 .72 .82 .87 .93 .79
202 00201 00201 00200 00201 .75 .83 .90 .72 .82 .87 .93 .79
203 00201 00201 00200 00201 .75 .83 .90 .72 .82 .87 .93 .79
204 00201 00201 00200 00201 .75 .83 .90 .72 .82 .87 .93 .79
205 00201 00201 00200 00201 .75 .83 .90 .72 .82 .87 .93 .79
206 00201 00201 00200 00201 .75 .83 .90 .72 .82 .87 .93 .79
207 00201 00201 00200 00201 .75 .83 .90 .72 .82 .87 .93 .79
208 00201 00201 00000 00201 .42 .37 .39 .37 .59 .55 .57 .55
209 00201 00201 00000 00201 .42 .37 .39 .37 .59 .55 .57 .55
210 00201 00201 00000 00201 .42 .37 .39 .37 .59 .55 .57 .55
211 00201 00201 00000 00201 .42 .37 .39 .37 .59 .55 .57 .55
212 00201 00201 00000 00201 .42 .37 .39 .37 .59 .55 .57 .55
213 00201 00201 00000 00201 .42 .37 .39 .37 .59 .55 .57 .55
214 00201 00201 00000 00201 .42 .37 .39 .37 .59 .55 .57 .55
215 00201 00201 00000 00201 .42 .37 .39 .37 .59 .55 .57 .55
216 00201 00201 00000 00201 .42 .37 .39 .37 .59 .55 .57 .55
217 00201 00201 00000 00201 .42 .37 .39 .37 .59 .55 .57 .55
218 00201 00201 00000 00201 .42 .37 .39 .37 .59 .55 .57 .55
219 00201 00201 00000 00201 .42 .37 .39 .37 .59 .55 .57 .55
220 00201 00201 00000 00201 .42 .37 .39 .37 .59 .55 .57 .55
221 00201 00201 00000 00201 .42 .37 .39 .37 .59 .55 .57 .55
222 00201 00201 00000 00201 .42 .37 .39 .37 .59 .55 .57 .55
223 00201 00201 00000 00201 .42 .37 .39 .37 .59 .55 .57 .55
224 00201 00201 00000 00201 .42 .37 .39 .37 .59 .55 .57 .55
225 00201 00201 00000 00201 .42 .37 .39 .37 .59 .55 .57 .55
226 00201 00201 00000 00201 .42 .37 .39 .37 .59 .55 .57 .55
227 00201 00201 00000 00201 .42 .37 .39 .37 .59 .55 .57 .55
228 00201 00201 00000 00201 .42 .37 .39 .37 .59 .55 .57 .55
229 00201 00201 00000 00201 .42 .37 .39 .37 .59 .55 .57 .55
230 00201 00201 00000 00201 .42 .37 .39 .37 .59 .55 .57 .55
231 00201 00201 00000 00201 .42 .37 .39 .37 .59 .55 .57 .55
232 00201 00201 00000 00201 .42 .37 .39 .37 .59 .55 .57 .55
233 00201 00201 00000 00201 .42 .37 .39 .37 .59 .55 .57 .55
234 00201 00201 00000 00201 .42 .37 .39 .37 .59 .55 .57 .55
235 00201 00201 00000 00201 .42 .37 .39 .37 .59 .55 .57 .55
236 00201 00201 00000 00201 .42 .37 .39 .37 .59 .55 .57 .55
237 00201 00201 00000 00201 .42 .37 .39 .37 .59 .55 .57 .55
