0 00202 00202 00000 00202 .36 .36 .36 .36 .55 .55 .55 .55
1 00202 00202 00020 00202 .16 .16 .16 .16 .37 .37 .37 .37
2 00202 00202 00020 00202 .16 .16 .16 .16 .37 .37 .37 .37
3 00202 00202 00020 00202 .16 .16 .16 .16 .37 .37 .37 .37
4 00202 00202 00020 00202 .16 .16 .16 .16 .37 .37 .37 .37
5 00202 00202 00020 00202 .16 .16 .16 .16 .37 .37 .37 .37
6 00202 00202 00020 00202 .16 .16 .16 .16 .37 .37 .37 .37
7 00202 00202 00020 00202 .16 .16 .16 .16 .37 .37 .37 .37
8 00202 00202 00020 00202 .16 .16 .16 .16 .37 .37 .37 .37
9 00202 00202 00020 00202 .16 .16 .16 .16 .37 .37 .37 .37
10 00202 00202 00020 00202 .16 .16 .16 .16 .37 .37 .37 .37
11 00202 00202 00020 00202 .16 .16 .16 .16 .37 .37 .37 .37
12 00202 00202 00020 00202 .16 .16 .16 .16 .37 .37 .37 .37
13 00202 00202 00020 00202 .16 .16 .16 .16 .37 .37 .37 .37
14 00202 00202 00020 00202 .16 .16 .16 .16 .37 .37 .37 .37
15 00202 00202 00020 00202 .16 .16 .16 .16 .37 .37 .37 .37
16 00202 00202 00020 00202 .16 .16 .16 .16 .37 .37 .37 .37
17 00202 00202 00020 00202 .16 .16 .16 .16 .37 .37 .37 .37
18 00202 00202 00020 00202 .16 .16 .16 .16 .37 .37 .37 .37
19 00202 00202 00020 00202 .16 .16 .16 .16 .37 .37 .37 .37
20 00202 00202 00020 00202 .16 .16 .16 .16 .37 .37 .37 .37
21 00202 00202 00020 00202 .16 .16 .16 .16 .37 .37 .37 .37
22 00202 00202 00020 00202 .16 .16 .16 .16 .37 .37 .37 .37
23 00202 00202 00020 00202 .16 .16 .16 .16 .37 .37 .37 .37
24 00202 00202 00020 00202 .16 .16 .16 .16 .37 .37 .37 .37
25 00202 00202 00020 00202 .16 .16 .16 .16 .37 .37 .37 .37
26 00202 00202 00020 00202 .16 .16 .16 .16 .37 .37 .37 .37
27 00202 00202 00020 00202 .16 .16 .16 .16 .37 .37 .37 .37
28 00202 00202 00020 00202 .16 .16 .16 .16 .37 .37 .37 .37
29 00202 00202 00020 00202 .16 .16 .16 .16 .37 .37 .37 .37
30 00200 00200 00020 00200 .22 .22 .22 .22 .41 .41 .41 .41
31 00200 00200 00020 00200 .22 .22 .22 .22 .41 .41 .41 .41
32 00200 00200 00020 00200 .22 .22 .22 .22 .41 .41 .41 .41
33 00200 00200 00020 00200 .22 .22 .22 .22 .41 .41 .41 .41
34 00200 00200 00020 00200 .22 .22 .22 .22 .41 .41 .41 .41
35 00200 00200 00020 00200 .22 .22 .22 .22 .41 .41 .41 .41
36 00200 00200 00020 00200 .22 .22 .22 .22 .41 .41 .41 .41
37 00200 00200 00020 00200 .22 .22 .22 .22 .41 .41 .41 .41
38 00200 00200 00020 00200 .22 .22 .22 .22 .41 .41 .41 .41
39 00200 00200 00020 00200 .22 .22 .22 .22 .41 .41 .41 .41
40 00200 00200 00020 00200 .22 .22 .22 .22 .41 .41 .41 .41
41 00200 00200 00020 00200 .22 .22 .22 .22 .41 .41 .41 .41
42 00200 00200 00020 00200 .22 .22 .22 .22 .41 .41 .41 .41
43 00200 00200 00020 00200 .22 .22 .22 .22 .41 .41 .41 .41
44 00200 00200 00020 00200 .22 .22 .22 .22 .41 .41 .41 .41
45 00200 00200 00020 00200 .22 .22 .22 .22 .41 .41 .41 .41
46 00200 00200 00020 00200 .22 .22 .22 .22 .41 .41 .41 .41
47 00200 00200 00020 00200 .22 .22 .22 .22 .41 .41 .41 .41
48 00200 00200 00020 00200 .22 .22 .22 .22 .41 .41 .41 .41
49 00200 00200 00020 00200 .22 .22 .22 .22 .41 .41 .41 .41
50 00200 00200 00020 00200 .22 .22 .22 .22 .41 .41 .41 .41
51 00200 00200 00020 00200 .22 .22 .22 .22 .41 .41 .41 .41
52 00200 00200 00020 00200 .22 .22 .22 .22 .41 .41 .41 .41
53 00200 00200 00020 00200 .22 .22 .22 .22 .41 .41 .41 .41
54 00200 00200 00020 00200 .22 .22 .22 .22 .41 .41 .41 .41
55 00200 00200 00020 00200 .22 .22 .22 .22 .41 .41 .41 .41
56 00200 00200 00020 00200 .22 .22 .22 .22 .41 .41 .41 .41
57 00200 00200 00020 00200 .22 .22 .22 .22 .41 .41 .41 .41
58 00200 00200 00020 00200 .22 .22 .22 .22 .41 .41 .41 .41
59 00200 00200 00020 00200 .22 .22 .22 .22 .41 .41 .41 .41
60 00200 00200 00020 00200 .22 .22 .22 .22 .41 .41 .41 .41
61 00200 00200 00020 00200 .22 .22 .22 .22 .41 .41 .41 .41
62 00200 00200 00020 00200 .22 .22 .22 .22 .41 .41 .41 .41
63 00200 00200 00020 00200 .22 .22 .22 .22 .41 .41 .41 .41
64 00200 00200 00020 00200 .22 .22 .22 .22 .41 .41 .41 .41
65 00200 00200 00020 00200 .22 .22 .22 .22 .41 .41 .41 .41
66 00200 00200 00020 00200 .22 .22 .22 .22 .41 .41 .41 .41
67 00200 00200 00020 00200 .22 .22 .22 .22 .41 .41 .41 .41
68 00200 00200 00020 00200 .22 .22 .22 .22 .41 .41 .41 .41
69 00200 00200 00020 00200 .22 .22 .22 .22 .41 .41 .41 .41
70 00200 00200 00020 00200 .22 .22 .22 .22 .41 .41 .41 .41
71 00200 00200 00020 00200 .22 .22 .22 .22 .41 .41 .41 .41
72 00200 00200 00020 00200 .22 .22 .22 .22 .41 .41 .41 .41
73 00200 00200 00020 00200 .22 .22 .22 .22 .41 .41 .41 .41
74 00200 00200 00020 00200 .22 .22 .22 .22 .41 .41 .41 .41
75 00200 00200 00020 00200 .22 .22 .22 .22 .41 .41 .41 .41
76 00200 00200 00020 00200 .22 .22 .22 .22 .41 .41 .41 .41
77 00200 00200 00020 00200 .22 .22 .22 .22 .41 .41 .41 .41
78 00200 00200 00020 00200 .22 .22 .22 .22 .41 .41 .41 .41
79 00200 00200 00020 00200 .22 .22 .22 .22 .41 .41 .41 .41
80 00200 00200 00020 00200 .22 .22 .22 .22 .41 .41 .41 .41
81 00200 00200 00020 00200 .22 .22 .22 .22 .41 .41 .41 .41
82 00200 00200 00020 00200 .22 .22 .22 .22 .41 .41 .41 .41
83 00200 00200 00020 00200 .22 .22 .22 .22 .41 .41 .41 .41
84 00200 00200 00020 00200 .22 .22 .22 .22 .41 .41 .41 .41
85 00200 00200 00020 00200 .22 .22 .22 .22 .41 .41 .41 .41
86 00200 00200 00020 00200 .22 .22 .22 .22 .41 .41 .41 .41
87 00200 00200 00020 00200 .22 .22 .22 .22 .41 .41 .41 .41
88 00200 00200 00020 00200 .22 .22 .22 .22 .41 .41 .41 .41
89 00200 00200 00020 00200 .22 .22 .22 .22 .41 .41 .41 .41
90 00200 00200 00020 00200 .22 .22 .22 .22 .41 .41 .41 .41
91 00200 00200 02020 00200 .05 .05 .05 .05 .24 .24 .24 .24
92 00200 00200 02020 00200 .05 .05 .05 .05 .24 .24 .24 .24
93 00200 00200 02020 00200 .05 .05 .05 .05 .24 .24 .24 .24
94 00200 00200 02020 00200 .05 .05 .05 .05 .24 .24 .24 .24
95 00200 00200 02020 00200 .05 .05 .05 .05 .24 .24 .24 .24
96 00200 00200 02020 00200 .05 .05 .05 .05 .24 .24 .24 .24
97 00200 00200 02020 00200 .05 .05 .05 .05 .24 .24 .24 .24
98 00200 00200 02020 00200 .05 .05 .05 .05 .24 .24 .24 .24
99 00200 00200 02020 00200 .05 .05 .05 .05 .24 .24 .24 .24
100 02200 00200 02020 02200 .16 .16 .16 .16 .37 .37 .37 .37
101 02200 00200 02020 02200 .16 .16 .16 .16 .37 .37 .37 .37
102 02200 00200 02020 02200 .16 .16 .16 .16 .37 .37 .37 .37
103 02200 00200 02020 02200 .16 .16 .16 .16 .37 .37 .37 .37
104 02200 00200 02020 02200 .16 .16 .16 .16 .37 .37 .37 .37
105 02200 00200 02020 02200 .16 .16 .16 .16 .37 .37 .37 .37
106 02200 00200 02020 02200 .16 .16 .16 .16 .37 .37 .37 .37
107 02200 00200 02020 02200 .16 .16 .16 .16 .37 .37 .37 .37
108 02200 00200 02020 02200 .16 .16 .16 .16 .37 .37 .37 .37
109 02200 00200 02020 02200 .16 .16 .16 .16 .37 .37 .37 .37
110 20200 20200 02020 20200 -0.04 -0.04 -0.04 -0.04 .21 .21 .21 .21
111 20200 20200 02020 20200 -0.04 -0.04 -0.04 -0.04 .21 .21 .21 .21
112 20200 20200 02020 20200 -0.04 -0.04 -0.04 -0.04 .21 .21 .21 .21
113 20200 20200 02020 20200 -0.04 -0.04 -0.04 -0.04 .21 .21 .21 .21
114 20200 20200 02020 20200 -0.04 -0.04 -0.04 -0.04 .21 .21 .21 .21
115 20200 20200 00020 20200 .16 .16 .16 .16 .37 .37 .37 .37
116 20200 20200 00020 20200 .16 .16 .16 .16 .37 .37 .37 .37
117 20200 20200 00020 20200 .16 .16 .16 .16 .37 .37 .37 .37
118 20200 20200 00020 20200 .16 .16 .16 .16 .37 .37 .37 .37
119 20200 20200 00020 20200 .16 .16 .16 .16 .37 .37 .37 .37
120 20200 20020 00020 20020 .16 .16 .16 .16 .37 .37 .37 .37
121 20200 20020 00020 20020 .16 .16 .16 .16 .37 .37 .37 .37
122 20200 20020 00020 20020 .16 .16 .16 .16 .37 .37 .37 .37
123 20200 20020 00020 20020 .16 .16 .16 .16 .37 .37 .37 .37
124 20200 20020 00020 20020 .16 .16 .16 .16 .37 .37 .37 .37
125 20200 20020 00020 20020 .16 .16 .16 .16 .37 .37 .37 .37
126 20200 20020 00020 20020 .16 .16 .16 .16 .37 .37 .37 .37
127 20200 20020 00020 20020 .16 .16 .16 .16 .37 .37 .37 .37
128 20200 20020 00020 20020 .16 .16 .16 .16 .37 .37 .37 .37
129 20200 20020 00020 20020 .16 .16 .16 .16 .37 .37 .37 .37
130 20200 20020 02020 20020 -0.04 -0.04 -0.04 -0.04 .21 .21 .21 .21
131 20200 20020 02020 20020 -0.04 -0.04 -0.04 -0.04 .21 .21 .21 .21
132 20200 20020 02020 20020 -0.04 -0.04 -0.04 -0.04 .21 .21 .21 .21
133 20200 20020 02020 20020 -0.04 -0.04 -0.04 -0.04 .21 .21 .21 .21
134 20200 20020 02020 20020 -0.04 -0.04 -0.04 -0.04 .21 .21 .21 .21
135 20200 20020 02020 20020 -0.04 -0.04 -0.04 -0.04 .21 .21 .21 .21
136 20200 20020 02020 20020 -0.04 -0.04 -0.04 -0.04 .21 .21 .21 .21
137 20200 20020 02020 20020 -0.04 -0.04 -0.04 -0.04 .21 .21 .21 .21
138 20200 20020 02020 20020 -0.04 -0.04 -0.04 -0.04 .21 .21 .21 .21
139 20200 20020 02020 20020 -0.04 -0.04 -0.04 -0.04 .21 .21 .21 .21
140 20000 20000 02020 20000 .05 .05 .05 .05 .24 .24 .24 .24
141 20000 20000 02020 20000 .05 .05 .05 .05 .24 .24 .24 .24
142 20000 20000 02020 20000 .05 .05 .05 .05 .24 .24 .24 .24
143 20000 20000 02020 20000 .05 .05 .05 .05 .24 .24 .24 .24
144 20000 20000 02020 20000 .05 .05 .05 .05 .24 .24 .24 .24
145 20000 20000 02000 20000 .22 .22 .22 .22 .41 .41 .41 .41
146 20000 20000 02000 20000 .22 .22 .22 .22 .41 .41 .41 .41
147 20000 20000 02000 20000 .22 .22 .22 .22 .41 .41 .41 .41
148 20000 20000 02000 20000 .22 .22 .22 .22 .41 .41 .41 .41
149 20000 20000 02000 20000 .22 .22 .22 .22 .41 .41 .41 .41
150 20000 20000 02000 20000 .22 .22 .22 .22 .41 .41 .41 .41
151 20000 20000 02000 20000 .22 .22 .22 .22 .41 .41 .41 .41
152 20000 20000 02000 20000 .22 .22 .22 .22 .41 .41 .41 .41
153 20000 20000 02000 20000 .22 .22 .22 .22 .41 .41 .41 .41
154 20000 20000 02000 20000 .22 .22 .22 .22 .41 .41 .41 .41
155 20000 20000 02000 20000 .22 .22 .22 .22 .41 .41 .41 .41
156 20000 20000 02000 20000 .22 .22 .22 .22 .41 .41 .41 .41
157 20000 20000 02000 20000 .22 .22 .22 .22 .41 .41 .41 .41
158 20000 20000 02000 20000 .22 .22 .22 .22 .41 .41 .41 .41
159 20000 20000 02000 20000 .22 .22 .22 .22 .41 .41 .41 .41
160 20000 20000 00000 20000 .46 .46 .46 .46 .63 .63 .63 .63
161 20000 20000 00000 20000 .46 .46 .46 .46 .63 .63 .63 .63
162 20000 20000 00000 20000 .46 .46 .46 .46 .63 .63 .63 .63
163 20000 20000 00000 20000 .46 .46 .46 .46 .63 .63 .63 .63
164 20000 20000 00000 20000 .46 .46 .46 .46 .63 .63 .63 .63
165 20000 20000 00000 20000 .46 .46 .46 .46 .63 .63 .63 .63
166 20000 20000 00000 20000 .46 .46 .46 .46 .63 .63 .63 .63
167 20000 20000 00000 20000 .46 .46 .46 .46 .63 .63 .63 .63
168 20000 20000 00000 20000 .46 .46 .46 .46 .63 .63 .63 .63
169 20000 20000 00000 20000 .46 .46 .46 .46 .63 .63 .63 .63
170 20000 20000 00000 20000 .46 .46 .46 .46 .63 .63 .63 .63
171 20000 20000 00000 20000 .46 .46 .46 .46 .63 .63 .63 .63
172 20000 20000 00000 20000 .46 .46 .46 .46 .63 .63 .63 .63
173 20000 20000 00000 20000 .46 .46 .46 .46 .63 .63 .63 .63
174 20000 20000 00000 20000 .46 .46 .46 .46 .63 .63 .63 .63
175 20000 20000 00000 20000 .46 .46 .46 .46 .63 .63 .63 .63
176 20000 20000 00000 20000 .46 .46 .46 .46 .63 .63 .63 .63
177 20000 20000 00000 20000 .46 .46 .46 .46 .63 .63 .63 .63
178 20000 20000 00000 20000 .46 .46 .46 .46 .63 .63 .63 .63
179 20000 20000 00000 20000 .46 .46 .46 .46 .63 .63 .63 .63
180 20000 20000 00000 20000 .46 .46 .46 .46 .63 .63 .63 .63
181 20000 20000 00000 20000 .46 .46 .46 .46 .63 .63 .63 .63
182 20000 20000 00000 20000 .46 .46 .46 .46 .63 .63 .63 .63
183 20000 20000 00000 20000 .46 .46 .46 .46 .63 .63 .63 .63
184 20000 20000 00000 20000 .46 .46 .46 .46 .63 .63 .63 .63
185 20000 20000 00000 20000 .46 .46 .46 .46 .63 .63 .63 .63
186 20000 20000 00000 20000 .46 .46 .46 .46 .63 .63 .63 .63
187 20000 20000 00000 20000 .46 .46 .46 .46 .63 .63 .63 .63
188 20000 20000 00000 20000 .46 .46 .46 .46 .63 .63 .63 .63
189 20000 20000 00000 20000 .46 .46 .46 .46 .63 .63 .63 .63
190 20200 20200 02020 20200 -0.04 -0.04 -0.04 -0.04 .21 .21 .21 .21
191 20200 20200 02020 20200 -0.04 -0.04 -0.04 -0.04 .21 .21 .21 .21
192 20200 20200 02020 20200 -0.04 -0.04 -0.04 -0.04 .21 .21 .21 .21
193 20200 20200 02020 20200 -0.04 -0.04 -0.04 -0.04 .21 .21 .21 .21
194 20200 20200 02020 20200 -0.04 -0.04 -0.04 -0.04 .21 .21 .21 .21
195 20200 20200 02020 20200 -0.04 -0.04 -0.04 -0.04 .21 .21 .21 .21
196 20200 20200 02020 20200 -0.04 -0.04 -0.04 -0.04 .21 .21 .21 .21
197 20200 20200 02020 20200 -0.04 -0.04 -0.04 -0.04 .21 .21 .21 .21
198 20200 20200 02020 20200 -0.04 -0.04 -0.04 -0.04 .21 .21 .21 .21
199 20200 20200 02020 20200 -0.04 -0.04 -0.04 -0.04 .21 .21 .21 .21
200 20200 20200 02020 20200 -0.04 -0.04 -0.04 -0.04 .21 .21 .21 .21
201 20200 20200 02020 20200 -0.04 -0.04 -0.04 -0.04 .21 .21 .21 .21
202 20200 20200 02020 20200 -0.04 -0.04 -0.04 -0.04 .21 .21 .21 .21
203 20200 20200 02020 20200 -0.04 -0.04 -0.04 -0.04 .21 .21 .21 .21
204 20200 20200 02020 20200 -0.04 -0.04 -0.04 -0.04 .21 .21 .21 .21
205 20200 20200 02020 20200 -0.04 -0.04 -0.04 -0.04 .21 .21 .21 .21
206 20200 20200 02020 20200 -0.04 -0.04 -0.04 -0.04 .21 .21 .21 .21
207 20200 20200 02020 20200 -0.04 -0.04 -0.04 -0.04 .21 .21 .21 .21
208 20200 20200 02020 20200 -0.04 -0.04 -0.04 -0.04 .21 .21 .21 .21
209 20200 20200 02020 20200 -0.04 -0.04 -0.04 -0.04 .21 .21 .21 .21
210 02200 00200 02020 02200 .16 .16 .16 .16 .37 .37 .37 .37
211 02200 00200 02020 02200 .16 .16 .16 .16 .37 .37 .37 .37
212 02200 00200 02020 02200 .16 .16 .16 .16 .37 .37 .37 .37
213 02200 00200 02020 02200 .16 .16 .16 .16 .37 .37 .37 .37
214 02200 00200 02020 02200 .16 .16 .16 .16 .37 .37 .37 .37
215 02200 00200 02020 02200 .16 .16 .16 .16 .37 .37 .37 .37
216 02200 00200 02020 02200 .16 .16 .16 .16 .37 .37 .37 .37
217 02200 00200 02020 02200 .16 .16 .16 .16 .37 .37 .37 .37
218 02200 00200 00020 00200 .05 .05 .05 .05 .24 .24 .24 .24
219 02200 00200 00020 00200 .05 .05 .05 .05 .24 .24 .24 .24
220 00200 00200 00020 00200 .22 .22 .22 .22 .41 .41 .41 .41
221 00200 00200 00020 00200 .22 .22 .22 .22 .41 .41 .41 .41
222 00200 00200 00020 00200 .22 .22 .22 .22 .41 .41 .41 .41
223 00200 00200 00020 00200 .22 .22 .22 .22 .41 .41 .41 .41
224 00200 00200 00020 00200 .22 .22 .22 .22 .41 .41 .41 .41
225 00200 00200 00020 00200 .22 .22 .22 .22 .41 .41 .41 .41
226 00200 00200 00020 00200 .22 .22 .22 .22 .41 .41 .41 .41
227 00200 00200 00020 00200 .22 .22 .22 .22 .41 .41 .41 .41
228 00200 00200 00020 00200 .22 .22 .22 .22 .41 .41 .41 .41
229 00200 00200 00020 00200 .22 .22 .22 .22 .41 .41 .41 .41
230 00200 00200 00020 00200 .22 .22 .22 .22 .41 .41 .41 .41
231 00200 00200 00020 00200 .22 .22 .22 .22 .41 .41 .41 .41
232 00200 00200 00020 00200 .22 .22 .22 .22 .41 .41 .41 .41
233 00200 00200 00200 00200 1.00 1.00 1.00 1.00 1.00 1.00 1.00 1.00
234 00200 00200 00200 00200 1.00 1.00 1.00 1.00 1.00 1.00 1.00 1.00
235 00200 00200 00200 00200 1.00 1.00 1.00 1.00 1.00 1.00 1.00 1.00
236 00200 00200 00200 00200 1.00 1.00 1.00 1.00 1.00 1.00 1.00 1.00
237 00200 00200 00200 00200 1.00 1.00 1.00 1.00 1.00 1.00 1.00 1.00
238 00200 00200 00200 00200 1.00 1.00 1.00 1.00 1.00 1.00 1.00 1.00
239 00200 00200 00200 00200 1.00 1.00 1.00 1.00 1.00 1.00 1.00 1.00
240 00200 00200 00200 00200 1.00 1.00 1.00 1.00 1.00 1.00 1.00 1.00
241 00200 00200 00200 00200 1.00 1.00 1.00 1.00 1.00 1.00 1.00 1.00
242 00200 00200 00200 00200 1.00 1.00 1.00 1.00 1.00 1.00 1.00 1.00
243 00200 00200 00200 00200 1.00 1.00 1.00 1.00 1.00 1.00 1.00 1.00
244 00200 00200 00200 00200 1.00 1.00 1.00 1.00 1.00 1.00 1.00 1.00
245 00200 00200 00200 00200 1.00 1.00 1.00 1.00 1.00 1.00 1.00 1.00
246 00200 00200 00020 00200 .22 .22 .22 .22 .41 .41 .41 .41
