1 0 0 0 0 4
17 3 0 0 0 4
20 3 0 0 0 4
35 3 0 3 0 4
50 3 0 3 0 4
65 3 0 3 0 4
80 3 0 3 0 4
98 3 0 0 0 4
101 3 0 0 3 4
116 3 0 0 3 4
131 3 0 0 3 4
146 3 0 0 3 4
161 0 0 0 3 4
176 0 0 0 3 4
191 3 0 0 3 4
206 3 0 0 3 4
221 3 0 0 3 4
236 3 0 0 3 4
251 3 0 0 3 4
266 3 0 0 3 4
272 3 0 0 3 4
275 3 0 0 3 4
290 3 0 3 0 4
305 3 0 3 0 4
320 3 0 0 0 4
335 3 0 0 0 4
350 0 0 0 0 4
365 0 0 0 0 4
380 0 0 0 0 4
395 0 0 3 0 4
410 0 0 0 0 4
425 0 0 3 0 4
440 0 0 0 3 4
452 0 3 0 0 4
455 0 0 0 0 4
470 0 0 0 0 4
485 0 0 0 0 4
500 0 0 0 0 4
515 0 0 0 0 4
530 0 0 0 0 4
545 0 0 0 0 4
560 0 0 0 0 4
575 0 0 0 0 4
590 0 0 0 0 4
606 0 0 0 0 4
609 0 0 0 0 4
624 0 3 0 0 4
639 0 0 0 0 4
654 0 3 0 0 4
669 0 0 0 0 4
684 0 3 0 0 4
699 0 0 0 0 4
714 0 0 0 0 4
729 0 0 0 0 4
744 0 0 0 0 4
759 0 0 0 0 4
774 0 0 0 0 4
789 3 0 0 0 4
804 3 0 0 0 4
819 3 0 0 0 4
834 3 0 0 3 4
849 3 0 0 3 4
864 3 0 0 3 4
879 0 3 0 3 4
894 0 0 0 3 4
909 0 0 0 3 4
924 0 0 0 3 4
939 0 0 0 3 4
954 0 3 0 3 4
969 3 0 0 3 4
982 3 0 0 0 4
985 3 0 0 0 4
1000 3 0 3 0 4
1015 3 0 3 0 4
1030 3 0 3 0 4
1045 3 0 3 0 4
1060 3 0 0 3 4
1079 0 0 0 3 4
1082 3 0 0 3 4
1097 3 0 0 3 4
1112 3 0 0 3 4
1127 3 0 0 3 4
1142 3 0 0 3 4
1157 3 0 0 3 4
1172 3 0 3 0 4
1175 3 0 3 0 4
1190 3 0 3 0 4
1205 3 0 0 0 4
1220 3 0 0 0 4
1235 3 0 0 0 4
1250 3 0 3 0 4
1265 3 0 3 0 4
1280 0 0 3 0 4
1295 0 0 3 0 4
1310 0 0 3 0 4
1325 0 0 3 0 4
1340 0 0 3 0 4
1355 0 0 3 0 4
1374 0 0 0 0 4
1377 0 3 0 3 4
1392 0 0 0 0 4
1407 0 0 0 0 4
1422 0 0 0 0 4
1437 0 0 0 0 4
1452 0 0 0 0 4
1458 0 0 0 0 4
