1 0 0 0 0 4
16 0 0 0 0 4
31 0 0 0 0 4
38 0 0 0 0 4
41 0 0 0 0 4
56 0 0 3 0 4
71 0 3 3 0 4
86 0 3 3 0 4
101 0 3 3 0 4
116 0 3 3 0 4
131 0 3 3 0 4
146 0 3 3 0 4
161 0 3 3 0 4
176 0 3 3 0 4
191 0 3 3 0 4
206 0 3 3 0 4
221 3 0 0 3 4
236 3 0 0 3 4
251 3 0 0 0 4
259 3 0 3 0 4
262 3 0 0 0 4
277 3 0 3 0 4
292 3 0 3 0 4
307 3 0 3 0 4
322 3 0 3 0 4
337 3 0 3 0 4
352 3 0 3 0 4
370 3 0 0 3 4
373 3 0 0 3 4
388 3 0 0 3 4
403 3 0 0 0 4
418 3 0 0 3 4
433 3 0 0 3 4
448 3 0 0 0 4
456 3 0 3 0 4
459 3 0 0 0 4
474 3 0 0 0 4
489 3 0 0 0 4
504 3 0 3 0 4
519 3 0 3 0 4
534 3 0 3 0 4
549 3 0 3 0 4
564 3 0 3 0 4
579 3 0 3 0 4
594 0 3 0 3 4
613 0 3 0 3 4
616 0 3 0 3 4
631 0 0 0 0 4
646 0 0 0 3 4
661 0 0 0 3 4
676 0 0 0 3 4
691 0 0 0 3 4
706 0 0 3 0 4
721 0 3 3 0 4
736 0 3 3 0 4
751 0 0 3 0 4
766 0 0 3 0 4
781 0 0 3 0 4
796 0 3 3 0 4
811 0 3 3 0 4
826 0 3 3 0 4
841 0 3 3 0 4
856 3 0 0 3 4
871 3 0 0 0 4
888 3 0 0 0 4
891 3 0 0 0 4
906 3 0 3 0 4
921 3 0 3 0 4
936 3 0 3 0 4
951 3 0 3 0 4
969 3 0 0 3 4
972 3 0 0 3 4
987 3 0 0 3 4
1002 3 0 0 3 4
1017 3 0 0 3 4
1032 3 0 0 3 4
1047 3 0 0 3 4
1058 3 0 0 3 4
1061 3 0 3 0 4
1076 3 0 3 0 4
1091 3 0 0 0 4
1106 3 0 0 0 4
1121 3 0 0 0 4
1136 0 0 3 0 4
1151 0 0 3 0 4
1166 0 0 3 0 4
1181 0 0 3 0 4
1196 0 0 3 0 4
1211 0 0 0 3 4
1217 0 0 0 0 4
1220 0 0 0 0 4
1235 0 0 0 0 4
1250 0 0 0 0 4
1265 0 0 0 0 4
1280 0 0 0 0 4
1298 0 0 0 0 4
