20 0 0 0 0 4
35 0 0 0 3 4
50 0 0 0 3 4
65 0 0 0 0 4
81 0 0 3 0 4
84 0 0 3 0 4
99 0 3 3 0 4
114 0 3 3 0 4
129 0 3 3 0 4
144 0 3 3 0 4
159 0 0 3 0 4
174 3 0 3 0 4
189 3 0 0 0 4
204 3 0 0 0 4
221 3 0 0 0 4
224 3 0 0 0 4
239 3 0 0 0 4
254 3 0 3 0 4
269 3 0 3 0 4
284 0 0 3 0 4
299 3 0 0 0 4
307 3 0 0 0 4
310 3 0 0 0 4
325 3 0 0 3 4
340 3 0 0 3 4
355 3 0 0 3 4
370 3 0 0 3 4
383 3 0 3 0 4
386 3 0 0 0 4
401 3 0 0 0 4
416 3 0 3 0 4
431 0 0 3 0 4
446 0 0 3 0 4
461 3 0 3 0 4
476 0 0 3 0 4
491 3 0 3 0 4
506 0 0 0 3 4
521 0 0 0 3 4
528 0 0 0 3 4
531 0 0 0 3 4
546 0 0 0 0 4
561 0 0 0 0 4
576 0 0 0 0 4
592 0 0 0 0 4
595 0 0 3 0 4
610 0 0 3 0 4
625 0 3 3 0 4
640 0 3 3 0 4
655 3 0 3 0 4
670 3 0 0 3 4
685 3 0 0 0 4
701 3 0 0 0 4
704 3 0 0 0 4
719 0 0 3 0 4
734 3 0 3 0 4
749 0 0 0 0 4
764 0 0 0 0 4
770 3 0 0 0 4
773 3 0 0 0 4
788 3 0 0 3 4
803 0 0 0 3 4
818 3 0 0 3 4
833 3 0 0 3 4
848 3 0 3 0 4
858 3 0 3 0 4
861 3 0 3 0 4
876 3 0 0 0 4
891 3 0 0 0 4
906 3 0 0 0 4
921 0 0 0 0 4
936 3 0 0 0 4
951 3 0 3 0 4
966 3 0 0 0 4
981 3 0 3 0 4
996 3 0 3 0 4
1011 3 0 0 0 4
1026 0 3 0 3 4
1031 0 3 0 3 4
1034 0 0 0 3 4
1049 0 0 3 0 4
1064 0 0 3 0 4
1079 0 0 3 0 4
1094 0 0 3 0 4
1109 0 0 3 0 4
1115 0 0 3 0 4
