28 0 0 0 0 4
43 0 0 0 0 4
58 0 0 0 0 4
73 0 0 0 0 4
88 0 0 0 0 4
107 0 0 3 0 4
110 0 0 3 0 4
125 0 0 0 0 4
140 0 0 0 0 4
155 0 3 0 0 4
170 3 0 0 3 4
185 3 0 0 3 4
200 3 0 0 3 4
214 3 0 0 0 4
217 3 0 3 0 4
232 3 0 3 0 4
247 0 0 0 0 4
260 3 0 0 0 4
263 3 0 0 3 4
278 3 0 0 3 4
293 3 0 0 3 4
311 3 0 3 0 4
314 3 0 3 0 4
329 3 0 3 0 4
344 0 0 3 0 4
359 3 0 3 0 4
374 0 0 3 0 4
389 0 0 3 0 4
404 0 0 0 3 4
409 0 3 0 0 4
412 0 0 0 0 4
427 0 0 0 0 4
442 0 0 0 0 4
457 0 0 0 0 4
472 0 0 0 0 4
486 0 0 3 0 4
489 0 0 3 0 4
504 0 0 0 0 4
519 0 0 3 0 4
534 0 3 0 0 4
549 0 3 0 0 4
564 3 0 0 0 4
579 3 0 0 3 4
594 3 0 3 0 4
608 3 0 0 0 4
611 0 0 0 0 4
626 3 0 0 0 4
641 3 0 3 0 4
656 3 0 3 0 4
671 0 0 0 0 4
684 3 0 0 0 4
687 3 0 0 0 4
702 0 0 0 3 4
717 0 0 0 3 4
732 3 0 0 3 4
747 3 0 0 3 4
763 3 0 0 0 4
766 3 0 0 0 4
781 3 0 0 0 4
796 3 0 3 0 4
811 0 0 3 0 4
826 0 0 3 0 4
841 0 0 3 0 4
857 0 3 0 3 4
860 0 0 0 3 4
875 0 0 0 0 4
890 0 0 3 0 4
905 0 0 0 0 4
920 0 0 0 0 4
934 0 0 0 0 4
