139 0 0 0 0 4
154 0 3 0 3 4
169 0 3 0 0 4
184 0 3 0 0 4
199 0 3 0 3 4
214 0 3 0 3 4
229 0 3 0 3 4
244 0 3 0 3 4
259 0 0 3 0 4
274 0 3 3 0 4
289 0 3 3 0 4
304 0 3 3 0 4
319 0 3 3 0 4
334 3 0 0 0 4
349 0 0 0 3 4
367 3 0 0 0 4
370 3 0 3 0 4
385 3 0 0 0 4
400 3 0 3 0 4
415 3 0 0 0 4
430 3 0 3 0 4
445 3 0 3 0 4
460 3 0 3 0 4
475 3 0 3 0 4
490 3 0 3 0 4
505 3 0 0 3 4
518 3 0 0 3 4
521 0 0 0 3 4
536 3 0 0 0 4
551 0 0 0 3 4
566 0 0 0 3 4
581 0 0 3 0 4
587 3 0 3 0 4
590 3 0 3 0 4
605 3 0 3 0 4
620 3 0 0 0 4
635 3 0 3 0 4
650 0 0 3 0 4
665 0 0 3 0 4
680 0 0 3 0 4
695 0 0 3 0 4
710 0 0 3 0 4
725 0 0 0 3 4
730 0 3 0 3 4
733 0 3 0 3 4
748 0 0 0 0 4
763 0 0 0 0 4
778 0 0 0 0 4
793 0 0 0 0 4
808 0 0 0 0 4
823 0 0 0 0 4
839 0 0 0 0 4
842 0 0 0 0 4
857 0 0 3 0 4
872 0 0 3 0 4
887 0 0 3 0 4
902 0 3 3 0 4
917 3 0 0 3 4
932 3 0 0 3 4
947 3 0 0 0 4
953 3 0 0 0 4
956 3 0 0 0 4
971 3 0 3 0 4
986 3 0 0 0 4
1001 3 0 0 3 4
1016 3 0 0 0 4
1025 3 0 0 0 4
1028 3 0 0 3 4
1043 3 0 0 3 4
1058 3 0 0 3 4
1073 3 0 0 0 4
1088 3 0 0 3 4
1102 3 0 3 0 4
1105 3 0 0 0 4
1120 3 0 3 0 4
1135 3 0 3 0 4
1150 3 0 3 0 4
1165 3 0 0 0 4
1180 3 0 3 0 4
1195 3 0 3 0 4
1210 0 0 3 0 4
1225 0 0 3 0 4
1240 0 0 3 0 4
1255 0 0 3 0 4
1270 0 0 3 0 4
1285 0 0 3 0 4
1300 0 0 0 3 4
1315 0 0 0 3 4
1330 0 0 0 0 4
1345 0 0 0 3 4
1360 0 0 3 0 4
1375 0 0 3 0 4
1390 0 0 3 0 4
1405 0 0 3 0 4
1420 0 0 3 0 4
1432 0 0 0 3 4
1435 0 0 0 0 4
1450 0 0 0 0 4
1465 0 0 0 0 4
1480 0 0 0 0 4
1495 0 0 0 0 4
1510 0 0 0 0 4
1525 0 0 0 0 4
1540 0 0 0 0 4
1548 0 0 0 0 4
