37 0 0 0 0 4
52 0 0 0 0 4
67 0 0 0 0 4
82 0 0 0 0 4
97 0 0 0 0 4
112 0 0 0 0 4
127 0 0 0 0 4
132 0 0 0 3 4
135 0 0 0 3 4
147 3 0 0 3 4
158 0 3 0 3 4
161 0 3 0 3 4
176 0 3 0 3 4
191 0 3 0 3 4
206 3 0 0 3 4
221 3 0 0 3 4
236 3 0 0 3 4
251 3 0 0 0 4
266 3 0 0 3 4
281 3 0 0 0 4
296 3 0 0 3 4
311 3 0 0 0 4
325 3 0 3 0 4
328 3 0 3 0 4
343 3 0 3 0 4
358 3 0 3 0 4
373 3 0 3 0 4
388 3 0 3 0 4
403 3 0 0 0 4
418 0 0 3 0 4
433 0 0 3 0 4
448 0 0 3 0 4
463 0 0 3 0 4
478 0 0 3 0 4
493 0 0 3 0 4
508 0 0 3 0 4
523 0 0 3 0 4
538 0 0 3 0 4
553 0 0 3 0 4
568 0 0 3 0 4
583 0 3 0 3 4
598 0 3 0 0 4
607 0 0 0 0 4
610 0 0 0 0 4
625 0 0 0 0 4
640 0 3 0 0 4
655 0 0 0 0 4
670 0 0 0 0 4
685 0 0 0 0 4
700 0 0 0 0 4
715 0 0 0 0 4
730 3 0 0 0 4
745 3 0 0 0 4
760 0 0 0 0 4
775 0 0 0 0 4
790 0 0 0 3 4
805 0 3 3 0 4
820 0 0 3 0 4
835 0 3 3 0 4
850 3 0 0 3 4
865 3 0 0 0 4
880 0 0 0 3 4
885 0 0 0 0 4
888 0 0 0 0 4
903 3 0 0 3 4
918 3 0 0 3 4
932 3 0 0 3 4
935 3 0 0 3 4
950 3 0 0 3 4
965 3 0 0 3 4
980 3 0 0 0 4
997 3 0 0 0 4
1000 3 0 0 0 4
1015 3 0 0 0 4
1030 3 0 3 0 4
1045 0 0 0 0 4
1060 0 0 3 0 4
1075 0 0 0 0 4
1090 0 0 0 0 4
1105 0 0 0 0 4
1120 0 0 0 0 4
1137 0 0 0 3 4
1140 0 0 0 0 4
1155 0 0 0 0 4
1170 0 0 0 0 4
1185 3 0 0 0 4
1200 0 3 0 0 4
1215 0 3 0 0 4
1225 0 3 0 0 4
