13 0 0 0 0 4
28 0 0 0 3 4
43 0 0 0 3 4
58 0 3 0 3 4
73 0 3 0 3 4
88 0 3 0 3 4
103 0 3 0 3 4
118 0 0 0 3 4
133 3 0 0 3 4
148 0 0 0 0 4
163 0 0 0 3 4
178 0 0 0 0 4
183 0 0 0 3 4
186 0 0 0 3 4
201 0 3 0 3 4
216 0 3 0 3 4
231 3 0 0 0 4
246 0 3 0 3 4
252 0 3 0 3 4
255 0 3 0 3 4
270 0 0 0 3 4
285 0 0 0 3 4
300 0 3 3 0 4
312 0 3 3 0 4
315 0 0 3 0 4
330 0 3 3 0 4
345 0 3 3 0 4
360 0 3 3 0 4
375 0 3 3 0 4
390 0 3 3 0 4
393 0 3 3 0 4
408 0 0 0 0 4
423 0 3 3 0 4
438 0 0 3 0 4
453 0 3 3 0 4
468 0 3 3 0 4
483 0 0 3 0 4
498 0 0 0 0 4
513 0 0 0 0 4
528 0 0 0 0 4
543 0 0 0 3 4
558 0 0 0 3 4
573 0 0 0 3 4
588 3 0 0 3 4
603 0 0 0 3 4
614 3 0 0 3 4
617 0 0 0 0 4
632 0 0 0 0 4
647 0 0 0 0 4
662 0 0 0 0 4
677 0 3 0 0 4
692 0 3 0 0 4
707 0 3 0 0 4
722 0 3 0 0 4
737 0 0 0 0 4
752 0 3 0 0 4
767 0 0 0 0 4
784 0 0 0 0 4
787 0 0 0 3 4
802 0 0 3 0 4
817 0 3 0 3 4
832 0 3 0 0 4
847 0 3 0 0 4
862 0 3 0 0 4
867 0 0 3 0 4
870 0 3 3 0 4
885 0 0 3 0 4
900 0 3 3 0 4
918 0 0 3 0 4
921 0 3 3 0 4
936 3 0 0 3 4
951 0 3 0 3 4
966 3 0 0 3 4
976 0 0 0 3 4
979 3 0 0 3 4
994 3 0 0 0 4
1009 3 0 0 3 4
1024 0 0 0 0 4
1039 3 0 0 0 4
1054 3 0 0 3 4
1069 3 0 0 0 4
1084 0 0 3 0 4
1099 0 0 0 0 4
1114 0 3 0 0 4
1129 0 0 0 0 4
1144 0 3 3 0 4
1159 0 3 0 0 4
1174 0 3 0 0 4
1189 0 3 0 3 4
1204 0 0 3 0 4
1219 0 0 3 0 4
1234 0 3 3 0 4
1245 0 3 3 0 4
1248 0 0 0 0 4
1263 0 3 0 0 4
1278 0 3 0 0 4
1293 0 0 0 0 4
1298 0 0 0 0 4
