1 0 3 3 0 4
13 3 0 0 3 4
25 0 3 0 0 4
32 3 0 0 0 4
35 3 0 0 0 4
50 3 0 3 0 4
65 0 0 0 3 4
84 3 0 0 3 4
87 3 0 0 3 4
102 3 0 0 3 4
117 3 0 0 3 4
131 3 0 3 0 4
134 3 0 3 0 4
149 3 0 3 0 4
164 3 0 0 0 4
179 0 0 0 3 4
194 0 0 0 0 4
209 0 0 3 0 4
224 3 0 0 0 4
239 0 0 0 0 4
254 0 0 0 0 4
269 0 0 0 0 4
284 0 0 0 0 4
299 0 0 0 0 4
314 3 0 0 0 4
329 0 0 0 0 4
344 0 0 0 0 4
352 0 0 0 0 4
355 0 0 0 0 4
370 0 0 0 0 4
385 0 0 0 3 4
400 0 0 0 3 4
413 0 0 3 0 4
416 0 0 3 0 4
431 0 0 3 0 4
446 0 3 3 0 4
461 3 0 0 3 4
475 3 0 0 0 4
478 3 0 0 0 4
493 3 0 3 0 4
508 3 0 3 0 4
523 0 3 3 0 4
538 3 0 3 0 4
553 3 0 0 3 4
568 3 0 0 3 4
583 3 0 0 0 4
589 0 0 0 0 4
592 3 0 0 3 4
607 0 3 0 3 4
622 0 3 0 3 4
637 0 3 0 3 4
652 0 3 0 0 4
667 0 3 0 0 4
682 0 0 0 0 4
697 0 0 0 0 4
707 0 0 0 0 4
710 0 3 0 0 4
725 0 3 3 0 4
740 3 0 0 0 4
755 3 0 3 0 4
770 3 0 3 0 4
785 3 0 0 0 4
800 3 0 3 0 4
815 3 0 3 0 4
830 0 3 0 0 4
839 0 3 0 3 4
842 0 3 0 0 4
857 0 0 0 0 4
872 0 0 0 0 4
887 0 0 0 0 4
894 0 0 0 0 4
