1 0 0 0 0 4
16 0 0 0 0 4
31 0 0 0 0 4
46 0 0 0 0 4
59 0 0 0 0 4
62 0 0 0 0 4
77 0 3 3 0 4
92 0 3 3 0 4
107 0 3 3 0 4
122 0 3 3 0 4
137 0 3 3 0 4
152 0 0 0 3 4
167 3 0 0 0 4
183 3 0 0 0 4
186 0 0 0 0 4
198 3 0 3 0 4
210 3 0 0 3 4
219 3 0 0 3 4
222 3 0 0 3 4
237 3 0 0 3 4
252 3 0 0 3 4
268 3 0 3 0 4
271 3 0 3 0 4
286 3 0 3 0 4
301 3 0 3 0 4
316 3 0 3 0 4
331 0 0 3 0 4
346 0 0 3 0 4
361 0 0 3 0 4
376 0 0 3 0 4
391 0 0 3 0 4
406 0 0 3 0 4
421 0 0 0 3 4
438 0 0 0 0 4
441 0 0 0 0 4
456 0 0 0 0 4
471 0 0 0 3 4
486 0 0 0 0 4
501 0 0 0 0 4
514 0 0 3 0 4
517 0 3 3 0 4
532 0 3 3 0 4
547 0 3 3 0 4
562 0 3 3 0 4
577 0 3 0 3 4
592 0 3 0 3 4
607 3 0 0 3 4
622 3 0 0 3 4
636 3 0 0 3 4
639 3 0 0 3 4
654 3 0 0 3 4
669 3 0 0 3 4
674 3 0 0 3 4
677 3 0 0 3 4
692 3 0 0 0 4
707 3 0 0 3 4
722 3 0 0 3 4
732 3 0 3 0 4
735 3 0 3 0 4
750 3 0 3 0 4
765 3 0 3 0 4
780 3 0 0 0 4
795 0 0 3 0 4
810 0 0 3 0 4
825 0 0 0 0 4
840 0 0 3 0 4
855 0 0 0 0 4
870 0 0 3 0 4
885 0 0 3 0 4
900 0 0 3 0 4
915 0 0 3 0 4
930 0 0 0 3 4
941 0 0 0 3 4
944 0 0 0 3 4
959 0 0 0 0 4
974 0 0 0 0 4
989 0 0 0 0 4
1004 0 0 0 3 4
1019 0 0 0 3 4
1034 0 0 0 3 4
1043 0 3 0 0 4
