1 0 3 3 0 4
16 0 3 3 0 4
31 3 0 0 0 4
50 3 0 0 0 4
53 3 0 0 0 4
68 3 0 3 0 4
83 3 0 0 0 4
98 0 0 0 0 4
113 3 0 3 0 4
127 3 0 0 3 4
130 3 0 0 3 4
145 3 0 0 3 4
160 3 0 0 0 4
175 3 0 0 0 4
190 3 0 0 0 4
205 3 0 0 0 4
220 3 0 0 0 4
236 3 0 0 0 4
239 3 0 3 0 4
254 3 0 3 0 4
269 3 0 0 0 4
284 0 0 0 0 4
299 3 0 0 0 4
314 3 0 0 0 4
329 0 0 0 0 4
344 0 0 3 0 4
359 0 0 3 0 4
374 3 0 3 0 4
389 0 0 0 3 4
398 0 3 0 0 4
401 0 0 0 0 4
416 0 0 0 0 4
431 0 0 0 3 4
446 0 0 0 3 4
460 0 0 3 0 4
463 0 0 3 0 4
478 0 0 3 0 4
493 0 3 0 0 4
508 0 3 3 0 4
523 3 0 0 0 4
538 3 0 0 0 4
541 3 0 0 0 4
556 3 0 3 0 4
571 0 0 3 0 4
586 3 0 0 3 4
595 3 0 0 3 4
598 3 0 0 3 4
613 3 0 0 3 4
628 3 0 0 0 4
643 0 0 0 0 4
649 3 0 0 0 4
652 0 0 0 0 4
667 3 0 0 0 4
682 3 0 0 3 4
697 3 0 0 3 4
712 3 0 0 0 4
727 3 0 0 3 4
742 3 0 0 0 4
757 3 0 0 0 4
772 3 0 0 0 4
787 3 0 0 3 4
802 3 0 0 0 4
817 3 0 0 3 4
832 3 0 0 0 4
847 0 0 3 0 4
862 3 0 3 0 4
877 0 0 3 0 4
892 3 0 3 0 4
907 3 0 3 0 4
917 0 0 0 3 4
920 0 0 0 3 4
935 0 0 0 0 4
950 3 0 3 0 4
965 3 0 0 0 4
982 3 0 0 0 4
