6 0 0 0 0 4
21 0 3 0 3 4
36 0 0 0 0 4
51 0 0 0 0 4
66 0 3 3 0 4
81 0 0 3 0 4
96 0 0 3 0 4
112 0 0 3 0 4
115 0 0 3 0 4
130 0 0 3 0 4
145 0 3 3 0 4
160 0 3 3 0 4
175 0 3 3 0 4
190 0 3 3 0 4
205 0 3 3 0 4
220 3 0 3 0 4
235 0 0 0 3 4
250 0 0 0 3 4
265 0 0 0 3 4
280 0 3 3 0 4
295 0 3 3 0 4
310 0 3 3 0 4
325 0 0 3 0 4
340 0 0 3 0 4
355 0 0 3 0 4
370 3 0 3 0 4
385 0 0 0 3 4
400 0 0 0 3 4
415 0 0 0 0 4
421 0 0 0 0 4
424 0 0 0 0 4
439 3 0 3 0 4
454 0 0 3 0 4
469 3 0 3 0 4
484 3 0 3 0 4
499 3 0 3 0 4
514 3 0 3 0 4
529 3 0 0 0 4
544 0 0 0 0 4
559 3 0 0 0 4
574 0 0 3 0 4
589 3 0 3 0 4
604 3 0 3 0 4
619 0 0 3 0 4
634 3 0 0 0 4
649 3 0 0 0 4
664 3 0 3 0 4
679 0 0 3 0 4
694 0 0 3 0 4
711 0 0 0 3 4
714 0 0 0 3 4
729 0 0 0 3 4
744 3 0 0 3 4
759 3 0 0 3 4
774 0 0 0 3 4
789 0 0 0 3 4
804 0 0 3 0 4
807 3 0 3 0 4
822 0 0 0 0 4
837 0 0 0 0 4
852 3 0 0 0 4
867 0 0 0 0 4
882 0 0 0 0 4
897 0 0 0 0 4
912 0 0 0 0 4
927 0 0 0 0 4
942 0 3 0 0 4
957 0 3 0 0 4
972 0 3 0 0 4
987 0 0 0 0 4
1002 0 0 3 0 4
1017 0 0 3 0 4
1032 3 0 3 0 4
1047 0 0 3 0 4
1062 0 0 3 0 4
1077 0 0 3 0 4
1092 0 0 3 0 4
1107 0 0 3 0 4
1122 0 0 0 0 4
1137 0 0 0 0 4
1152 0 3 0 0 4
1167 0 0 0 0 4
1182 0 3 0 0 4
1197 0 0 0 0 4
1212 0 3 0 0 4
1227 3 0 0 0 4
1242 3 0 0 0 4
1257 3 0 0 0 4
1272 3 0 0 3 4
1287 3 0 0 0 4
1302 3 0 0 0 4
1317 3 0 0 0 4
1332 3 0 0 0 4
1347 0 3 0 0 4
1362 0 0 0 0 4
1365 0 0 0 3 4
1380 0 0 0 0 4
1395 0 0 0 3 4
1410 0 0 0 0 4
1425 0 0 0 0 4
1440 0 0 0 0 4
1455 0 0 3 0 4
1470 0 0 3 0 4
1485 0 0 3 0 4
1500 0 0 0 0 4
1515 0 3 3 0 4
1530 0 0 3 0 4
1545 0 3 3 0 4
1560 0 3 3 0 4
1575 3 0 0 3 4
1590 3 0 0 3 4
1605 3 0 0 0 4
1624 3 0 3 0 4
1627 3 0 3 0 4
1642 3 0 0 0 4
1657 3 0 3 0 4
1672 3 0 3 0 4
1687 3 0 3 0 4
1702 3 0 0 0 4
1717 3 0 3 0 4
1732 3 0 3 0 4
1747 3 0 3 0 4
1762 3 0 3 0 4
1777 3 0 3 0 4
1792 3 0 3 0 4
1807 3 0 0 0 4
1822 3 0 3 0 4
1837 3 0 0 0 4
1851 3 0 0 0 4
1854 3 0 0 3 4
1869 3 0 0 3 4
1884 3 0 0 0 4
1899 3 0 0 3 4
1914 0 0 0 3 4
1929 0 0 0 3 4
1944 0 0 0 3 4
1959 0 0 0 3 4
1974 0 0 0 3 4
1983 0 0 3 0 4
1986 3 0 3 0 4
2001 0 0 3 0 4
2016 0 0 0 0 4
2031 3 0 0 0 4
2046 3 0 0 0 4
2061 3 0 0 0 4
2076 3 0 0 0 4
2091 3 0 0 0 4
2106 0 0 0 0 4
2121 0 0 3 0 4
2136 0 0 3 0 4
2151 0 0 3 0 4
2166 0 0 3 0 4
2181 0 0 3 0 4
2196 0 0 3 0 4
2211 0 0 0 3 4
2223 0 0 0 0 4
2226 0 0 0 0 4
2241 0 0 0 0 4
2256 0 0 0 0 4
2271 0 0 0 0 4
2286 0 0 0 0 4
2301 0 0 0 0 4
2316 0 0 0 0 4
2331 0 0 0 0 4
2348 0 0 0 0 4
