40 0 0 0 0 4
55 0 0 0 0 4
70 0 0 0 0 4
85 0 0 0 0 4
100 0 0 0 0 4
115 0 0 0 0 4
130 0 0 0 0 4
145 0 0 0 0 4
157 0 0 0 0 4
160 0 0 3 0 4
175 0 0 3 0 4
190 0 3 0 0 4
205 0 3 3 0 4
220 0 3 0 0 4
235 3 0 0 3 4
250 3 0 0 0 4
263 0 0 0 0 4
266 3 0 0 0 4
278 0 0 0 0 4
290 0 0 0 0 4
295 3 0 0 0 4
298 3 0 0 0 4
313 0 0 0 3 4
328 0 0 0 3 4
343 0 0 3 0 4
348 0 0 3 0 4
351 3 0 0 0 4
366 3 0 3 0 4
381 3 0 3 0 4
396 0 0 3 0 4
411 0 0 3 0 4
426 0 0 0 0 4
441 0 0 3 0 4
456 0 0 3 0 4
471 0 0 3 0 4
486 0 0 3 0 4
501 0 0 3 0 4
519 0 3 0 3 4
522 0 0 0 0 4
537 0 0 0 0 4
552 0 0 0 0 4
567 0 3 0 0 4
582 0 3 0 0 4
597 0 0 0 0 4
609 0 0 3 0 4
612 0 3 3 0 4
627 0 0 0 0 4
642 0 0 3 0 4
657 0 0 3 0 4
672 0 3 3 0 4
687 3 0 0 3 4
702 3 0 0 0 4
717 3 0 0 3 4
729 3 0 0 0 4
732 3 0 0 0 4
747 3 0 3 0 4
762 3 0 0 3 4
777 3 0 0 3 4
792 3 0 0 3 4
807 3 0 0 3 4
822 3 0 0 0 4
837 0 0 0 0 4
852 0 0 0 0 4
869 3 0 0 3 4
872 3 0 0 3 4
887 3 0 0 3 4
902 3 0 0 3 4
917 3 0 0 0 4
932 3 0 0 0 4
947 3 0 0 3 4
962 3 0 0 3 4
972 3 0 0 3 4
975 3 0 0 0 4
990 3 0 3 0 4
1005 3 0 3 0 4
1020 3 0 3 0 4
1035 3 0 3 0 4
1050 3 0 3 0 4
1065 0 0 0 0 4
1080 0 0 3 0 4
1095 0 0 3 0 4
1110 0 0 3 0 4
1125 0 0 3 0 4
1140 0 0 3 0 4
1155 0 0 3 0 4
1170 0 0 3 0 4
1187 0 0 0 3 4
1190 0 0 0 3 4
1205 0 3 0 0 4
1220 0 3 0 0 4
1235 0 0 0 0 4
1250 0 0 0 0 4
1265 0 0 0 0 4
1280 0 0 0 0 4
1298 0 0 0 0 4
