0 00000 00000 00000 00000 1.0 1.0 1.0 1.0 1.0 1.0 1.0 1.0
1 00000 00000 00000 00000 1.0 1.0 1.0 1.0 1.0 1.0 1.0 1.0
2 00000 00000 00000 00000 1.0 1.0 1.0 1.0 1.0 1.0 1.0 1.0
3 00000 00000 00000 00000 1.0 1.0 1.0 1.0 1.0 1.0 1.0 1.0
4 00000 00000 00000 00000 1.0 1.0 1.0 1.0 1.0 1.0 1.0 1.0
5 00000 00000 00000 00000 1.0 1.0 1.0 1.0 1.0 1.0 1.0 1.0
6 00000 00000 00000 00000 1.0 1.0 1.0 1.0 1.0 1.0 1.0 1.0
7 00000 00000 00000 00000 1.0 1.0 1.0 1.0 1.0 1.0 1.0 1.0
8 00000 00000 00000 00000 1.0 1.0 1.0 1.0 1.0 1.0 1.0 1.0
9 00000 00000 00000 00000 1.0 1.0 1.0 1.0 1.0 1.0 1.0 1.0
10 00000 00000 00000 00000 1.0 1.0 1.0 1.0 1.0 1.0 1.0 1.0
11 00000 00000 00000 00000 1.0 1.0 1.0 1.0 1.0 1.0 1.0 1.0
12 00000 00000 00000 00000 1.0 1.0 1.0 1.0 1.0 1.0 1.0 1.0
13 00000 00000 00000 00000 1.0 1.0 1.0 1.0 1.0 1.0 1.0 1.0
14 00000 00000 00000 00000 1.0 1.0 1.0 1.0 1.0 1.0 1.0 1.0
15 00000 00000 00000 00000 1.0 1.0 1.0 1.0 1.0 1.0 1.0 1.0
16 00000 00000 00000 00000 1.0 1.0 1.0 1.0 1.0 1.0 1.0 1.0
17 00000 00000 00000 00000 1.0 1.0 1.0 1.0 1.0 1.0 1.0 1.0
18 00000 00000 00000 00000 1.0 1.0 1.0 1.0 1.0 1.0 1.0 1.0
19 00000 00000 00000 00000 1.0 1.0 1.0 1.0 1.0 1.0 1.0 1.0
20 00000 00000 00000 00000 1.0 1.0 1.0 1.0 1.0 1.0 1.0 1.0
21 00000 00000 00000 00000 1.0 1.0 1.0 1.0 1.0 1.0 1.0 1.0
22 00000 00000 00000 00000 1.0 1.0 1.0 1.0 1.0 1.0 1.0 1.0
23 00000 00000 00000 00000 1.0 1.0 1.0 1.0 1.0 1.0 1.0 1.0
24 00000 00000 00000 00000 1.0 1.0 1.0 1.0 1.0 1.0 1.0 1.0
25 00000 00000 00000 00000 1.0 1.0 1.0 1.0 1.0 1.0 1.0 1.0
26 00000 00000 00000 00000 1.0 1.0 1.0 1.0 1.0 1.0 1.0 1.0
27 00000 00000 00000 00000 1.0 1.0 1.0 1.0 1.0 1.0 1.0 1.0
28 00000 00000 00000 00000 1.0 1.0 1.0 1.0 1.0 1.0 1.0 1.0
29 00000 00000 00000 00000 1.0 1.0 1.0 1.0 1.0 1.0 1.0 1.0
30 00000 00000 00000 00000 1.0 1.0 1.0 1.0 1.0 1.0 1.0 1.0
31 00000 00000 00000 00000 1.0 1.0 1.0 1.0 1.0 1.0 1.0 1.0
32 00000 00000 00000 00000 1.0 1.0 1.0 1.0 1.0 1.0 1.0 1.0
33 00000 00000 00000 00000 1.0 1.0 1.0 1.0 1.0 1.0 1.0 1.0
34 00000 00000 00000 00000 1.0 1.0 1.0 1.0 1.0 1.0 1.0 1.0
35 00000 00000 00000 00000 1.0 1.0 1.0 1.0 1.0 1.0 1.0 1.0
36 00000 00000 00000 00000 1.0 1.0 1.0 1.0 1.0 1.0 1.0 1.0
37 00000 00000 00000 00000 1.0 1.0 1.0 1.0 1.0 1.0 1.0 1.0
38 00000 00000 00000 00000 1.0 1.0 1.0 1.0 1.0 1.0 1.0 1.0
39 00000 00000 00000 00000 1.0 1.0 1.0 1.0 1.0 1.0 1.0 1.0
40 00200 00000 00000 00000 1.0 1.0 1.0 1.0 1.0 1.0 1.0 1.0
41 00200 00000 00000 00000 1.0 1.0 1.0 1.0 1.0 1.0 1.0 1.0
42 00200 00000 00000 00000 1.0 1.0 1.0 1.0 1.0 1.0 1.0 1.0
43 00200 00000 00000 00000 1.0 1.0 1.0 1.0 1.0 1.0 1.0 1.0
44 00200 00000 00000 00000 1.0 1.0 1.0 1.0 1.0 1.0 1.0 1.0
45 00200 00000 00000 00000 1.0 1.0 1.0 1.0 1.0 1.0 1.0 1.0
46 00200 00000 00000 00000 1.0 1.0 1.0 1.0 1.0 1.0 1.0 1.0
47 00200 00000 00000 00000 1.0 1.0 1.0 1.0 1.0 1.0 1.0 1.0
48 00200 00000 00000 00000 1.0 1.0 1.0 1.0 1.0 1.0 1.0 1.0
49 00200 00000 00000 00000 1.0 1.0 1.0 1.0 1.0 1.0 1.0 1.0
50 00200 00000 00000 00000 1.0 1.0 1.0 1.0 1.0 1.0 1.0 1.0
51 00200 00000 00000 00000 1.0 1.0 1.0 1.0 1.0 1.0 1.0 1.0
52 00200 00000 00000 00000 1.0 1.0 1.0 1.0 1.0 1.0 1.0 1.0
53 00200 00000 00000 00000 1.0 1.0 1.0 1.0 1.0 1.0 1.0 1.0
54 00200 00000 00000 00000 1.0 1.0 1.0 1.0 1.0 1.0 1.0 1.0
55 00200 00000 00000 00000 1.0 1.0 1.0 1.0 1.0 1.0 1.0 1.0
56 00200 00000 00000 00000 1.0 1.0 1.0 1.0 1.0 1.0 1.0 1.0
57 00200 00000 00000 00000 1.0 1.0 1.0 1.0 1.0 1.0 1.0 1.0
58 00200 00000 00000 00000 1.0 1.0 1.0 1.0 1.0 1.0 1.0 1.0
59 00200 00000 00000 00000 1.0 1.0 1.0 1.0 1.0 1.0 1.0 1.0
60 00200 00000 00000 00000 1.0 1.0 1.0 1.0 1.0 1.0 1.0 1.0
61 00200 00000 00000 00000 1.0 1.0 1.0 1.0 1.0 1.0 1.0 1.0
62 00200 00000 00000 00000 1.0 1.0 1.0 1.0 1.0 1.0 1.0 1.0
63 00200 00000 00000 00000 1.0 1.0 1.0 1.0 1.0 1.0 1.0 1.0
64 00200 00000 00000 00000 1.0 1.0 1.0 1.0 1.0 1.0 1.0 1.0
65 00200 00000 00000 00000 1.0 1.0 1.0 1.0 1.0 1.0 1.0 1.0
66 00200 00000 00000 00000 1.0 1.0 1.0 1.0 1.0 1.0 1.0 1.0
67 00200 00000 00000 00000 1.0 1.0 1.0 1.0 1.0 1.0 1.0 1.0
68 00200 00000 00000 00000 1.0 1.0 1.0 1.0 1.0 1.0 1.0 1.0
69 00200 00000 00000 00000 1.0 1.0 1.0 1.0 1.0 1.0 1.0 1.0
70 00200 00000 00000 00000 1.0 1.0 1.0 1.0 1.0 1.0 1.0 1.0
71 00200 00000 00000 00000 1.0 1.0 1.0 1.0 1.0 1.0 1.0 1.0
72 00200 00000 00000 00000 1.0 1.0 1.0 1.0 1.0 1.0 1.0 1.0
73 00200 00000 00000 00000 1.0 1.0 1.0 1.0 1.0 1.0 1.0 1.0
74 00200 00000 00000 00000 1.0 1.0 1.0 1.0 1.0 1.0 1.0 1.0
75 00200 00000 00000 00000 1.0 1.0 1.0 1.0 1.0 1.0 1.0 1.0
76 00200 00000 00000 00000 1.0 1.0 1.0 1.0 1.0 1.0 1.0 1.0
77 00200 00000 00000 00000 1.0 1.0 1.0 1.0 1.0 1.0 1.0 1.0
78 00200 00000 00000 00000 1.0 1.0 1.0 1.0 1.0 1.0 1.0 1.0
79 00200 00000 00000 00000 1.0 1.0 1.0 1.0 1.0 1.0 1.0 1.0
80 00200 00000 00000 00000 1.0 1.0 1.0 1.0 1.0 1.0 1.0 1.0
81 00200 00000 00000 00000 1.0 1.0 1.0 1.0 1.0 1.0 1.0 1.0
82 00200 00000 00000 00000 1.0 1.0 1.0 1.0 1.0 1.0 1.0 1.0
83 00200 00000 00000 00000 1.0 1.0 1.0 1.0 1.0 1.0 1.0 1.0
84 00200 00000 00000 00000 1.0 1.0 1.0 1.0 1.0 1.0 1.0 1.0
85 00200 00000 00000 00000 1.0 1.0 1.0 1.0 1.0 1.0 1.0 1.0
86 00200 00000 00000 00000 1.0 1.0 1.0 1.0 1.0 1.0 1.0 1.0
87 00200 00000 00000 00000 1.0 1.0 1.0 1.0 1.0 1.0 1.0 1.0
88 00200 00000 00000 00000 1.0 1.0 1.0 1.0 1.0 1.0 1.0 1.0
89 00200 00000 00000 00000 1.0 1.0 1.0 1.0 1.0 1.0 1.0 1.0
90 00200 00200 00000 00200 .46 .46 .46 .46 .63 .63 .63 .63
91 00200 00200 00000 00200 .46 .46 .46 .46 .63 .63 .63 .63
92 00200 00200 00000 00200 .46 .46 .46 .46 .63 .63 .63 .63
93 00200 00200 00000 00200 .46 .46 .46 .46 .63 .63 .63 .63
94 00200 00200 00000 00200 .46 .46 .46 .46 .63 .63 .63 .63
95 00200 00200 00000 00200 .46 .46 .46 .46 .63 .63 .63 .63
96 00200 00200 00000 00200 .46 .46 .46 .46 .63 .63 .63 .63
97 00200 00200 00200 00200 1.00 1.00 1.00 1.00 1.00 1.00 1.00 1.00
98 00200 00200 00200 00200 1.00 1.00 1.00 1.00 1.00 1.00 1.00 1.00
99 00200 00200 00200 00200 1.00 1.00 1.00 1.00 1.00 1.00 1.00 1.00
100 00200 00200 00200 00200 1.00 1.00 1.00 1.00 1.00 1.00 1.00 1.00
101 00200 00200 00200 00200 1.00 1.00 1.00 1.00 1.00 1.00 1.00 1.00
102 00200 00200 00200 00200 1.00 1.00 1.00 1.00 1.00 1.00 1.00 1.00
103 00200 00200 00200 00200 1.00 1.00 1.00 1.00 1.00 1.00 1.00 1.00
104 00200 00200 00200 00200 1.00 1.00 1.00 1.00 1.00 1.00 1.00 1.00
105 00200 00200 00200 00200 1.00 1.00 1.00 1.00 1.00 1.00 1.00 1.00
106 00200 00200 00200 00200 1.00 1.00 1.00 1.00 1.00 1.00 1.00 1.00
107 00200 00200 00200 00200 1.00 1.00 1.00 1.00 1.00 1.00 1.00 1.00
108 00200 00200 00200 00200 1.00 1.00 1.00 1.00 1.00 1.00 1.00 1.00
109 00200 00200 00200 00200 1.00 1.00 1.00 1.00 1.00 1.00 1.00 1.00
110 00200 00200 00200 00200 1.00 1.00 1.00 1.00 1.00 1.00 1.00 1.00
111 00200 00200 00200 00200 1.00 1.00 1.00 1.00 1.00 1.00 1.00 1.00
112 00200 00200 00202 00200 .68 .68 .68 .68 .75 .75 .75 .75
113 00200 00200 00202 00200 .68 .68 .68 .68 .75 .75 .75 .75
114 00200 00200 00202 00200 .68 .68 .68 .68 .75 .75 .75 .75
115 00200 00200 00202 00200 .68 .68 .68 .68 .75 .75 .75 .75
116 00200 00200 00202 00200 .68 .68 .68 .68 .75 .75 .75 .75
117 00200 00200 00202 00200 .68 .68 .68 .68 .75 .75 .75 .75
118 00200 00200 00202 00200 .68 .68 .68 .68 .75 .75 .75 .75
119 00200 00200 00202 00200 .68 .68 .68 .68 .75 .75 .75 .75
120 00200 00200 00202 00200 .68 .68 .68 .68 .75 .75 .75 .75
121 00200 00200 00202 00200 .68 .68 .68 .68 .75 .75 .75 .75
122 00200 00200 00202 00200 .68 .68 .68 .68 .75 .75 .75 .75
123 00200 00200 00202 00200 .68 .68 .68 .68 .75 .75 .75 .75
124 00200 00200 00202 00200 .68 .68 .68 .68 .75 .75 .75 .75
125 00200 00200 00202 00200 .68 .68 .68 .68 .75 .75 .75 .75
126 00200 00200 00202 00200 .68 .68 .68 .68 .75 .75 .75 .75
127 00200 00200 00200 00200 1.00 1.00 1.00 1.00 1.00 1.00 1.00 1.00
128 00200 00200 00200 00200 1.00 1.00 1.00 1.00 1.00 1.00 1.00 1.00
129 00200 00200 00200 00200 1.00 1.00 1.00 1.00 1.00 1.00 1.00 1.00
130 00200 00200 00200 00200 1.00 1.00 1.00 1.00 1.00 1.00 1.00 1.00
131 00200 00200 00200 00200 1.00 1.00 1.00 1.00 1.00 1.00 1.00 1.00
132 00200 00200 00200 00200 1.00 1.00 1.00 1.00 1.00 1.00 1.00 1.00
133 00200 00200 00200 00200 1.00 1.00 1.00 1.00 1.00 1.00 1.00 1.00
134 00200 00200 00200 00200 1.00 1.00 1.00 1.00 1.00 1.00 1.00 1.00
135 00200 00200 00200 00200 1.00 1.00 1.00 1.00 1.00 1.00 1.00 1.00
136 00200 00200 00200 00200 1.00 1.00 1.00 1.00 1.00 1.00 1.00 1.00
137 00200 00200 00200 00200 1.00 1.00 1.00 1.00 1.00 1.00 1.00 1.00
138 00200 00200 00200 00200 1.00 1.00 1.00 1.00 1.00 1.00 1.00 1.00
139 00200 00200 00200 00200 1.00 1.00 1.00 1.00 1.00 1.00 1.00 1.00
140 00200 00200 00200 00200 1.00 1.00 1.00 1.00 1.00 1.00 1.00 1.00
141 00200 00200 00200 00200 1.00 1.00 1.00 1.00 1.00 1.00 1.00 1.00
142 00200 00200 02200 00200 .68 .68 .68 .68 .75 .75 .75 .75
143 00200 00200 02200 00200 .68 .68 .68 .68 .75 .75 .75 .75
144 00200 00200 02200 00200 .68 .68 .68 .68 .75 .75 .75 .75
145 00200 00200 02200 00200 .68 .68 .68 .68 .75 .75 .75 .75
146 00200 00200 02200 00200 .68 .68 .68 .68 .75 .75 .75 .75
147 00200 00200 02200 00200 .68 .68 .68 .68 .75 .75 .75 .75
148 00200 00200 02200 00200 .68 .68 .68 .68 .75 .75 .75 .75
149 00200 00200 02200 00200 .68 .68 .68 .68 .75 .75 .75 .75
150 00200 00200 02200 00200 .68 .68 .68 .68 .75 .75 .75 .75
151 00200 00200 02200 00200 .68 .68 .68 .68 .75 .75 .75 .75
152 00200 00200 02200 00200 .68 .68 .68 .68 .75 .75 .75 .75
153 00200 00200 02200 00200 .68 .68 .68 .68 .75 .75 .75 .75
154 00200 00200 02200 00200 .68 .68 .68 .68 .75 .75 .75 .75
155 00200 00200 02200 00200 .68 .68 .68 .68 .75 .75 .75 .75
156 00200 00200 02200 00200 .68 .68 .68 .68 .75 .75 .75 .75
157 00200 00200 02000 00200 .22 .22 .22 .22 .41 .41 .41 .41
158 00200 00200 02000 00200 .22 .22 .22 .22 .41 .41 .41 .41
159 00200 00200 02000 00200 .22 .22 .22 .22 .41 .41 .41 .41
160 00200 00200 02000 00200 .22 .22 .22 .22 .41 .41 .41 .41
161 00200 00200 02000 00200 .22 .22 .22 .22 .41 .41 .41 .41
162 00200 00200 02000 00200 .22 .22 .22 .22 .41 .41 .41 .41
163 00200 00200 02000 00200 .22 .22 .22 .22 .41 .41 .41 .41
164 00200 00200 02000 00200 .22 .22 .22 .22 .41 .41 .41 .41
165 00200 00200 02000 00200 .22 .22 .22 .22 .41 .41 .41 .41
166 00200 00200 02000 00200 .22 .22 .22 .22 .41 .41 .41 .41
167 00200 00200 02000 00200 .22 .22 .22 .22 .41 .41 .41 .41
168 00200 00200 02000 00200 .22 .22 .22 .22 .41 .41 .41 .41
169 00200 00200 02000 00200 .22 .22 .22 .22 .41 .41 .41 .41
170 00200 00200 02000 00200 .22 .22 .22 .22 .41 .41 .41 .41
171 00200 00200 02000 00200 .22 .22 .22 .22 .41 .41 .41 .41
172 00200 00200 02200 00200 .68 .68 .68 .68 .75 .75 .75 .75
173 00200 00200 02200 00200 .68 .68 .68 .68 .75 .75 .75 .75
174 00200 00200 02200 00200 .68 .68 .68 .68 .75 .75 .75 .75
175 00200 00200 02200 00200 .68 .68 .68 .68 .75 .75 .75 .75
176 00200 00200 02200 00200 .68 .68 .68 .68 .75 .75 .75 .75
177 00200 00200 02200 00200 .68 .68 .68 .68 .75 .75 .75 .75
178 00200 00200 02200 00200 .68 .68 .68 .68 .75 .75 .75 .75
179 00200 00200 02200 00200 .68 .68 .68 .68 .75 .75 .75 .75
180 00200 00200 02200 00200 .68 .68 .68 .68 .75 .75 .75 .75
181 00200 00200 02200 00200 .68 .68 .68 .68 .75 .75 .75 .75
182 00200 00200 02200 00200 .68 .68 .68 .68 .75 .75 .75 .75
183 00200 00200 02200 00200 .68 .68 .68 .68 .75 .75 .75 .75
184 00200 00200 02200 00200 .68 .68 .68 .68 .75 .75 .75 .75
185 00200 00200 02200 00200 .68 .68 .68 .68 .75 .75 .75 .75
186 00200 00200 02200 00200 .68 .68 .68 .68 .75 .75 .75 .75
187 00200 00200 00200 00200 1.00 1.00 1.00 1.00 1.00 1.00 1.00 1.00
188 00200 00200 00200 00200 1.00 1.00 1.00 1.00 1.00 1.00 1.00 1.00
189 00200 00200 00200 00200 1.00 1.00 1.00 1.00 1.00 1.00 1.00 1.00
190 00200 00200 00200 00200 1.00 1.00 1.00 1.00 1.00 1.00 1.00 1.00
191 00200 00200 00200 00200 1.00 1.00 1.00 1.00 1.00 1.00 1.00 1.00
192 00200 00200 00200 00200 1.00 1.00 1.00 1.00 1.00 1.00 1.00 1.00
193 00200 00200 00200 00200 1.00 1.00 1.00 1.00 1.00 1.00 1.00 1.00
194 00200 00200 00200 00200 1.00 1.00 1.00 1.00 1.00 1.00 1.00 1.00
195 00200 00200 00200 00200 1.00 1.00 1.00 1.00 1.00 1.00 1.00 1.00
196 00200 00200 00200 00200 1.00 1.00 1.00 1.00 1.00 1.00 1.00 1.00
197 00200 00200 00200 00200 1.00 1.00 1.00 1.00 1.00 1.00 1.00 1.00
198 00200 00200 00200 00200 1.00 1.00 1.00 1.00 1.00 1.00 1.00 1.00
199 00200 00200 00200 00200 1.00 1.00 1.00 1.00 1.00 1.00 1.00 1.00
200 00200 00200 00200 00200 1.00 1.00 1.00 1.00 1.00 1.00 1.00 1.00
201 00200 00200 00200 00200 1.00 1.00 1.00 1.00 1.00 1.00 1.00 1.00
202 00200 00200 02200 00200 .68 .68 .68 .68 .75 .75 .75 .75
203 00200 00200 02200 00200 .68 .68 .68 .68 .75 .75 .75 .75
204 00200 00200 02200 00200 .68 .68 .68 .68 .75 .75 .75 .75
205 00200 00200 02200 00200 .68 .68 .68 .68 .75 .75 .75 .75
206 00200 00200 02200 00200 .68 .68 .68 .68 .75 .75 .75 .75
207 00200 00200 02200 00200 .68 .68 .68 .68 .75 .75 .75 .75
208 00200 00200 02200 00200 .68 .68 .68 .68 .75 .75 .75 .75
209 00200 00200 02200 00200 .68 .68 .68 .68 .75 .75 .75 .75
210 00200 00200 02200 00200 .68 .68 .68 .68 .75 .75 .75 .75
211 00200 00200 02200 00200 .68 .68 .68 .68 .75 .75 .75 .75
212 00200 00200 02200 00200 .68 .68 .68 .68 .75 .75 .75 .75
213 00200 00200 02200 00200 .68 .68 .68 .68 .75 .75 .75 .75
214 00200 00200 02200 00200 .68 .68 .68 .68 .75 .75 .75 .75
215 00200 00200 02200 00200 .68 .68 .68 .68 .75 .75 .75 .75
216 00200 00200 02200 00200 .68 .68 .68 .68 .75 .75 .75 .75
217 00200 00200 02200 00200 .68 .68 .68 .68 .75 .75 .75 .75
218 00200 00200 02200 00200 .68 .68 .68 .68 .75 .75 .75 .75
219 00200 00200 02200 00200 .68 .68 .68 .68 .75 .75 .75 .75
220 00200 00200 02200 00200 .68 .68 .68 .68 .75 .75 .75 .75
221 00200 00200 02200 00200 .68 .68 .68 .68 .75 .75 .75 .75
222 00200 00200 02200 00200 .68 .68 .68 .68 .75 .75 .75 .75
223 00200 00200 02200 00200 .68 .68 .68 .68 .75 .75 .75 .75
224 00200 00200 02200 00200 .68 .68 .68 .68 .75 .75 .75 .75
225 00200 00200 02200 00200 .68 .68 .68 .68 .75 .75 .75 .75
226 00200 00200 02200 00200 .68 .68 .68 .68 .75 .75 .75 .75
227 00200 00200 02200 00200 .68 .68 .68 .68 .75 .75 .75 .75
228 00200 00200 02200 00200 .68 .68 .68 .68 .75 .75 .75 .75
229 00200 00200 02200 00200 .68 .68 .68 .68 .75 .75 .75 .75
230 00200 00200 02200 00200 .68 .68 .68 .68 .75 .75 .75 .75
231 00200 00200 02200 00200 .68 .68 .68 .68 .75 .75 .75 .75
232 00200 00200 02200 00200 .68 .68 .68 .68 .75 .75 .75 .75
233 00200 00200 02200 00200 .68 .68 .68 .68 .75 .75 .75 .75
234 00200 00200 02200 00200 .68 .68 .68 .68 .75 .75 .75 .75
235 00200 00200 02200 00200 .68 .68 .68 .68 .75 .75 .75 .75
236 00200 00200 02200 00200 .68 .68 .68 .68 .75 .75 .75 .75
237 00200 00200 02200 00200 .68 .68 .68 .68 .75 .75 .75 .75
238 00200 00200 02200 00200 .68 .68 .68 .68 .75 .75 .75 .75
239 00200 00200 02200 00200 .68 .68 .68 .68 .75 .75 .75 .75
240 00200 02200 02200 02200 .72 .72 .72 .72 .79 .79 .79 .79
241 00200 02200 02200 02200 .72 .72 .72 .72 .79 .79 .79 .79
242 00200 02200 02200 02200 .72 .72 .72 .72 .79 .79 .79 .79
243 00200 02200 02200 02200 .72 .72 .72 .72 .79 .79 .79 .79
244 00200 02200 02200 02200 .72 .72 .72 .72 .79 .79 .79 .79
245 00200 02200 02200 02200 .72 .72 .72 .72 .79 .79 .79 .79
246 00200 02200 02200 02200 .72 .72 .72 .72 .79 .79 .79 .79
247 00200 02200 02200 02200 .72 .72 .72 .72 .79 .79 .79 .79
248 00200 02200 02200 02200 .72 .72 .72 .72 .79 .79 .79 .79
249 00200 02200 02000 02200 .36 .36 .36 .36 .55 .55 .55 .55
250 20200 20200 02000 20200 .16 .16 .16 .16 .37 .37 .37 .37
251 20200 20200 02000 20200 .16 .16 .16 .16 .37 .37 .37 .37
252 20200 20200 02020 20200 -0.04 -0.04 -0.04 -0.04 .21 .21 .21 .21
253 20200 20200 02020 20200 -0.04 -0.04 -0.04 -0.04 .21 .21 .21 .21
254 20200 20200 02020 20200 -0.04 -0.04 -0.04 -0.04 .21 .21 .21 .21
255 20200 20200 02020 20200 -0.04 -0.04 -0.04 -0.04 .21 .21 .21 .21
256 20200 20200 02020 20200 -0.04 -0.04 -0.04 -0.04 .21 .21 .21 .21
257 20200 20200 02020 20200 -0.04 -0.04 -0.04 -0.04 .21 .21 .21 .21
258 20200 20200 02020 20200 -0.04 -0.04 -0.04 -0.04 .21 .21 .21 .21
259 20200 20200 02020 20200 -0.04 -0.04 -0.04 -0.04 .21 .21 .21 .21
260 20020 20020 02020 20020 .48 .48 .48 .48 .60 .60 .60 .60
261 20020 20020 02020 20020 .48 .48 .48 .48 .60 .60 .60 .60
262 20020 20020 02020 20020 .48 .48 .48 .48 .60 .60 .60 .60
263 20020 20020 02020 20020 .48 .48 .48 .48 .60 .60 .60 .60
264 20020 20020 02020 20020 .48 .48 .48 .48 .60 .60 .60 .60
265 20020 20020 02020 20020 .48 .48 .48 .48 .60 .60 .60 .60
266 20020 20020 02020 20020 .48 .48 .48 .48 .60 .60 .60 .60
267 20020 20020 02022 20020 .25 .25 .25 .25 .42 .42 .42 .42
268 20020 20020 02022 20020 .25 .25 .25 .25 .42 .42 .42 .42
269 20020 20020 02022 20020 .25 .25 .25 .25 .42 .42 .42 .42
270 20000 20000 02022 20000 -0.12 -0.12 -0.12 -0.12 .10 .10 .10 .10
271 20000 20000 02022 20000 -0.12 -0.12 -0.12 -0.12 .10 .10 .10 .10
272 20000 20000 02022 20000 -0.12 -0.12 -0.12 -0.12 .10 .10 .10 .10
273 20000 20000 02022 20000 -0.12 -0.12 -0.12 -0.12 .10 .10 .10 .10
274 20000 20000 02022 20000 -0.12 -0.12 -0.12 -0.12 .10 .10 .10 .10
275 20000 20000 02022 20000 -0.12 -0.12 -0.12 -0.12 .10 .10 .10 .10
276 20000 20000 02022 20000 -0.12 -0.12 -0.12 -0.12 .10 .10 .10 .10
277 20000 20000 02022 20000 -0.12 -0.12 -0.12 -0.12 .10 .10 .10 .10
278 20000 20000 02022 20000 -0.12 -0.12 -0.12 -0.12 .10 .10 .10 .10
279 20000 20000 02022 20000 -0.12 -0.12 -0.12 -0.12 .10 .10 .10 .10
280 20000 20000 02022 20000 -0.12 -0.12 -0.12 -0.12 .10 .10 .10 .10
281 20000 20000 02022 20000 -0.12 -0.12 -0.12 -0.12 .10 .10 .10 .10
282 20000 20000 02000 20000 .22 .22 .22 .22 .41 .41 .41 .41
283 20000 20000 02000 20000 .22 .22 .22 .22 .41 .41 .41 .41
284 20000 20000 02000 20000 .22 .22 .22 .22 .41 .41 .41 .41
285 20000 20000 02000 20000 .22 .22 .22 .22 .41 .41 .41 .41
286 20000 20000 02000 20000 .22 .22 .22 .22 .41 .41 .41 .41
287 20000 20000 02000 20000 .22 .22 .22 .22 .41 .41 .41 .41
288 20000 20000 02000 20000 .22 .22 .22 .22 .41 .41 .41 .41
289 20000 20000 02000 20000 .22 .22 .22 .22 .41 .41 .41 .41
290 20000 20000 02000 20000 .22 .22 .22 .22 .41 .41 .41 .41
291 20000 20000 02000 20000 .22 .22 .22 .22 .41 .41 .41 .41
292 20000 20000 02000 20000 .22 .22 .22 .22 .41 .41 .41 .41
293 20000 20000 02000 20000 .22 .22 .22 .22 .41 .41 .41 .41
294 20000 20000 02000 20000 .22 .22 .22 .22 .41 .41 .41 .41
295 20000 20000 02000 20000 .22 .22 .22 .22 .41 .41 .41 .41
296 20000 20000 02000 20000 .22 .22 .22 .22 .41 .41 .41 .41
297 20000 20000 20002 20000 .68 .68 .68 .68 .75 .75 .75 .75
298 20000 20000 20002 20000 .68 .68 .68 .68 .75 .75 .75 .75
299 20000 20000 20002 20000 .68 .68 .68 .68 .75 .75 .75 .75
300 20000 20000 20002 20000 .68 .68 .68 .68 .75 .75 .75 .75
301 20000 20000 20002 20000 .68 .68 .68 .68 .75 .75 .75 .75
302 20000 20000 20002 20000 .68 .68 .68 .68 .75 .75 .75 .75
303 20000 20000 20002 20000 .68 .68 .68 .68 .75 .75 .75 .75
304 20000 20000 20002 20000 .68 .68 .68 .68 .75 .75 .75 .75
305 20000 20000 20002 20000 .68 .68 .68 .68 .75 .75 .75 .75
306 20000 20000 20002 20000 .68 .68 .68 .68 .75 .75 .75 .75
307 20000 20000 20002 20000 .68 .68 .68 .68 .75 .75 .75 .75
308 20000 20000 20002 20000 .68 .68 .68 .68 .75 .75 .75 .75
309 20000 20000 20002 20000 .68 .68 .68 .68 .75 .75 .75 .75
310 20000 20000 20002 20000 .68 .68 .68 .68 .75 .75 .75 .75
311 20000 20000 20002 20000 .68 .68 .68 .68 .75 .75 .75 .75
312 20000 20000 20000 20000 1.00 1.00 1.00 1.00 1.00 1.00 1.00 1.00
313 20000 20000 20000 20000 1.00 1.00 1.00 1.00 1.00 1.00 1.00 1.00
314 20000 20000 20000 20000 1.00 1.00 1.00 1.00 1.00 1.00 1.00 1.00
315 20000 20000 20000 20000 1.00 1.00 1.00 1.00 1.00 1.00 1.00 1.00
316 20000 20000 20000 20000 1.00 1.00 1.00 1.00 1.00 1.00 1.00 1.00
317 20000 20000 20000 20000 1.00 1.00 1.00 1.00 1.00 1.00 1.00 1.00
318 20000 20000 20000 20000 1.00 1.00 1.00 1.00 1.00 1.00 1.00 1.00
319 20000 20000 20000 20000 1.00 1.00 1.00 1.00 1.00 1.00 1.00 1.00
320 20000 20000 20000 20000 1.00 1.00 1.00 1.00 1.00 1.00 1.00 1.00
321 20000 20000 20000 20000 1.00 1.00 1.00 1.00 1.00 1.00 1.00 1.00
322 20000 20000 20000 20000 1.00 1.00 1.00 1.00 1.00 1.00 1.00 1.00
323 20000 20000 20000 20000 1.00 1.00 1.00 1.00 1.00 1.00 1.00 1.00
324 20000 20000 20000 20000 1.00 1.00 1.00 1.00 1.00 1.00 1.00 1.00
325 20000 20000 20000 20000 1.00 1.00 1.00 1.00 1.00 1.00 1.00 1.00
326 20000 20000 20000 20000 1.00 1.00 1.00 1.00 1.00 1.00 1.00 1.00
327 20000 20000 20000 20000 1.00 1.00 1.00 1.00 1.00 1.00 1.00 1.00
328 20000 20000 20000 20000 1.00 1.00 1.00 1.00 1.00 1.00 1.00 1.00
329 20000 20000 20000 20000 1.00 1.00 1.00 1.00 1.00 1.00 1.00 1.00
330 20000 20000 20000 20000 1.00 1.00 1.00 1.00 1.00 1.00 1.00 1.00
331 20000 20000 20000 20000 1.00 1.00 1.00 1.00 1.00 1.00 1.00 1.00
332 20000 20000 20000 20000 1.00 1.00 1.00 1.00 1.00 1.00 1.00 1.00
333 20000 20000 20000 20000 1.00 1.00 1.00 1.00 1.00 1.00 1.00 1.00
334 20000 20000 20000 20000 1.00 1.00 1.00 1.00 1.00 1.00 1.00 1.00
335 20000 20000 20000 20000 1.00 1.00 1.00 1.00 1.00 1.00 1.00 1.00
336 20000 20000 20000 20000 1.00 1.00 1.00 1.00 1.00 1.00 1.00 1.00
337 20000 20000 20000 20000 1.00 1.00 1.00 1.00 1.00 1.00 1.00 1.00
338 20000 20000 20000 20000 1.00 1.00 1.00 1.00 1.00 1.00 1.00 1.00
339 20000 20000 20000 20000 1.00 1.00 1.00 1.00 1.00 1.00 1.00 1.00
340 20000 20000 20000 20000 1.00 1.00 1.00 1.00 1.00 1.00 1.00 1.00
341 20000 20000 20000 20000 1.00 1.00 1.00 1.00 1.00 1.00 1.00 1.00
342 20000 20000 02002 20000 .05 .05 .05 .05 .24 .24 .24 .24
