0 00000 00000 00000 00000 1.0 1.0 1.0 1.0 1.0 1.0 1.0 1.0
1 00000 00000 00000 00000 1.0 1.0 1.0 1.0 1.0 1.0 1.0 1.0
2 00000 00000 00000 00000 1.0 1.0 1.0 1.0 1.0 1.0 1.0 1.0
3 00000 00000 00000 00000 1.0 1.0 1.0 1.0 1.0 1.0 1.0 1.0
4 00000 00000 00000 00000 1.0 1.0 1.0 1.0 1.0 1.0 1.0 1.0
5 00000 00000 00000 00000 1.0 1.0 1.0 1.0 1.0 1.0 1.0 1.0
6 00000 00000 00000 00000 1.0 1.0 1.0 1.0 1.0 1.0 1.0 1.0
7 00000 00000 00000 00000 1.0 1.0 1.0 1.0 1.0 1.0 1.0 1.0
8 00000 00000 00000 00000 1.0 1.0 1.0 1.0 1.0 1.0 1.0 1.0
9 00000 00000 00000 00000 1.0 1.0 1.0 1.0 1.0 1.0 1.0 1.0
10 00000 00000 00000 00000 1.0 1.0 1.0 1.0 1.0 1.0 1.0 1.0
11 00000 00000 00000 00000 1.0 1.0 1.0 1.0 1.0 1.0 1.0 1.0
12 00000 00000 00000 00000 1.0 1.0 1.0 1.0 1.0 1.0 1.0 1.0
13 00000 00000 00000 00000 1.0 1.0 1.0 1.0 1.0 1.0 1.0 1.0
14 00000 00000 00000 00000 1.0 1.0 1.0 1.0 1.0 1.0 1.0 1.0
15 00000 00000 00000 00000 1.0 1.0 1.0 1.0 1.0 1.0 1.0 1.0
16 00000 00000 00000 00000 1.0 1.0 1.0 1.0 1.0 1.0 1.0 1.0
17 00000 00000 00000 00000 1.0 1.0 1.0 1.0 1.0 1.0 1.0 1.0
18 00000 00000 00000 00000 1.0 1.0 1.0 1.0 1.0 1.0 1.0 1.0
19 00000 00000 00000 00000 1.0 1.0 1.0 1.0 1.0 1.0 1.0 1.0
20 00000 00000 00000 00000 1.0 1.0 1.0 1.0 1.0 1.0 1.0 1.0
21 00000 00000 00000 00000 1.0 1.0 1.0 1.0 1.0 1.0 1.0 1.0
22 00000 00000 00000 00000 1.0 1.0 1.0 1.0 1.0 1.0 1.0 1.0
23 00000 00000 00000 00000 1.0 1.0 1.0 1.0 1.0 1.0 1.0 1.0
24 00000 00000 00000 00000 1.0 1.0 1.0 1.0 1.0 1.0 1.0 1.0
25 00000 00000 00000 00000 1.0 1.0 1.0 1.0 1.0 1.0 1.0 1.0
26 00000 00000 00000 00000 1.0 1.0 1.0 1.0 1.0 1.0 1.0 1.0
27 00000 00000 00000 00000 1.0 1.0 1.0 1.0 1.0 1.0 1.0 1.0
28 00000 00000 00000 00000 1.0 1.0 1.0 1.0 1.0 1.0 1.0 1.0
29 00000 00000 00000 00000 1.0 1.0 1.0 1.0 1.0 1.0 1.0 1.0
30 00000 00000 00000 00000 1.0 1.0 1.0 1.0 1.0 1.0 1.0 1.0
31 00000 00000 00000 00000 1.0 1.0 1.0 1.0 1.0 1.0 1.0 1.0
32 00000 00000 00000 00000 1.0 1.0 1.0 1.0 1.0 1.0 1.0 1.0
33 00000 00000 00000 00000 1.0 1.0 1.0 1.0 1.0 1.0 1.0 1.0
34 00000 00000 00000 00000 1.0 1.0 1.0 1.0 1.0 1.0 1.0 1.0
35 00000 00000 00000 00000 1.0 1.0 1.0 1.0 1.0 1.0 1.0 1.0
36 00000 00000 00000 00000 1.0 1.0 1.0 1.0 1.0 1.0 1.0 1.0
37 00000 00000 00000 00000 1.0 1.0 1.0 1.0 1.0 1.0 1.0 1.0
38 00000 00000 00000 00000 1.0 1.0 1.0 1.0 1.0 1.0 1.0 1.0
39 00000 00000 00000 00000 1.0 1.0 1.0 1.0 1.0 1.0 1.0 1.0
40 00000 00000 00000 00000 1.0 1.0 1.0 1.0 1.0 1.0 1.0 1.0
41 00000 00000 00000 00000 1.0 1.0 1.0 1.0 1.0 1.0 1.0 1.0
42 00000 00000 00000 00000 1.0 1.0 1.0 1.0 1.0 1.0 1.0 1.0
43 00000 00000 00000 00000 1.0 1.0 1.0 1.0 1.0 1.0 1.0 1.0
44 00000 00000 00000 00000 1.0 1.0 1.0 1.0 1.0 1.0 1.0 1.0
45 00000 00000 00000 00000 1.0 1.0 1.0 1.0 1.0 1.0 1.0 1.0
46 00000 00000 00000 00000 1.0 1.0 1.0 1.0 1.0 1.0 1.0 1.0
47 00000 00000 00000 00000 1.0 1.0 1.0 1.0 1.0 1.0 1.0 1.0
48 00000 00000 00000 00000 1.0 1.0 1.0 1.0 1.0 1.0 1.0 1.0
49 00000 00000 00000 00000 1.0 1.0 1.0 1.0 1.0 1.0 1.0 1.0
50 00000 00000 00000 00000 1.0 1.0 1.0 1.0 1.0 1.0 1.0 1.0
51 00000 00000 00000 00000 1.0 1.0 1.0 1.0 1.0 1.0 1.0 1.0
52 00000 00000 00000 00000 1.0 1.0 1.0 1.0 1.0 1.0 1.0 1.0
53 00000 00000 00000 00000 1.0 1.0 1.0 1.0 1.0 1.0 1.0 1.0
54 00000 00000 00000 00000 1.0 1.0 1.0 1.0 1.0 1.0 1.0 1.0
55 00000 00000 00000 00000 1.0 1.0 1.0 1.0 1.0 1.0 1.0 1.0
56 00000 00000 00000 00000 1.0 1.0 1.0 1.0 1.0 1.0 1.0 1.0
57 00000 00000 00000 00000 1.0 1.0 1.0 1.0 1.0 1.0 1.0 1.0
58 00000 00000 00000 00000 1.0 1.0 1.0 1.0 1.0 1.0 1.0 1.0
59 00000 00000 00000 00000 1.0 1.0 1.0 1.0 1.0 1.0 1.0 1.0
60 00000 00000 00000 00000 1.0 1.0 1.0 1.0 1.0 1.0 1.0 1.0
61 00000 00000 00000 00000 1.0 1.0 1.0 1.0 1.0 1.0 1.0 1.0
62 00000 00000 00020 00000 1.0 1.0 1.0 1.0 1.0 1.0 1.0 1.0
63 00000 00000 00020 00000 1.0 1.0 1.0 1.0 1.0 1.0 1.0 1.0
64 00000 00000 00020 00000 1.0 1.0 1.0 1.0 1.0 1.0 1.0 1.0
65 00000 00000 00020 00000 1.0 1.0 1.0 1.0 1.0 1.0 1.0 1.0
66 00000 00000 00020 00000 1.0 1.0 1.0 1.0 1.0 1.0 1.0 1.0
67 00000 00000 00020 00000 1.0 1.0 1.0 1.0 1.0 1.0 1.0 1.0
68 00000 00000 00020 00000 1.0 1.0 1.0 1.0 1.0 1.0 1.0 1.0
69 00000 00000 00020 00000 1.0 1.0 1.0 1.0 1.0 1.0 1.0 1.0
70 00000 00000 00020 00000 1.0 1.0 1.0 1.0 1.0 1.0 1.0 1.0
71 00000 00000 00020 00000 1.0 1.0 1.0 1.0 1.0 1.0 1.0 1.0
72 00000 00000 00020 00000 1.0 1.0 1.0 1.0 1.0 1.0 1.0 1.0
73 00000 00000 00020 00000 1.0 1.0 1.0 1.0 1.0 1.0 1.0 1.0
74 00000 00000 00020 00000 1.0 1.0 1.0 1.0 1.0 1.0 1.0 1.0
75 00000 00000 00020 00000 1.0 1.0 1.0 1.0 1.0 1.0 1.0 1.0
76 00000 00000 00020 00000 1.0 1.0 1.0 1.0 1.0 1.0 1.0 1.0
77 00000 00000 00020 00000 1.0 1.0 1.0 1.0 1.0 1.0 1.0 1.0
78 00000 00000 00020 00000 1.0 1.0 1.0 1.0 1.0 1.0 1.0 1.0
79 00000 00000 00020 00000 1.0 1.0 1.0 1.0 1.0 1.0 1.0 1.0
80 00000 00000 00020 00000 1.0 1.0 1.0 1.0 1.0 1.0 1.0 1.0
81 00000 00000 00020 00000 1.0 1.0 1.0 1.0 1.0 1.0 1.0 1.0
82 00000 00000 00020 00000 1.0 1.0 1.0 1.0 1.0 1.0 1.0 1.0
83 00000 00000 00020 00000 1.0 1.0 1.0 1.0 1.0 1.0 1.0 1.0
84 00000 00000 00020 00000 1.0 1.0 1.0 1.0 1.0 1.0 1.0 1.0
85 00000 00000 00020 00000 1.0 1.0 1.0 1.0 1.0 1.0 1.0 1.0
86 00000 00000 00020 00000 1.0 1.0 1.0 1.0 1.0 1.0 1.0 1.0
87 00000 00000 00020 00000 1.0 1.0 1.0 1.0 1.0 1.0 1.0 1.0
88 00000 00000 00020 00000 1.0 1.0 1.0 1.0 1.0 1.0 1.0 1.0
89 00000 00000 00020 00000 1.0 1.0 1.0 1.0 1.0 1.0 1.0 1.0
90 00000 00000 00020 00000 1.0 1.0 1.0 1.0 1.0 1.0 1.0 1.0
91 00000 00000 00020 00000 1.0 1.0 1.0 1.0 1.0 1.0 1.0 1.0
92 00000 00000 00000 00000 1.0 1.0 1.0 1.0 1.0 1.0 1.0 1.0
93 00000 00000 00000 00000 1.0 1.0 1.0 1.0 1.0 1.0 1.0 1.0
94 00000 00000 00000 00000 1.0 1.0 1.0 1.0 1.0 1.0 1.0 1.0
95 00000 00000 00000 00000 1.0 1.0 1.0 1.0 1.0 1.0 1.0 1.0
96 00000 00000 00000 00000 1.0 1.0 1.0 1.0 1.0 1.0 1.0 1.0
97 00000 00000 00000 00000 1.0 1.0 1.0 1.0 1.0 1.0 1.0 1.0
98 00000 00000 00000 00000 1.0 1.0 1.0 1.0 1.0 1.0 1.0 1.0
99 00000 00000 00000 00000 1.0 1.0 1.0 1.0 1.0 1.0 1.0 1.0
100 00000 00000 00000 00000 1.0 1.0 1.0 1.0 1.0 1.0 1.0 1.0
101 00000 00000 00000 00000 1.0 1.0 1.0 1.0 1.0 1.0 1.0 1.0
102 00000 00000 00000 00000 1.0 1.0 1.0 1.0 1.0 1.0 1.0 1.0
103 00000 00000 00000 00000 1.0 1.0 1.0 1.0 1.0 1.0 1.0 1.0
104 00000 00000 00000 00000 1.0 1.0 1.0 1.0 1.0 1.0 1.0 1.0
105 00000 00000 00000 00000 1.0 1.0 1.0 1.0 1.0 1.0 1.0 1.0
106 00000 00000 00000 00000 1.0 1.0 1.0 1.0 1.0 1.0 1.0 1.0
107 00000 00000 00000 00000 1.0 1.0 1.0 1.0 1.0 1.0 1.0 1.0
108 00000 00000 00000 00000 1.0 1.0 1.0 1.0 1.0 1.0 1.0 1.0
109 00000 00000 00000 00000 1.0 1.0 1.0 1.0 1.0 1.0 1.0 1.0
110 00000 00000 00000 00000 1.0 1.0 1.0 1.0 1.0 1.0 1.0 1.0
111 00000 00000 00000 00000 1.0 1.0 1.0 1.0 1.0 1.0 1.0 1.0
112 00000 00000 00000 00000 1.0 1.0 1.0 1.0 1.0 1.0 1.0 1.0
113 00000 00000 00000 00000 1.0 1.0 1.0 1.0 1.0 1.0 1.0 1.0
114 00000 00000 00000 00000 1.0 1.0 1.0 1.0 1.0 1.0 1.0 1.0
115 00000 00000 00000 00000 1.0 1.0 1.0 1.0 1.0 1.0 1.0 1.0
116 00000 00000 00000 00000 1.0 1.0 1.0 1.0 1.0 1.0 1.0 1.0
117 00000 00000 00000 00000 1.0 1.0 1.0 1.0 1.0 1.0 1.0 1.0
118 00000 00000 00000 00000 1.0 1.0 1.0 1.0 1.0 1.0 1.0 1.0
119 00000 00000 00000 00000 1.0 1.0 1.0 1.0 1.0 1.0 1.0 1.0
120 00020 00000 00000 00000 1.0 1.0 1.0 1.0 1.0 1.0 1.0 1.0
121 00020 00000 00000 00000 1.0 1.0 1.0 1.0 1.0 1.0 1.0 1.0
122 00020 00000 00020 00020 .46 .46 .46 .46 .63 .63 .63 .63
123 00020 00000 00020 00020 .46 .46 .46 .46 .63 .63 .63 .63
124 00020 00000 00020 00020 .46 .46 .46 .46 .63 .63 .63 .63
125 00020 00000 00020 00020 .46 .46 .46 .46 .63 .63 .63 .63
126 00020 00000 00020 00020 .46 .46 .46 .46 .63 .63 .63 .63
127 00020 00000 00020 00020 .46 .46 .46 .46 .63 .63 .63 .63
128 00020 00000 00020 00020 .46 .46 .46 .46 .63 .63 .63 .63
129 00020 00000 00020 00020 .46 .46 .46 .46 .63 .63 .63 .63
130 00020 00020 00020 00020 1.00 1.00 1.00 1.00 1.00 1.00 1.00 1.00
131 00020 00020 00020 00020 1.00 1.00 1.00 1.00 1.00 1.00 1.00 1.00
132 00020 00020 00020 00020 1.00 1.00 1.00 1.00 1.00 1.00 1.00 1.00
133 00020 00020 00020 00020 1.00 1.00 1.00 1.00 1.00 1.00 1.00 1.00
134 00020 00020 00020 00020 1.00 1.00 1.00 1.00 1.00 1.00 1.00 1.00
135 00020 00020 00020 00020 1.00 1.00 1.00 1.00 1.00 1.00 1.00 1.00
136 00020 00020 00020 00020 1.00 1.00 1.00 1.00 1.00 1.00 1.00 1.00
137 00020 00020 00000 00020 .46 .46 .46 .46 .63 .63 .63 .63
138 00020 00020 00000 00020 .46 .46 .46 .46 .63 .63 .63 .63
139 00020 00020 00000 00020 .46 .46 .46 .46 .63 .63 .63 .63
140 00020 00020 00000 00020 .46 .46 .46 .46 .63 .63 .63 .63
141 00020 00020 00000 00020 .46 .46 .46 .46 .63 .63 .63 .63
142 00020 00020 00000 00020 .46 .46 .46 .46 .63 .63 .63 .63
143 00020 00020 00000 00020 .46 .46 .46 .46 .63 .63 .63 .63
144 00020 00020 00000 00020 .46 .46 .46 .46 .63 .63 .63 .63
145 00020 00020 00000 00020 .46 .46 .46 .46 .63 .63 .63 .63
146 00020 00020 00000 00020 .46 .46 .46 .46 .63 .63 .63 .63
147 00020 00020 00000 00020 .46 .46 .46 .46 .63 .63 .63 .63
148 00020 00020 00000 00020 .46 .46 .46 .46 .63 .63 .63 .63
149 00020 00020 00000 00020 .46 .46 .46 .46 .63 .63 .63 .63
150 00020 00020 00000 00020 .46 .46 .46 .46 .63 .63 .63 .63
151 00020 00020 00000 00020 .46 .46 .46 .46 .63 .63 .63 .63
152 00020 00020 02000 00020 .22 .22 .22 .22 .41 .41 .41 .41
153 00020 00020 02000 00020 .22 .22 .22 .22 .41 .41 .41 .41
154 00020 00020 02000 00020 .22 .22 .22 .22 .41 .41 .41 .41
155 00020 00020 02000 00020 .22 .22 .22 .22 .41 .41 .41 .41
156 00020 00020 02000 00020 .22 .22 .22 .22 .41 .41 .41 .41
157 00020 00020 02000 00020 .22 .22 .22 .22 .41 .41 .41 .41
158 00020 00020 02000 00020 .22 .22 .22 .22 .41 .41 .41 .41
159 00020 00020 02000 00020 .22 .22 .22 .22 .41 .41 .41 .41
160 00200 00200 02000 00200 .22 .22 .22 .22 .41 .41 .41 .41
161 00200 00200 02000 00200 .22 .22 .22 .22 .41 .41 .41 .41
162 00200 00200 02000 00200 .22 .22 .22 .22 .41 .41 .41 .41
163 00200 00200 00000 00200 .46 .46 .46 .46 .63 .63 .63 .63
164 00200 00200 00000 00200 .46 .46 .46 .46 .63 .63 .63 .63
165 00200 00200 00000 00200 .46 .46 .46 .46 .63 .63 .63 .63
166 00200 00200 00000 00200 .46 .46 .46 .46 .63 .63 .63 .63
167 00200 00200 00000 00200 .46 .46 .46 .46 .63 .63 .63 .63
168 00200 00200 00000 00200 .46 .46 .46 .46 .63 .63 .63 .63
169 00200 00200 00000 00200 .46 .46 .46 .46 .63 .63 .63 .63
170 00200 00200 00000 00200 .46 .46 .46 .46 .63 .63 .63 .63
171 00200 00200 00000 00200 .46 .46 .46 .46 .63 .63 .63 .63
172 00200 00200 00000 00200 .46 .46 .46 .46 .63 .63 .63 .63
173 00200 00200 00000 00200 .46 .46 .46 .46 .63 .63 .63 .63
174 00200 00200 00000 00200 .46 .46 .46 .46 .63 .63 .63 .63
175 00200 00200 00000 00200 .46 .46 .46 .46 .63 .63 .63 .63
176 00200 00200 00000 00200 .46 .46 .46 .46 .63 .63 .63 .63
177 00200 00200 00000 00200 .46 .46 .46 .46 .63 .63 .63 .63
178 00200 00200 00000 00200 .46 .46 .46 .46 .63 .63 .63 .63
179 00200 00200 00000 00200 .46 .46 .46 .46 .63 .63 .63 .63
180 00200 00200 00000 00200 .46 .46 .46 .46 .63 .63 .63 .63
181 00200 00200 00000 00200 .46 .46 .46 .46 .63 .63 .63 .63
182 00200 00200 00000 00200 .46 .46 .46 .46 .63 .63 .63 .63
183 00200 00200 00000 00200 .46 .46 .46 .46 .63 .63 .63 .63
184 00200 00200 00000 00200 .46 .46 .46 .46 .63 .63 .63 .63
185 00200 00200 00000 00200 .46 .46 .46 .46 .63 .63 .63 .63
186 00200 00200 00000 00200 .46 .46 .46 .46 .63 .63 .63 .63
187 00200 00200 00000 00200 .46 .46 .46 .46 .63 .63 .63 .63
188 00200 00200 00000 00200 .46 .46 .46 .46 .63 .63 .63 .63
189 00200 00200 00000 00200 .46 .46 .46 .46 .63 .63 .63 .63
190 00200 00200 00000 00200 .46 .46 .46 .46 .63 .63 .63 .63
191 00200 00200 00000 00200 .46 .46 .46 .46 .63 .63 .63 .63
192 00200 00200 00000 00200 .46 .46 .46 .46 .63 .63 .63 .63
193 00200 00200 00000 00200 .46 .46 .46 .46 .63 .63 .63 .63
194 00200 00200 00000 00200 .46 .46 .46 .46 .63 .63 .63 .63
195 00200 00200 00000 00200 .46 .46 .46 .46 .63 .63 .63 .63
196 00200 00200 00000 00200 .46 .46 .46 .46 .63 .63 .63 .63
197 00200 00200 00000 00200 .46 .46 .46 .46 .63 .63 .63 .63
198 00200 00200 00000 00200 .46 .46 .46 .46 .63 .63 .63 .63
199 00200 00200 00000 00200 .46 .46 .46 .46 .63 .63 .63 .63
200 00200 00200 00000 00200 .46 .46 .46 .46 .63 .63 .63 .63
201 00200 00200 00000 00200 .46 .46 .46 .46 .63 .63 .63 .63
202 00200 00200 00000 00200 .46 .46 .46 .46 .63 .63 .63 .63
203 00200 00200 00000 00200 .46 .46 .46 .46 .63 .63 .63 .63
204 00200 00200 00000 00200 .46 .46 .46 .46 .63 .63 .63 .63
205 00200 00200 00000 00200 .46 .46 .46 .46 .63 .63 .63 .63
206 00200 00200 00000 00200 .46 .46 .46 .46 .63 .63 .63 .63
207 00200 00200 00000 00200 .46 .46 .46 .46 .63 .63 .63 .63
208 00200 00200 00000 00200 .46 .46 .46 .46 .63 .63 .63 .63
209 00200 00200 00000 00200 .46 .46 .46 .46 .63 .63 .63 .63
210 00200 00200 00000 00200 .46 .46 .46 .46 .63 .63 .63 .63
211 00200 00200 00200 00200 1.00 1.00 1.00 1.00 1.00 1.00 1.00 1.00
212 00200 00200 00200 00200 1.00 1.00 1.00 1.00 1.00 1.00 1.00 1.00
213 00200 00200 00200 00200 1.00 1.00 1.00 1.00 1.00 1.00 1.00 1.00
214 00200 00200 00200 00200 1.00 1.00 1.00 1.00 1.00 1.00 1.00 1.00
215 00200 00200 00200 00200 1.00 1.00 1.00 1.00 1.00 1.00 1.00 1.00
216 00200 00200 00200 00200 1.00 1.00 1.00 1.00 1.00 1.00 1.00 1.00
217 00200 00200 00200 00200 1.00 1.00 1.00 1.00 1.00 1.00 1.00 1.00
218 00200 00200 00200 00200 1.00 1.00 1.00 1.00 1.00 1.00 1.00 1.00
219 00200 00200 00200 00200 1.00 1.00 1.00 1.00 1.00 1.00 1.00 1.00
220 00200 00200 00200 00200 1.00 1.00 1.00 1.00 1.00 1.00 1.00 1.00
221 00200 00200 00200 00200 1.00 1.00 1.00 1.00 1.00 1.00 1.00 1.00
222 00200 00200 00200 00200 1.00 1.00 1.00 1.00 1.00 1.00 1.00 1.00
223 00200 00200 00200 00200 1.00 1.00 1.00 1.00 1.00 1.00 1.00 1.00
224 00200 00200 00200 00200 1.00 1.00 1.00 1.00 1.00 1.00 1.00 1.00
225 00200 00200 00200 00200 1.00 1.00 1.00 1.00 1.00 1.00 1.00 1.00
226 00200 00200 00200 00200 1.00 1.00 1.00 1.00 1.00 1.00 1.00 1.00
227 00200 00200 00200 00200 1.00 1.00 1.00 1.00 1.00 1.00 1.00 1.00
228 00200 00200 00200 00200 1.00 1.00 1.00 1.00 1.00 1.00 1.00 1.00
229 00200 00200 00200 00200 1.00 1.00 1.00 1.00 1.00 1.00 1.00 1.00
230 00200 00200 00200 00200 1.00 1.00 1.00 1.00 1.00 1.00 1.00 1.00
231 00200 00200 00200 00200 1.00 1.00 1.00 1.00 1.00 1.00 1.00 1.00
232 00200 00200 00200 00200 1.00 1.00 1.00 1.00 1.00 1.00 1.00 1.00
233 00200 00200 00200 00200 1.00 1.00 1.00 1.00 1.00 1.00 1.00 1.00
234 00200 00200 00200 00200 1.00 1.00 1.00 1.00 1.00 1.00 1.00 1.00
235 00200 00200 00200 00200 1.00 1.00 1.00 1.00 1.00 1.00 1.00 1.00
236 00200 00200 00200 00200 1.00 1.00 1.00 1.00 1.00 1.00 1.00 1.00
237 00200 00200 00200 00200 1.00 1.00 1.00 1.00 1.00 1.00 1.00 1.00
238 00200 00200 00200 00200 1.00 1.00 1.00 1.00 1.00 1.00 1.00 1.00
239 00200 00200 00200 00200 1.00 1.00 1.00 1.00 1.00 1.00 1.00 1.00
240 00200 00200 00200 00200 1.00 1.00 1.00 1.00 1.00 1.00 1.00 1.00
241 00200 00200 00200 00200 1.00 1.00 1.00 1.00 1.00 1.00 1.00 1.00
242 00200 00200 00200 00200 1.00 1.00 1.00 1.00 1.00 1.00 1.00 1.00
243 00200 00200 00200 00200 1.00 1.00 1.00 1.00 1.00 1.00 1.00 1.00
244 00200 00200 00200 00200 1.00 1.00 1.00 1.00 1.00 1.00 1.00 1.00
245 00200 00200 00200 00200 1.00 1.00 1.00 1.00 1.00 1.00 1.00 1.00
246 00200 00200 00200 00200 1.00 1.00 1.00 1.00 1.00 1.00 1.00 1.00
247 00200 00200 00200 00200 1.00 1.00 1.00 1.00 1.00 1.00 1.00 1.00
248 00200 00200 00200 00200 1.00 1.00 1.00 1.00 1.00 1.00 1.00 1.00
249 00200 00200 00200 00200 1.00 1.00 1.00 1.00 1.00 1.00 1.00 1.00
250 02200 00200 00200 00200 .68 .68 .68 .68 .75 .75 .75 .75
251 02200 00200 00200 00200 .68 .68 .68 .68 .75 .75 .75 .75
252 02200 00200 00200 00200 .68 .68 .68 .68 .75 .75 .75 .75
253 02200 00200 00200 00200 .68 .68 .68 .68 .75 .75 .75 .75
254 02200 00200 00200 00200 .68 .68 .68 .68 .75 .75 .75 .75
255 02200 00200 00200 00200 .68 .68 .68 .68 .75 .75 .75 .75
256 02200 00200 00200 00200 .68 .68 .68 .68 .75 .75 .75 .75
257 02200 00200 00200 00200 .68 .68 .68 .68 .75 .75 .75 .75
258 02200 00200 00200 00200 .68 .68 .68 .68 .75 .75 .75 .75
259 02200 00200 00200 00200 .68 .68 .68 .68 .75 .75 .75 .75
260 20200 00200 00200 00200 .68 .68 .68 .68 .75 .75 .75 .75
261 20200 00200 00200 00200 .68 .68 .68 .68 .75 .75 .75 .75
262 20200 00200 00200 00200 .68 .68 .68 .68 .75 .75 .75 .75
263 20200 00200 00200 00200 .68 .68 .68 .68 .75 .75 .75 .75
264 20200 00200 00200 00200 .68 .68 .68 .68 .75 .75 .75 .75
265 20200 00200 00200 00200 .68 .68 .68 .68 .75 .75 .75 .75
266 20200 00200 00200 00200 .68 .68 .68 .68 .75 .75 .75 .75
267 20200 00200 00200 00200 .68 .68 .68 .68 .75 .75 .75 .75
268 20200 00200 00200 00200 .68 .68 .68 .68 .75 .75 .75 .75
269 20200 00200 00200 00200 .68 .68 .68 .68 .75 .75 .75 .75
270 20200 20200 00200 20200 .72 .72 .72 .72 .79 .79 .79 .79
271 20200 20200 00020 20200 .16 .16 .16 .16 .37 .37 .37 .37
