0 00000 00000 00000 00000 1.0 1.0 1.0 1.0 1.0 1.0 1.0 1.0
1 00000 00000 00000 00000 1.0 1.0 1.0 1.0 1.0 1.0 1.0 1.0
2 00000 00000 00000 00000 1.0 1.0 1.0 1.0 1.0 1.0 1.0 1.0
3 00000 00000 00000 00000 1.0 1.0 1.0 1.0 1.0 1.0 1.0 1.0
4 00000 00000 00000 00000 1.0 1.0 1.0 1.0 1.0 1.0 1.0 1.0
5 00000 00000 00000 00000 1.0 1.0 1.0 1.0 1.0 1.0 1.0 1.0
6 00000 00000 00000 00000 1.0 1.0 1.0 1.0 1.0 1.0 1.0 1.0
7 00000 00000 00000 00000 1.0 1.0 1.0 1.0 1.0 1.0 1.0 1.0
8 00000 00000 00000 00000 1.0 1.0 1.0 1.0 1.0 1.0 1.0 1.0
9 00000 00000 00000 00000 1.0 1.0 1.0 1.0 1.0 1.0 1.0 1.0
10 00000 00000 00000 00000 1.0 1.0 1.0 1.0 1.0 1.0 1.0 1.0
11 00000 00000 00000 00000 1.0 1.0 1.0 1.0 1.0 1.0 1.0 1.0
12 00000 00000 00000 00000 1.0 1.0 1.0 1.0 1.0 1.0 1.0 1.0
13 00000 00000 00000 00000 1.0 1.0 1.0 1.0 1.0 1.0 1.0 1.0
14 00000 00000 00000 00000 1.0 1.0 1.0 1.0 1.0 1.0 1.0 1.0
15 00000 00000 00000 00000 1.0 1.0 1.0 1.0 1.0 1.0 1.0 1.0
16 00000 00000 00020 00000 1.0 1.0 1.0 1.0 1.0 1.0 1.0 1.0
17 00000 00000 00020 00000 1.0 1.0 1.0 1.0 1.0 1.0 1.0 1.0
18 00000 00000 00020 00000 1.0 1.0 1.0 1.0 1.0 1.0 1.0 1.0
19 00000 00000 00020 00000 1.0 1.0 1.0 1.0 1.0 1.0 1.0 1.0
20 00000 00000 00020 00000 1.0 1.0 1.0 1.0 1.0 1.0 1.0 1.0
21 00000 00000 00020 00000 1.0 1.0 1.0 1.0 1.0 1.0 1.0 1.0
22 00000 00000 00020 00000 1.0 1.0 1.0 1.0 1.0 1.0 1.0 1.0
23 00000 00000 00020 00000 1.0 1.0 1.0 1.0 1.0 1.0 1.0 1.0
24 00000 00000 00020 00000 1.0 1.0 1.0 1.0 1.0 1.0 1.0 1.0
25 00000 00000 00020 00000 1.0 1.0 1.0 1.0 1.0 1.0 1.0 1.0
26 00000 00000 00020 00000 1.0 1.0 1.0 1.0 1.0 1.0 1.0 1.0
27 00000 00000 00020 00000 1.0 1.0 1.0 1.0 1.0 1.0 1.0 1.0
28 00000 00000 00020 00000 1.0 1.0 1.0 1.0 1.0 1.0 1.0 1.0
29 00000 00000 00020 00000 1.0 1.0 1.0 1.0 1.0 1.0 1.0 1.0
30 00000 00000 00020 00000 1.0 1.0 1.0 1.0 1.0 1.0 1.0 1.0
31 00000 00000 00000 00000 1.0 1.0 1.0 1.0 1.0 1.0 1.0 1.0
32 00000 00000 00000 00000 1.0 1.0 1.0 1.0 1.0 1.0 1.0 1.0
33 00000 00000 00000 00000 1.0 1.0 1.0 1.0 1.0 1.0 1.0 1.0
34 00000 00000 00000 00000 1.0 1.0 1.0 1.0 1.0 1.0 1.0 1.0
35 00000 00000 00000 00000 1.0 1.0 1.0 1.0 1.0 1.0 1.0 1.0
36 00000 00000 00000 00000 1.0 1.0 1.0 1.0 1.0 1.0 1.0 1.0
37 00000 00000 00000 00000 1.0 1.0 1.0 1.0 1.0 1.0 1.0 1.0
38 00000 00000 00000 00000 1.0 1.0 1.0 1.0 1.0 1.0 1.0 1.0
39 00000 00000 00000 00000 1.0 1.0 1.0 1.0 1.0 1.0 1.0 1.0
40 00000 00000 00000 00000 1.0 1.0 1.0 1.0 1.0 1.0 1.0 1.0
41 00000 00000 00000 00000 1.0 1.0 1.0 1.0 1.0 1.0 1.0 1.0
42 00000 00000 00000 00000 1.0 1.0 1.0 1.0 1.0 1.0 1.0 1.0
43 00000 00000 00000 00000 1.0 1.0 1.0 1.0 1.0 1.0 1.0 1.0
44 00000 00000 00000 00000 1.0 1.0 1.0 1.0 1.0 1.0 1.0 1.0
45 00000 00000 00000 00000 1.0 1.0 1.0 1.0 1.0 1.0 1.0 1.0
46 00000 00000 00020 00000 1.0 1.0 1.0 1.0 1.0 1.0 1.0 1.0
47 00000 00000 00020 00000 1.0 1.0 1.0 1.0 1.0 1.0 1.0 1.0
48 00000 00000 00020 00000 1.0 1.0 1.0 1.0 1.0 1.0 1.0 1.0
49 00000 00000 00020 00000 1.0 1.0 1.0 1.0 1.0 1.0 1.0 1.0
50 00000 00000 00020 00000 1.0 1.0 1.0 1.0 1.0 1.0 1.0 1.0
51 00000 00000 00020 00000 1.0 1.0 1.0 1.0 1.0 1.0 1.0 1.0
52 00000 00000 00020 00000 1.0 1.0 1.0 1.0 1.0 1.0 1.0 1.0
53 00000 00000 00020 00000 1.0 1.0 1.0 1.0 1.0 1.0 1.0 1.0
54 00000 00000 00020 00000 1.0 1.0 1.0 1.0 1.0 1.0 1.0 1.0
55 00000 00000 00020 00000 1.0 1.0 1.0 1.0 1.0 1.0 1.0 1.0
56 00000 00000 00020 00000 1.0 1.0 1.0 1.0 1.0 1.0 1.0 1.0
57 00000 00000 00020 00000 1.0 1.0 1.0 1.0 1.0 1.0 1.0 1.0
58 00000 00000 00020 00000 1.0 1.0 1.0 1.0 1.0 1.0 1.0 1.0
59 00000 00000 00020 00000 1.0 1.0 1.0 1.0 1.0 1.0 1.0 1.0
60 00000 00000 00020 00000 1.0 1.0 1.0 1.0 1.0 1.0 1.0 1.0
61 00000 00000 00020 00000 1.0 1.0 1.0 1.0 1.0 1.0 1.0 1.0
62 00000 00000 00020 00000 1.0 1.0 1.0 1.0 1.0 1.0 1.0 1.0
63 00000 00000 00020 00000 1.0 1.0 1.0 1.0 1.0 1.0 1.0 1.0
64 00000 00000 00020 00000 1.0 1.0 1.0 1.0 1.0 1.0 1.0 1.0
65 00000 00000 00020 00000 1.0 1.0 1.0 1.0 1.0 1.0 1.0 1.0
66 00000 00000 00020 00000 1.0 1.0 1.0 1.0 1.0 1.0 1.0 1.0
67 00000 00000 00020 00000 1.0 1.0 1.0 1.0 1.0 1.0 1.0 1.0
68 00000 00000 00020 00000 1.0 1.0 1.0 1.0 1.0 1.0 1.0 1.0
69 00000 00000 00020 00000 1.0 1.0 1.0 1.0 1.0 1.0 1.0 1.0
70 00000 00000 00020 00000 1.0 1.0 1.0 1.0 1.0 1.0 1.0 1.0
71 00000 00000 00020 00000 1.0 1.0 1.0 1.0 1.0 1.0 1.0 1.0
72 00000 00000 00020 00000 1.0 1.0 1.0 1.0 1.0 1.0 1.0 1.0
73 00000 00000 00020 00000 1.0 1.0 1.0 1.0 1.0 1.0 1.0 1.0
74 00000 00000 00020 00000 1.0 1.0 1.0 1.0 1.0 1.0 1.0 1.0
75 00000 00000 00020 00000 1.0 1.0 1.0 1.0 1.0 1.0 1.0 1.0
76 00000 00000 00000 00000 1.0 1.0 1.0 1.0 1.0 1.0 1.0 1.0
77 00000 00000 00000 00000 1.0 1.0 1.0 1.0 1.0 1.0 1.0 1.0
78 00000 00000 00000 00000 1.0 1.0 1.0 1.0 1.0 1.0 1.0 1.0
79 00000 00000 00000 00000 1.0 1.0 1.0 1.0 1.0 1.0 1.0 1.0
80 00000 00200 00000 00000 1.0 1.0 1.0 1.0 1.0 1.0 1.0 1.0
81 00000 00200 00000 00000 1.0 1.0 1.0 1.0 1.0 1.0 1.0 1.0
82 00000 00200 00000 00000 1.0 1.0 1.0 1.0 1.0 1.0 1.0 1.0
83 00000 00200 00000 00000 1.0 1.0 1.0 1.0 1.0 1.0 1.0 1.0
84 00000 00200 00000 00000 1.0 1.0 1.0 1.0 1.0 1.0 1.0 1.0
85 00000 00200 00000 00000 1.0 1.0 1.0 1.0 1.0 1.0 1.0 1.0
86 00000 00200 00000 00000 1.0 1.0 1.0 1.0 1.0 1.0 1.0 1.0
87 00000 00200 00000 00000 1.0 1.0 1.0 1.0 1.0 1.0 1.0 1.0
88 00000 00200 00000 00000 1.0 1.0 1.0 1.0 1.0 1.0 1.0 1.0
89 00000 00200 00000 00000 1.0 1.0 1.0 1.0 1.0 1.0 1.0 1.0
90 00200 00200 00000 00200 .46 .46 .46 .46 .63 .63 .63 .63
91 00200 00200 00000 00200 .46 .46 .46 .46 .63 .63 .63 .63
92 00200 00200 00000 00200 .46 .46 .46 .46 .63 .63 .63 .63
93 00200 00200 00000 00200 .46 .46 .46 .46 .63 .63 .63 .63
94 00200 00200 00000 00200 .46 .46 .46 .46 .63 .63 .63 .63
95 00200 00200 00000 00200 .46 .46 .46 .46 .63 .63 .63 .63
96 00200 00200 00000 00200 .46 .46 .46 .46 .63 .63 .63 .63
97 00200 00200 00000 00200 .46 .46 .46 .46 .63 .63 .63 .63
98 00200 00200 00000 00200 .46 .46 .46 .46 .63 .63 .63 .63
99 00200 00200 00000 00200 .46 .46 .46 .46 .63 .63 .63 .63
100 00200 00200 00000 00200 .46 .46 .46 .46 .63 .63 .63 .63
101 00200 00200 00000 00200 .46 .46 .46 .46 .63 .63 .63 .63
102 00200 00200 00000 00200 .46 .46 .46 .46 .63 .63 .63 .63
103 00200 00200 00000 00200 .46 .46 .46 .46 .63 .63 .63 .63
104 00200 00200 00000 00200 .46 .46 .46 .46 .63 .63 .63 .63
105 00200 00200 00000 00200 .46 .46 .46 .46 .63 .63 .63 .63
106 00200 00200 00000 00200 .46 .46 .46 .46 .63 .63 .63 .63
107 00200 00200 00000 00200 .46 .46 .46 .46 .63 .63 .63 .63
108 00200 00200 00000 00200 .46 .46 .46 .46 .63 .63 .63 .63
109 00200 00200 00000 00200 .46 .46 .46 .46 .63 .63 .63 .63
110 00200 00200 00000 00200 .46 .46 .46 .46 .63 .63 .63 .63
111 00200 00200 00000 00200 .46 .46 .46 .46 .63 .63 .63 .63
112 00200 00200 00000 00200 .46 .46 .46 .46 .63 .63 .63 .63
113 00200 00200 00000 00200 .46 .46 .46 .46 .63 .63 .63 .63
114 00200 00200 00000 00200 .46 .46 .46 .46 .63 .63 .63 .63
115 00200 00200 00000 00200 .46 .46 .46 .46 .63 .63 .63 .63
116 00200 00200 00000 00200 .46 .46 .46 .46 .63 .63 .63 .63
117 00200 00200 00000 00200 .46 .46 .46 .46 .63 .63 .63 .63
118 00200 00200 00000 00200 .46 .46 .46 .46 .63 .63 .63 .63
119 00200 00200 00000 00200 .46 .46 .46 .46 .63 .63 .63 .63
120 00200 00250 00000 00200 .26 .17 .02 .23 .43 .35 .11 .41
121 00200 00250 00000 00200 .26 .17 .02 .23 .43 .35 .11 .41
122 00200 00250 00000 00200 .26 .17 .02 .23 .43 .35 .11 .41
123 00200 00250 00000 00200 .26 .17 .02 .23 .43 .35 .11 .41
124 00200 00250 00000 00200 .26 .17 .02 .23 .43 .35 .11 .41
125 00200 00250 00000 00200 .26 .17 .02 .23 .43 .35 .11 .41
126 00200 00250 00000 00200 .26 .17 .02 .23 .43 .35 .11 .41
127 00200 00250 00000 00200 .26 .17 .02 .23 .43 .35 .11 .41
128 00200 00250 00000 00200 .26 .17 .02 .23 .43 .35 .11 .41
129 00200 00250 00000 00200 .26 .17 .02 .23 .43 .35 .11 .41
130 00200 00250 00000 00200 .26 .17 .02 .23 .43 .35 .11 .41
131 00200 00250 00000 00200 .26 .17 .02 .23 .43 .35 .11 .41
132 00200 00250 00000 00200 .26 .17 .02 .23 .43 .35 .11 .41
133 00200 00250 00000 00200 .26 .17 .02 .23 .43 .35 .11 .41
134 00200 00250 00000 00200 .26 .17 .02 .23 .43 .35 .11 .41
135 00200 00250 00000 00200 .26 .17 .02 .23 .43 .35 .11 .41
136 00200 00250 00000 00200 .26 .17 .02 .23 .43 .35 .11 .41
137 00200 00250 00000 00200 .26 .17 .02 .23 .43 .35 .11 .41
138 00200 00250 00000 00200 .26 .17 .02 .23 .43 .35 .11 .41
139 00200 00250 00000 00200 .26 .17 .02 .23 .43 .35 .11 .41
140 00200 00250 00000 00200 .26 .17 .02 .23 .43 .35 .11 .41
141 00200 00250 00000 00200 .26 .17 .02 .23 .43 .35 .11 .41
142 00200 00250 00000 00200 .26 .17 .02 .23 .43 .35 .11 .41
143 00200 00250 00000 00200 .26 .17 .02 .23 .43 .35 .11 .41
144 00200 00250 00000 00200 .26 .17 .02 .23 .43 .35 .11 .41
145 00200 00250 00000 00200 .26 .17 .02 .23 .43 .35 .11 .41
146 00200 00250 00000 00200 .26 .17 .02 .23 .43 .35 .11 .41
147 00200 00250 00000 00200 .26 .17 .02 .23 .43 .35 .11 .41
148 00200 00250 00000 00200 .26 .17 .02 .23 .43 .35 .11 .41
149 00200 00250 00000 00200 .26 .17 .02 .23 .43 .35 .11 .41
150 00200 00250 00000 00200 .26 .17 .02 .23 .43 .35 .11 .41
151 00200 00250 00000 00200 .26 .17 .02 .23 .43 .35 .11 .41
152 00200 00250 00000 00200 .26 .17 .02 .23 .43 .35 .11 .41
153 00200 00250 00000 00200 .26 .17 .02 .23 .43 .35 .11 .41
154 00200 00250 00000 00200 .26 .17 .02 .23 .43 .35 .11 .41
155 00200 00250 00000 00200 .26 .17 .02 .23 .43 .35 .11 .41
156 00200 00250 00000 00200 .26 .17 .02 .23 .43 .35 .11 .41
157 00200 00250 00000 00200 .26 .17 .02 .23 .43 .35 .11 .41
158 00200 00250 00000 00200 .26 .17 .02 .23 .43 .35 .11 .41
159 00200 00250 00000 00200 .26 .17 .02 .23 .43 .35 .11 .41
160 00000 00000 00020 00000 1.0 1.0 1.0 1.0 1.0 1.0 1.0 1.0
161 00000 00000 00020 00000 1.0 1.0 1.0 1.0 1.0 1.0 1.0 1.0
162 00000 00000 00020 00000 1.0 1.0 1.0 1.0 1.0 1.0 1.0 1.0
163 00000 00000 00020 00000 1.0 1.0 1.0 1.0 1.0 1.0 1.0 1.0
164 00000 00000 00020 00000 1.0 1.0 1.0 1.0 1.0 1.0 1.0 1.0
165 00000 00000 00020 00000 1.0 1.0 1.0 1.0 1.0 1.0 1.0 1.0
166 00000 00000 00020 00000 1.0 1.0 1.0 1.0 1.0 1.0 1.0 1.0
167 00000 00000 00020 00000 1.0 1.0 1.0 1.0 1.0 1.0 1.0 1.0
168 00000 00000 00020 00000 1.0 1.0 1.0 1.0 1.0 1.0 1.0 1.0
169 00000 00000 00020 00000 1.0 1.0 1.0 1.0 1.0 1.0 1.0 1.0
170 00000 00000 00020 00000 1.0 1.0 1.0 1.0 1.0 1.0 1.0 1.0
171 00000 00000 00020 00000 1.0 1.0 1.0 1.0 1.0 1.0 1.0 1.0
172 00000 00000 00020 00000 1.0 1.0 1.0 1.0 1.0 1.0 1.0 1.0
173 00000 00000 00020 00000 1.0 1.0 1.0 1.0 1.0 1.0 1.0 1.0
174 00000 00000 00020 00000 1.0 1.0 1.0 1.0 1.0 1.0 1.0 1.0
175 00000 00000 00020 00000 1.0 1.0 1.0 1.0 1.0 1.0 1.0 1.0
176 00000 00000 00020 00000 1.0 1.0 1.0 1.0 1.0 1.0 1.0 1.0
177 00000 00000 00020 00000 1.0 1.0 1.0 1.0 1.0 1.0 1.0 1.0
178 00000 00000 00020 00000 1.0 1.0 1.0 1.0 1.0 1.0 1.0 1.0
179 00000 00000 00020 00000 1.0 1.0 1.0 1.0 1.0 1.0 1.0 1.0
180 00000 00000 00020 00000 1.0 1.0 1.0 1.0 1.0 1.0 1.0 1.0
181 00000 00000 00020 00000 1.0 1.0 1.0 1.0 1.0 1.0 1.0 1.0
182 00000 00000 00020 00000 1.0 1.0 1.0 1.0 1.0 1.0 1.0 1.0
183 00000 00000 00020 00000 1.0 1.0 1.0 1.0 1.0 1.0 1.0 1.0
184 00000 00000 00020 00000 1.0 1.0 1.0 1.0 1.0 1.0 1.0 1.0
185 00000 00000 00020 00000 1.0 1.0 1.0 1.0 1.0 1.0 1.0 1.0
186 00000 00000 00020 00000 1.0 1.0 1.0 1.0 1.0 1.0 1.0 1.0
187 00000 00000 00020 00000 1.0 1.0 1.0 1.0 1.0 1.0 1.0 1.0
188 00000 00000 00020 00000 1.0 1.0 1.0 1.0 1.0 1.0 1.0 1.0
189 00000 00000 00020 00000 1.0 1.0 1.0 1.0 1.0 1.0 1.0 1.0
190 00000 00000 00000 00000 1.0 1.0 1.0 1.0 1.0 1.0 1.0 1.0
191 00000 00000 00000 00000 1.0 1.0 1.0 1.0 1.0 1.0 1.0 1.0
192 00000 00000 00000 00000 1.0 1.0 1.0 1.0 1.0 1.0 1.0 1.0
193 00000 00000 00000 00000 1.0 1.0 1.0 1.0 1.0 1.0 1.0 1.0
194 00000 00000 00000 00000 1.0 1.0 1.0 1.0 1.0 1.0 1.0 1.0
195 00000 00000 00000 00000 1.0 1.0 1.0 1.0 1.0 1.0 1.0 1.0
196 00000 00000 00000 00000 1.0 1.0 1.0 1.0 1.0 1.0 1.0 1.0
197 00000 00000 00000 00000 1.0 1.0 1.0 1.0 1.0 1.0 1.0 1.0
198 00000 00000 00000 00000 1.0 1.0 1.0 1.0 1.0 1.0 1.0 1.0
199 00000 00000 00000 00000 1.0 1.0 1.0 1.0 1.0 1.0 1.0 1.0
200 00020 00020 00000 00020 .46 .46 .46 .46 .63 .63 .63 .63
201 00020 00020 00000 00020 .46 .46 .46 .46 .63 .63 .63 .63
202 00020 00020 00000 00020 .46 .46 .46 .46 .63 .63 .63 .63
203 00020 00020 00000 00020 .46 .46 .46 .46 .63 .63 .63 .63
204 00020 00020 00000 00020 .46 .46 .46 .46 .63 .63 .63 .63
205 00020 00020 00000 00020 .46 .46 .46 .46 .63 .63 .63 .63
206 00020 00020 00000 00020 .46 .46 .46 .46 .63 .63 .63 .63
207 00020 00020 00000 00020 .46 .46 .46 .46 .63 .63 .63 .63
208 00020 00020 00000 00020 .46 .46 .46 .46 .63 .63 .63 .63
209 00020 00020 00000 00020 .46 .46 .46 .46 .63 .63 .63 .63
210 00200 00200 00000 00200 .46 .46 .46 .46 .63 .63 .63 .63
211 00200 00200 00000 00200 .46 .46 .46 .46 .63 .63 .63 .63
212 00200 00200 00000 00200 .46 .46 .46 .46 .63 .63 .63 .63
213 00200 00200 00000 00200 .46 .46 .46 .46 .63 .63 .63 .63
