0 00000 00000 00000 00000 1.0 1.0 1.0 1.0 1.0 1.0 1.0 1.0
1 00000 00000 00000 00000 1.0 1.0 1.0 1.0 1.0 1.0 1.0 1.0
2 00000 00000 00000 00000 1.0 1.0 1.0 1.0 1.0 1.0 1.0 1.0
3 00000 00000 00000 00000 1.0 1.0 1.0 1.0 1.0 1.0 1.0 1.0
4 00000 00000 00000 00000 1.0 1.0 1.0 1.0 1.0 1.0 1.0 1.0
5 00000 00000 00000 00000 1.0 1.0 1.0 1.0 1.0 1.0 1.0 1.0
6 00000 00000 00000 00000 1.0 1.0 1.0 1.0 1.0 1.0 1.0 1.0
7 00000 00000 00000 00000 1.0 1.0 1.0 1.0 1.0 1.0 1.0 1.0
8 00000 00000 00000 00000 1.0 1.0 1.0 1.0 1.0 1.0 1.0 1.0
9 00000 00000 00000 00000 1.0 1.0 1.0 1.0 1.0 1.0 1.0 1.0
10 00000 00000 00000 00000 1.0 1.0 1.0 1.0 1.0 1.0 1.0 1.0
11 00000 00000 00000 00000 1.0 1.0 1.0 1.0 1.0 1.0 1.0 1.0
12 00000 00000 00000 00000 1.0 1.0 1.0 1.0 1.0 1.0 1.0 1.0
13 00000 00000 00000 00000 1.0 1.0 1.0 1.0 1.0 1.0 1.0 1.0
14 00000 00000 00000 00000 1.0 1.0 1.0 1.0 1.0 1.0 1.0 1.0
15 00000 00000 00000 00000 1.0 1.0 1.0 1.0 1.0 1.0 1.0 1.0
16 00000 00000 00000 00000 1.0 1.0 1.0 1.0 1.0 1.0 1.0 1.0
17 00000 00000 00000 00000 1.0 1.0 1.0 1.0 1.0 1.0 1.0 1.0
18 00000 00000 00000 00000 1.0 1.0 1.0 1.0 1.0 1.0 1.0 1.0
19 00000 00000 00000 00000 1.0 1.0 1.0 1.0 1.0 1.0 1.0 1.0
20 00200 00000 00000 00000 1.0 1.0 1.0 1.0 1.0 1.0 1.0 1.0
21 00200 00000 00000 00000 1.0 1.0 1.0 1.0 1.0 1.0 1.0 1.0
22 00200 00000 00000 00000 1.0 1.0 1.0 1.0 1.0 1.0 1.0 1.0
23 00200 00000 00000 00000 1.0 1.0 1.0 1.0 1.0 1.0 1.0 1.0
24 00200 00000 00000 00000 1.0 1.0 1.0 1.0 1.0 1.0 1.0 1.0
25 00200 00000 00000 00000 1.0 1.0 1.0 1.0 1.0 1.0 1.0 1.0
26 00200 00000 00000 00000 1.0 1.0 1.0 1.0 1.0 1.0 1.0 1.0
27 00200 00000 00000 00000 1.0 1.0 1.0 1.0 1.0 1.0 1.0 1.0
28 00200 00000 00000 00000 1.0 1.0 1.0 1.0 1.0 1.0 1.0 1.0
29 00200 00000 00000 00000 1.0 1.0 1.0 1.0 1.0 1.0 1.0 1.0
30 00200 00000 00000 00000 1.0 1.0 1.0 1.0 1.0 1.0 1.0 1.0
31 00200 00000 00000 00000 1.0 1.0 1.0 1.0 1.0 1.0 1.0 1.0
32 00200 00000 00000 00000 1.0 1.0 1.0 1.0 1.0 1.0 1.0 1.0
33 00200 00000 00000 00000 1.0 1.0 1.0 1.0 1.0 1.0 1.0 1.0
34 00200 00000 00000 00000 1.0 1.0 1.0 1.0 1.0 1.0 1.0 1.0
35 00200 00000 00000 00000 1.0 1.0 1.0 1.0 1.0 1.0 1.0 1.0
36 00200 00000 00000 00000 1.0 1.0 1.0 1.0 1.0 1.0 1.0 1.0
37 00200 00000 00000 00000 1.0 1.0 1.0 1.0 1.0 1.0 1.0 1.0
38 00200 00000 00000 00000 1.0 1.0 1.0 1.0 1.0 1.0 1.0 1.0
39 00200 00000 00000 00000 1.0 1.0 1.0 1.0 1.0 1.0 1.0 1.0
40 00200 00000 00000 00000 1.0 1.0 1.0 1.0 1.0 1.0 1.0 1.0
41 00200 00000 00000 00000 1.0 1.0 1.0 1.0 1.0 1.0 1.0 1.0
42 00200 00000 00000 00000 1.0 1.0 1.0 1.0 1.0 1.0 1.0 1.0
43 00200 00000 00000 00000 1.0 1.0 1.0 1.0 1.0 1.0 1.0 1.0
44 00200 00000 00000 00000 1.0 1.0 1.0 1.0 1.0 1.0 1.0 1.0
45 00200 00000 00000 00000 1.0 1.0 1.0 1.0 1.0 1.0 1.0 1.0
46 00200 00000 00000 00000 1.0 1.0 1.0 1.0 1.0 1.0 1.0 1.0
47 00200 00000 00000 00000 1.0 1.0 1.0 1.0 1.0 1.0 1.0 1.0
48 00200 00000 00000 00000 1.0 1.0 1.0 1.0 1.0 1.0 1.0 1.0
49 00200 00000 00000 00000 1.0 1.0 1.0 1.0 1.0 1.0 1.0 1.0
50 00200 00000 00000 00000 1.0 1.0 1.0 1.0 1.0 1.0 1.0 1.0
51 00200 00000 00000 00000 1.0 1.0 1.0 1.0 1.0 1.0 1.0 1.0
52 00200 00000 00000 00000 1.0 1.0 1.0 1.0 1.0 1.0 1.0 1.0
53 00200 00000 00000 00000 1.0 1.0 1.0 1.0 1.0 1.0 1.0 1.0
54 00200 00000 00000 00000 1.0 1.0 1.0 1.0 1.0 1.0 1.0 1.0
55 00200 00000 00000 00000 1.0 1.0 1.0 1.0 1.0 1.0 1.0 1.0
56 00200 00000 00000 00000 1.0 1.0 1.0 1.0 1.0 1.0 1.0 1.0
57 00200 00000 00000 00000 1.0 1.0 1.0 1.0 1.0 1.0 1.0 1.0
58 00200 00000 00000 00000 1.0 1.0 1.0 1.0 1.0 1.0 1.0 1.0
59 00200 00000 00000 00000 1.0 1.0 1.0 1.0 1.0 1.0 1.0 1.0
60 00200 00200 00000 00200 .46 .46 .46 .46 .63 .63 .63 .63
61 00200 00200 00000 00200 .46 .46 .46 .46 .63 .63 .63 .63
62 00200 00200 00000 00200 .46 .46 .46 .46 .63 .63 .63 .63
63 00200 00200 00000 00200 .46 .46 .46 .46 .63 .63 .63 .63
64 00200 00200 00200 00200 1.00 1.00 1.00 1.00 1.00 1.00 1.00 1.00
65 00200 00200 00200 00200 1.00 1.00 1.00 1.00 1.00 1.00 1.00 1.00
66 00200 00200 00200 00200 1.00 1.00 1.00 1.00 1.00 1.00 1.00 1.00
67 00200 00200 00200 00200 1.00 1.00 1.00 1.00 1.00 1.00 1.00 1.00
68 00200 00200 00200 00200 1.00 1.00 1.00 1.00 1.00 1.00 1.00 1.00
69 00200 00200 00200 00200 1.00 1.00 1.00 1.00 1.00 1.00 1.00 1.00
70 00200 00200 00200 00200 1.00 1.00 1.00 1.00 1.00 1.00 1.00 1.00
71 00200 00200 00200 00200 1.00 1.00 1.00 1.00 1.00 1.00 1.00 1.00
72 00200 00200 00200 00200 1.00 1.00 1.00 1.00 1.00 1.00 1.00 1.00
73 00200 00200 00200 00200 1.00 1.00 1.00 1.00 1.00 1.00 1.00 1.00
74 00200 00200 00200 00200 1.00 1.00 1.00 1.00 1.00 1.00 1.00 1.00
75 00200 00200 00200 00200 1.00 1.00 1.00 1.00 1.00 1.00 1.00 1.00
76 00200 00200 00200 00200 1.00 1.00 1.00 1.00 1.00 1.00 1.00 1.00
77 00200 00200 00200 00200 1.00 1.00 1.00 1.00 1.00 1.00 1.00 1.00
78 00200 00200 00200 00200 1.00 1.00 1.00 1.00 1.00 1.00 1.00 1.00
79 00200 00200 00020 00200 .22 .22 .22 .22 .41 .41 .41 .41
80 00200 00200 00020 00200 .22 .22 .22 .22 .41 .41 .41 .41
81 00200 00200 00020 00200 .22 .22 .22 .22 .41 .41 .41 .41
82 00200 00200 00020 00200 .22 .22 .22 .22 .41 .41 .41 .41
83 00200 00200 00020 00200 .22 .22 .22 .22 .41 .41 .41 .41
84 00200 00200 00020 00200 .22 .22 .22 .22 .41 .41 .41 .41
85 00200 00200 00020 00200 .22 .22 .22 .22 .41 .41 .41 .41
86 00200 00200 00020 00200 .22 .22 .22 .22 .41 .41 .41 .41
87 00200 00200 00020 00200 .22 .22 .22 .22 .41 .41 .41 .41
88 00200 00200 00020 00200 .22 .22 .22 .22 .41 .41 .41 .41
89 00200 00200 00020 00200 .22 .22 .22 .22 .41 .41 .41 .41
90 00200 00200 00020 00200 .22 .22 .22 .22 .41 .41 .41 .41
91 00200 00200 00020 00200 .22 .22 .22 .22 .41 .41 .41 .41
92 00200 00200 00020 00200 .22 .22 .22 .22 .41 .41 .41 .41
93 00200 00200 00020 00200 .22 .22 .22 .22 .41 .41 .41 .41
94 00200 00200 00000 00200 .46 .46 .46 .46 .63 .63 .63 .63
95 00200 00200 00000 00200 .46 .46 .46 .46 .63 .63 .63 .63
96 00200 00200 00000 00200 .46 .46 .46 .46 .63 .63 .63 .63
97 00200 00200 00000 00200 .46 .46 .46 .46 .63 .63 .63 .63
98 00200 00200 00000 00200 .46 .46 .46 .46 .63 .63 .63 .63
99 00200 00200 00000 00200 .46 .46 .46 .46 .63 .63 .63 .63
100 00200 00200 00000 00200 .46 .46 .46 .46 .63 .63 .63 .63
101 00200 00200 00000 00200 .46 .46 .46 .46 .63 .63 .63 .63
102 00200 00200 00000 00200 .46 .46 .46 .46 .63 .63 .63 .63
103 00200 00200 00000 00200 .46 .46 .46 .46 .63 .63 .63 .63
104 00200 00200 00000 00200 .46 .46 .46 .46 .63 .63 .63 .63
105 00200 00200 00000 00200 .46 .46 .46 .46 .63 .63 .63 .63
106 00200 00200 00000 00200 .46 .46 .46 .46 .63 .63 .63 .63
107 00200 00200 00000 00200 .46 .46 .46 .46 .63 .63 .63 .63
108 00200 00200 00000 00200 .46 .46 .46 .46 .63 .63 .63 .63
109 00200 00200 00000 00200 .46 .46 .46 .46 .63 .63 .63 .63
110 00200 00200 00000 00200 .46 .46 .46 .46 .63 .63 .63 .63
111 00200 00200 00000 00200 .46 .46 .46 .46 .63 .63 .63 .63
112 00200 00200 00000 00200 .46 .46 .46 .46 .63 .63 .63 .63
113 00200 00200 00000 00200 .46 .46 .46 .46 .63 .63 .63 .63
114 00200 00200 00000 00200 .46 .46 .46 .46 .63 .63 .63 .63
115 00200 00200 00000 00200 .46 .46 .46 .46 .63 .63 .63 .63
116 00200 00200 00000 00200 .46 .46 .46 .46 .63 .63 .63 .63
117 00200 00200 00000 00200 .46 .46 .46 .46 .63 .63 .63 .63
118 00200 00200 00000 00200 .46 .46 .46 .46 .63 .63 .63 .63
119 00200 00200 00000 00200 .46 .46 .46 .46 .63 .63 .63 .63
120 00200 00200 00000 00200 .46 .46 .46 .46 .63 .63 .63 .63
121 00200 00200 00000 00200 .46 .46 .46 .46 .63 .63 .63 .63
122 00200 00200 00000 00200 .46 .46 .46 .46 .63 .63 .63 .63
123 00200 00200 00000 00200 .46 .46 .46 .46 .63 .63 .63 .63
124 00200 00200 00020 00200 .22 .22 .22 .22 .41 .41 .41 .41
125 00200 00200 00020 00200 .22 .22 .22 .22 .41 .41 .41 .41
126 00200 00200 00020 00200 .22 .22 .22 .22 .41 .41 .41 .41
127 00200 00200 00020 00200 .22 .22 .22 .22 .41 .41 .41 .41
128 00200 00200 00020 00200 .22 .22 .22 .22 .41 .41 .41 .41
129 00200 00200 00020 00200 .22 .22 .22 .22 .41 .41 .41 .41
130 00200 00200 00020 00200 .22 .22 .22 .22 .41 .41 .41 .41
131 00200 00200 00020 00200 .22 .22 .22 .22 .41 .41 .41 .41
132 00200 00200 00020 00200 .22 .22 .22 .22 .41 .41 .41 .41
133 00200 00200 00020 00200 .22 .22 .22 .22 .41 .41 .41 .41
134 00200 00200 00020 00200 .22 .22 .22 .22 .41 .41 .41 .41
135 00200 00200 00020 00200 .22 .22 .22 .22 .41 .41 .41 .41
136 00200 00200 00020 00200 .22 .22 .22 .22 .41 .41 .41 .41
137 00200 00200 00020 00200 .22 .22 .22 .22 .41 .41 .41 .41
138 00200 00200 00020 00200 .22 .22 .22 .22 .41 .41 .41 .41
139 00200 00200 00020 00200 .22 .22 .22 .22 .41 .41 .41 .41
140 00200 00200 00020 00200 .22 .22 .22 .22 .41 .41 .41 .41
141 00200 00200 00020 00200 .22 .22 .22 .22 .41 .41 .41 .41
142 00200 00200 00020 00200 .22 .22 .22 .22 .41 .41 .41 .41
143 00200 00200 00020 00200 .22 .22 .22 .22 .41 .41 .41 .41
144 00200 00200 00020 00200 .22 .22 .22 .22 .41 .41 .41 .41
145 00200 00200 00020 00200 .22 .22 .22 .22 .41 .41 .41 .41
146 00200 00200 00020 00200 .22 .22 .22 .22 .41 .41 .41 .41
147 00200 00200 00020 00200 .22 .22 .22 .22 .41 .41 .41 .41
148 00200 00200 00020 00200 .22 .22 .22 .22 .41 .41 .41 .41
149 00200 00200 00020 00200 .22 .22 .22 .22 .41 .41 .41 .41
150 00200 00200 00020 00200 .22 .22 .22 .22 .41 .41 .41 .41
151 00200 00200 00020 00200 .22 .22 .22 .22 .41 .41 .41 .41
152 00200 00200 00020 00200 .22 .22 .22 .22 .41 .41 .41 .41
153 00200 00200 00020 00200 .22 .22 .22 .22 .41 .41 .41 .41
154 00200 00200 00020 00200 .22 .22 .22 .22 .41 .41 .41 .41
155 00200 00200 00020 00200 .22 .22 .22 .22 .41 .41 .41 .41
156 00200 00200 00020 00200 .22 .22 .22 .22 .41 .41 .41 .41
157 00200 00200 00020 00200 .22 .22 .22 .22 .41 .41 .41 .41
158 00200 00200 00020 00200 .22 .22 .22 .22 .41 .41 .41 .41
159 00200 00200 00020 00200 .22 .22 .22 .22 .41 .41 .41 .41
160 00200 00200 00020 00200 .22 .22 .22 .22 .41 .41 .41 .41
161 00200 00200 00020 00200 .22 .22 .22 .22 .41 .41 .41 .41
162 00200 00200 00020 00200 .22 .22 .22 .22 .41 .41 .41 .41
163 00200 00200 00020 00200 .22 .22 .22 .22 .41 .41 .41 .41
164 00200 00200 00020 00200 .22 .22 .22 .22 .41 .41 .41 .41
165 00200 00200 00020 00200 .22 .22 .22 .22 .41 .41 .41 .41
166 00200 00200 00020 00200 .22 .22 .22 .22 .41 .41 .41 .41
167 00200 00200 00020 00200 .22 .22 .22 .22 .41 .41 .41 .41
168 00200 00200 00020 00200 .22 .22 .22 .22 .41 .41 .41 .41
169 00200 00200 00020 00200 .22 .22 .22 .22 .41 .41 .41 .41
170 00200 00200 00020 00200 .22 .22 .22 .22 .41 .41 .41 .41
171 00200 00200 00020 00200 .22 .22 .22 .22 .41 .41 .41 .41
172 00200 00200 00020 00200 .22 .22 .22 .22 .41 .41 .41 .41
173 00200 00200 00020 00200 .22 .22 .22 .22 .41 .41 .41 .41
174 00200 00200 00020 00200 .22 .22 .22 .22 .41 .41 .41 .41
175 00200 00200 00020 00200 .22 .22 .22 .22 .41 .41 .41 .41
176 00200 00200 00020 00200 .22 .22 .22 .22 .41 .41 .41 .41
177 00200 00200 00020 00200 .22 .22 .22 .22 .41 .41 .41 .41
178 00200 00200 00020 00200 .22 .22 .22 .22 .41 .41 .41 .41
179 00200 00200 00020 00200 .22 .22 .22 .22 .41 .41 .41 .41
180 00200 00200 00020 00200 .22 .22 .22 .22 .41 .41 .41 .41
181 00200 00200 00020 00200 .22 .22 .22 .22 .41 .41 .41 .41
182 00200 00200 00020 00200 .22 .22 .22 .22 .41 .41 .41 .41
183 00200 00200 00020 00200 .22 .22 .22 .22 .41 .41 .41 .41
184 00200 00200 00020 00200 .22 .22 .22 .22 .41 .41 .41 .41
185 00200 00200 00020 00200 .22 .22 .22 .22 .41 .41 .41 .41
186 00200 00200 00020 00200 .22 .22 .22 .22 .41 .41 .41 .41
187 00200 00200 00020 00200 .22 .22 .22 .22 .41 .41 .41 .41
188 00200 00200 00020 00200 .22 .22 .22 .22 .41 .41 .41 .41
189 00200 00200 00020 00200 .22 .22 .22 .22 .41 .41 .41 .41
190 02200 00200 00020 00200 .05 .05 .05 .05 .24 .24 .24 .24
191 02200 00200 00020 00200 .05 .05 .05 .05 .24 .24 .24 .24
192 02200 00200 00020 00200 .05 .05 .05 .05 .24 .24 .24 .24
193 02200 00200 00020 00200 .05 .05 .05 .05 .24 .24 .24 .24
194 02200 00200 00020 00200 .05 .05 .05 .05 .24 .24 .24 .24
195 02200 00200 00020 00200 .05 .05 .05 .05 .24 .24 .24 .24
196 02200 00200 00020 00200 .05 .05 .05 .05 .24 .24 .24 .24
197 02200 00200 00020 00200 .05 .05 .05 .05 .24 .24 .24 .24
198 02200 00200 00020 00200 .05 .05 .05 .05 .24 .24 .24 .24
199 02200 00200 00020 00200 .05 .05 .05 .05 .24 .24 .24 .24
200 20200 20200 00020 20200 .16 .16 .16 .16 .37 .37 .37 .37
201 20200 20200 00020 20200 .16 .16 .16 .16 .37 .37 .37 .37
202 20200 20200 00020 20200 .16 .16 .16 .16 .37 .37 .37 .37
203 20200 20200 00020 20200 .16 .16 .16 .16 .37 .37 .37 .37
204 20200 20200 00020 20200 .16 .16 .16 .16 .37 .37 .37 .37
205 20200 20200 02020 20200 -0.04 -0.04 -0.04 -0.04 .21 .21 .21 .21
206 20200 20200 02020 20200 -0.04 -0.04 -0.04 -0.04 .21 .21 .21 .21
207 20200 20200 02020 20200 -0.04 -0.04 -0.04 -0.04 .21 .21 .21 .21
208 20200 20200 02020 20200 -0.04 -0.04 -0.04 -0.04 .21 .21 .21 .21
209 20200 20200 02020 20200 -0.04 -0.04 -0.04 -0.04 .21 .21 .21 .21
210 20020 20000 02020 20020 .16 .16 .16 .16 .37 .37 .37 .37
211 20020 20000 02020 20020 .16 .16 .16 .16 .37 .37 .37 .37
212 20020 20000 02020 20020 .16 .16 .16 .16 .37 .37 .37 .37
213 20020 20000 02020 20020 .16 .16 .16 .16 .37 .37 .37 .37
214 20020 20000 02020 20020 .16 .16 .16 .16 .37 .37 .37 .37
215 20020 20000 02020 20020 .16 .16 .16 .16 .37 .37 .37 .37
216 20020 20000 02020 20020 .16 .16 .16 .16 .37 .37 .37 .37
217 20020 20000 02020 20020 .16 .16 .16 .16 .37 .37 .37 .37
218 20020 20000 02020 20020 .16 .16 .16 .16 .37 .37 .37 .37
219 20020 20000 02020 20020 .16 .16 .16 .16 .37 .37 .37 .37
220 20000 20000 00000 20000 .46 .46 .46 .46 .63 .63 .63 .63
221 20000 20000 00000 20000 .46 .46 .46 .46 .63 .63 .63 .63
222 20000 20000 00000 20000 .46 .46 .46 .46 .63 .63 .63 .63
223 20000 20000 00000 20000 .46 .46 .46 .46 .63 .63 .63 .63
224 20000 20000 00000 20000 .46 .46 .46 .46 .63 .63 .63 .63
225 20000 20000 00000 20000 .46 .46 .46 .46 .63 .63 .63 .63
226 20000 20000 00000 20000 .46 .46 .46 .46 .63 .63 .63 .63
227 20000 20000 00000 20000 .46 .46 .46 .46 .63 .63 .63 .63
228 20000 20000 00000 20000 .46 .46 .46 .46 .63 .63 .63 .63
229 20000 20000 00000 20000 .46 .46 .46 .46 .63 .63 .63 .63
230 20000 20000 00000 20000 .46 .46 .46 .46 .63 .63 .63 .63
231 20000 20000 00000 20000 .46 .46 .46 .46 .63 .63 .63 .63
232 20000 20000 00000 20000 .46 .46 .46 .46 .63 .63 .63 .63
