0 00000 00000 00000 00000 1.0 1.0 1.0 1.0 1.0 1.0 1.0 1.0
1 00000 00000 00000 00000 1.0 1.0 1.0 1.0 1.0 1.0 1.0 1.0
2 00000 00000 00000 00000 1.0 1.0 1.0 1.0 1.0 1.0 1.0 1.0
3 00000 00000 00000 00000 1.0 1.0 1.0 1.0 1.0 1.0 1.0 1.0
4 00000 00000 00000 00000 1.0 1.0 1.0 1.0 1.0 1.0 1.0 1.0
5 00000 00000 00000 00000 1.0 1.0 1.0 1.0 1.0 1.0 1.0 1.0
6 00000 00000 00000 00000 1.0 1.0 1.0 1.0 1.0 1.0 1.0 1.0
7 00000 00000 00000 00000 1.0 1.0 1.0 1.0 1.0 1.0 1.0 1.0
8 00000 00000 00000 00000 1.0 1.0 1.0 1.0 1.0 1.0 1.0 1.0
9 00000 00000 00000 00000 1.0 1.0 1.0 1.0 1.0 1.0 1.0 1.0
10 00000 00000 00000 00000 1.0 1.0 1.0 1.0 1.0 1.0 1.0 1.0
11 00000 00000 00000 00000 1.0 1.0 1.0 1.0 1.0 1.0 1.0 1.0
12 00000 00000 00000 00000 1.0 1.0 1.0 1.0 1.0 1.0 1.0 1.0
13 00000 00000 00000 00000 1.0 1.0 1.0 1.0 1.0 1.0 1.0 1.0
14 00000 00000 00000 00000 1.0 1.0 1.0 1.0 1.0 1.0 1.0 1.0
15 00000 00000 00000 00000 1.0 1.0 1.0 1.0 1.0 1.0 1.0 1.0
16 00000 00000 00000 00000 1.0 1.0 1.0 1.0 1.0 1.0 1.0 1.0
17 00000 00000 00000 00000 1.0 1.0 1.0 1.0 1.0 1.0 1.0 1.0
18 00000 00000 00000 00000 1.0 1.0 1.0 1.0 1.0 1.0 1.0 1.0
19 00000 00000 00000 00000 1.0 1.0 1.0 1.0 1.0 1.0 1.0 1.0
20 00000 00000 00000 00000 1.0 1.0 1.0 1.0 1.0 1.0 1.0 1.0
21 00000 00000 00000 00000 1.0 1.0 1.0 1.0 1.0 1.0 1.0 1.0
22 00000 00000 00000 00000 1.0 1.0 1.0 1.0 1.0 1.0 1.0 1.0
23 00000 00000 00000 00000 1.0 1.0 1.0 1.0 1.0 1.0 1.0 1.0
24 00000 00000 00000 00000 1.0 1.0 1.0 1.0 1.0 1.0 1.0 1.0
25 00000 00000 00000 00000 1.0 1.0 1.0 1.0 1.0 1.0 1.0 1.0
26 00000 00000 00000 00000 1.0 1.0 1.0 1.0 1.0 1.0 1.0 1.0
27 00000 00000 00000 00000 1.0 1.0 1.0 1.0 1.0 1.0 1.0 1.0
28 00000 00000 00000 00000 1.0 1.0 1.0 1.0 1.0 1.0 1.0 1.0
29 00000 00000 00000 00000 1.0 1.0 1.0 1.0 1.0 1.0 1.0 1.0
30 00000 00000 00000 00000 1.0 1.0 1.0 1.0 1.0 1.0 1.0 1.0
31 00000 00000 00000 00000 1.0 1.0 1.0 1.0 1.0 1.0 1.0 1.0
32 00000 00000 00000 00000 1.0 1.0 1.0 1.0 1.0 1.0 1.0 1.0
33 00000 00000 00000 00000 1.0 1.0 1.0 1.0 1.0 1.0 1.0 1.0
34 00000 00000 00000 00000 1.0 1.0 1.0 1.0 1.0 1.0 1.0 1.0
35 00000 00000 00000 00000 1.0 1.0 1.0 1.0 1.0 1.0 1.0 1.0
36 00000 00000 00000 00000 1.0 1.0 1.0 1.0 1.0 1.0 1.0 1.0
37 00000 00000 00000 00000 1.0 1.0 1.0 1.0 1.0 1.0 1.0 1.0
38 00000 00000 00000 00000 1.0 1.0 1.0 1.0 1.0 1.0 1.0 1.0
39 00000 00000 00000 00000 1.0 1.0 1.0 1.0 1.0 1.0 1.0 1.0
40 00000 00000 00000 00000 1.0 1.0 1.0 1.0 1.0 1.0 1.0 1.0
41 00000 00000 00000 00000 1.0 1.0 1.0 1.0 1.0 1.0 1.0 1.0
42 00000 00000 00000 00000 1.0 1.0 1.0 1.0 1.0 1.0 1.0 1.0
43 00000 00000 00000 00000 1.0 1.0 1.0 1.0 1.0 1.0 1.0 1.0
44 00000 00000 00000 00000 1.0 1.0 1.0 1.0 1.0 1.0 1.0 1.0
45 00000 00000 00000 00000 1.0 1.0 1.0 1.0 1.0 1.0 1.0 1.0
46 00000 00000 00000 00000 1.0 1.0 1.0 1.0 1.0 1.0 1.0 1.0
47 00000 00000 00000 00000 1.0 1.0 1.0 1.0 1.0 1.0 1.0 1.0
48 00000 00000 00000 00000 1.0 1.0 1.0 1.0 1.0 1.0 1.0 1.0
49 00000 00000 00000 00000 1.0 1.0 1.0 1.0 1.0 1.0 1.0 1.0
50 00000 00000 00000 00000 1.0 1.0 1.0 1.0 1.0 1.0 1.0 1.0
51 00000 00000 00000 00000 1.0 1.0 1.0 1.0 1.0 1.0 1.0 1.0
52 00000 00000 00000 00000 1.0 1.0 1.0 1.0 1.0 1.0 1.0 1.0
53 00000 00000 00000 00000 1.0 1.0 1.0 1.0 1.0 1.0 1.0 1.0
54 00000 00000 00000 00000 1.0 1.0 1.0 1.0 1.0 1.0 1.0 1.0
55 00000 00000 00000 00000 1.0 1.0 1.0 1.0 1.0 1.0 1.0 1.0
56 00000 00000 00000 00000 1.0 1.0 1.0 1.0 1.0 1.0 1.0 1.0
57 00000 00000 00000 00000 1.0 1.0 1.0 1.0 1.0 1.0 1.0 1.0
58 00000 00000 00000 00000 1.0 1.0 1.0 1.0 1.0 1.0 1.0 1.0
59 00000 00000 00000 00000 1.0 1.0 1.0 1.0 1.0 1.0 1.0 1.0
60 00000 00000 00000 00000 1.0 1.0 1.0 1.0 1.0 1.0 1.0 1.0
61 00000 00000 00000 00000 1.0 1.0 1.0 1.0 1.0 1.0 1.0 1.0
62 00000 00000 00000 00000 1.0 1.0 1.0 1.0 1.0 1.0 1.0 1.0
63 00000 00000 00000 00000 1.0 1.0 1.0 1.0 1.0 1.0 1.0 1.0
64 00000 00000 00000 00000 1.0 1.0 1.0 1.0 1.0 1.0 1.0 1.0
65 00000 00000 00000 00000 1.0 1.0 1.0 1.0 1.0 1.0 1.0 1.0
66 00000 00000 00000 00000 1.0 1.0 1.0 1.0 1.0 1.0 1.0 1.0
67 00000 00000 00000 00000 1.0 1.0 1.0 1.0 1.0 1.0 1.0 1.0
68 00000 00000 00000 00000 1.0 1.0 1.0 1.0 1.0 1.0 1.0 1.0
69 00000 00000 00000 00000 1.0 1.0 1.0 1.0 1.0 1.0 1.0 1.0
70 00000 00000 00000 00000 1.0 1.0 1.0 1.0 1.0 1.0 1.0 1.0
71 00000 00000 00000 00000 1.0 1.0 1.0 1.0 1.0 1.0 1.0 1.0
72 00000 00000 00000 00000 1.0 1.0 1.0 1.0 1.0 1.0 1.0 1.0
73 00000 00000 00000 00000 1.0 1.0 1.0 1.0 1.0 1.0 1.0 1.0
74 00000 00000 00000 00000 1.0 1.0 1.0 1.0 1.0 1.0 1.0 1.0
75 00000 00000 00000 00000 1.0 1.0 1.0 1.0 1.0 1.0 1.0 1.0
76 00000 00000 00000 00000 1.0 1.0 1.0 1.0 1.0 1.0 1.0 1.0
77 00000 00000 00000 00000 1.0 1.0 1.0 1.0 1.0 1.0 1.0 1.0
78 00000 00000 00000 00000 1.0 1.0 1.0 1.0 1.0 1.0 1.0 1.0
79 00000 00000 00000 00000 1.0 1.0 1.0 1.0 1.0 1.0 1.0 1.0
80 00000 00000 00000 00000 1.0 1.0 1.0 1.0 1.0 1.0 1.0 1.0
81 00000 00000 00000 00000 1.0 1.0 1.0 1.0 1.0 1.0 1.0 1.0
82 00000 00000 00000 00000 1.0 1.0 1.0 1.0 1.0 1.0 1.0 1.0
83 00000 00000 00000 00000 1.0 1.0 1.0 1.0 1.0 1.0 1.0 1.0
84 00000 00000 00000 00000 1.0 1.0 1.0 1.0 1.0 1.0 1.0 1.0
85 00000 00000 00000 00000 1.0 1.0 1.0 1.0 1.0 1.0 1.0 1.0
86 00000 00000 00000 00000 1.0 1.0 1.0 1.0 1.0 1.0 1.0 1.0
87 00000 00000 00000 00000 1.0 1.0 1.0 1.0 1.0 1.0 1.0 1.0
88 00000 00000 00000 00000 1.0 1.0 1.0 1.0 1.0 1.0 1.0 1.0
89 00000 00000 00000 00000 1.0 1.0 1.0 1.0 1.0 1.0 1.0 1.0
90 00000 00000 00000 00000 1.0 1.0 1.0 1.0 1.0 1.0 1.0 1.0
91 00000 00000 00000 00000 1.0 1.0 1.0 1.0 1.0 1.0 1.0 1.0
92 00000 00000 00000 00000 1.0 1.0 1.0 1.0 1.0 1.0 1.0 1.0
93 00000 00000 00000 00000 1.0 1.0 1.0 1.0 1.0 1.0 1.0 1.0
94 00000 00000 00000 00000 1.0 1.0 1.0 1.0 1.0 1.0 1.0 1.0
95 00000 00000 00000 00000 1.0 1.0 1.0 1.0 1.0 1.0 1.0 1.0
96 00000 00000 00000 00000 1.0 1.0 1.0 1.0 1.0 1.0 1.0 1.0
97 00000 00000 00000 00000 1.0 1.0 1.0 1.0 1.0 1.0 1.0 1.0
98 00000 00000 00000 00000 1.0 1.0 1.0 1.0 1.0 1.0 1.0 1.0
99 00000 00000 00000 00000 1.0 1.0 1.0 1.0 1.0 1.0 1.0 1.0
100 00000 00000 00000 00000 1.0 1.0 1.0 1.0 1.0 1.0 1.0 1.0
101 00000 00000 00000 00000 1.0 1.0 1.0 1.0 1.0 1.0 1.0 1.0
102 00000 00000 00000 00000 1.0 1.0 1.0 1.0 1.0 1.0 1.0 1.0
103 00000 00000 00000 00000 1.0 1.0 1.0 1.0 1.0 1.0 1.0 1.0
104 00000 00000 00000 00000 1.0 1.0 1.0 1.0 1.0 1.0 1.0 1.0
105 00000 00000 00000 00000 1.0 1.0 1.0 1.0 1.0 1.0 1.0 1.0
106 00000 00000 00000 00000 1.0 1.0 1.0 1.0 1.0 1.0 1.0 1.0
107 00000 00000 00000 00000 1.0 1.0 1.0 1.0 1.0 1.0 1.0 1.0
108 00000 00000 00000 00000 1.0 1.0 1.0 1.0 1.0 1.0 1.0 1.0
109 00000 00000 00000 00000 1.0 1.0 1.0 1.0 1.0 1.0 1.0 1.0
110 00000 00000 00000 00000 1.0 1.0 1.0 1.0 1.0 1.0 1.0 1.0
111 00000 00000 00000 00000 1.0 1.0 1.0 1.0 1.0 1.0 1.0 1.0
112 00000 00000 00000 00000 1.0 1.0 1.0 1.0 1.0 1.0 1.0 1.0
113 00000 00000 00000 00000 1.0 1.0 1.0 1.0 1.0 1.0 1.0 1.0
114 00000 00000 00000 00000 1.0 1.0 1.0 1.0 1.0 1.0 1.0 1.0
115 00000 00000 00000 00000 1.0 1.0 1.0 1.0 1.0 1.0 1.0 1.0
116 00000 00000 00000 00000 1.0 1.0 1.0 1.0 1.0 1.0 1.0 1.0
117 00000 00000 00000 00000 1.0 1.0 1.0 1.0 1.0 1.0 1.0 1.0
118 00000 00000 00000 00000 1.0 1.0 1.0 1.0 1.0 1.0 1.0 1.0
119 00000 00000 00000 00000 1.0 1.0 1.0 1.0 1.0 1.0 1.0 1.0
120 00000 00000 00000 00000 1.0 1.0 1.0 1.0 1.0 1.0 1.0 1.0
121 00000 00000 00000 00000 1.0 1.0 1.0 1.0 1.0 1.0 1.0 1.0
122 00000 00000 00000 00000 1.0 1.0 1.0 1.0 1.0 1.0 1.0 1.0
123 00000 00000 00000 00000 1.0 1.0 1.0 1.0 1.0 1.0 1.0 1.0
124 00000 00000 00000 00000 1.0 1.0 1.0 1.0 1.0 1.0 1.0 1.0
125 00000 00000 00000 00000 1.0 1.0 1.0 1.0 1.0 1.0 1.0 1.0
126 00000 00000 00000 00000 1.0 1.0 1.0 1.0 1.0 1.0 1.0 1.0
127 00000 00000 00020 00000 1.0 1.0 1.0 1.0 1.0 1.0 1.0 1.0
128 00000 00000 00020 00000 1.0 1.0 1.0 1.0 1.0 1.0 1.0 1.0
129 00000 00000 00020 00000 1.0 1.0 1.0 1.0 1.0 1.0 1.0 1.0
130 00000 00000 00020 00000 1.0 1.0 1.0 1.0 1.0 1.0 1.0 1.0
131 00000 00000 00020 00000 1.0 1.0 1.0 1.0 1.0 1.0 1.0 1.0
132 00000 00000 00020 00000 1.0 1.0 1.0 1.0 1.0 1.0 1.0 1.0
133 00000 00000 00020 00000 1.0 1.0 1.0 1.0 1.0 1.0 1.0 1.0
134 00000 00000 00020 00000 1.0 1.0 1.0 1.0 1.0 1.0 1.0 1.0
135 00000 00000 00020 00000 1.0 1.0 1.0 1.0 1.0 1.0 1.0 1.0
136 00000 00000 00020 00000 1.0 1.0 1.0 1.0 1.0 1.0 1.0 1.0
137 00000 00000 00020 00000 1.0 1.0 1.0 1.0 1.0 1.0 1.0 1.0
138 00000 00000 00020 00000 1.0 1.0 1.0 1.0 1.0 1.0 1.0 1.0
139 00000 00000 00020 00000 1.0 1.0 1.0 1.0 1.0 1.0 1.0 1.0
140 00000 00000 00020 00000 1.0 1.0 1.0 1.0 1.0 1.0 1.0 1.0
141 00000 00000 00020 00000 1.0 1.0 1.0 1.0 1.0 1.0 1.0 1.0
142 00000 00000 00020 00000 1.0 1.0 1.0 1.0 1.0 1.0 1.0 1.0
143 00000 00000 00020 00000 1.0 1.0 1.0 1.0 1.0 1.0 1.0 1.0
144 00000 00000 00020 00000 1.0 1.0 1.0 1.0 1.0 1.0 1.0 1.0
145 00000 00000 00020 00000 1.0 1.0 1.0 1.0 1.0 1.0 1.0 1.0
146 00000 00000 00020 00000 1.0 1.0 1.0 1.0 1.0 1.0 1.0 1.0
147 00000 00000 00020 00000 1.0 1.0 1.0 1.0 1.0 1.0 1.0 1.0
148 00000 00000 00020 00000 1.0 1.0 1.0 1.0 1.0 1.0 1.0 1.0
149 00000 00000 00020 00000 1.0 1.0 1.0 1.0 1.0 1.0 1.0 1.0
150 00000 00000 00020 00000 1.0 1.0 1.0 1.0 1.0 1.0 1.0 1.0
151 00000 00000 00020 00000 1.0 1.0 1.0 1.0 1.0 1.0 1.0 1.0
152 00000 00000 00020 00000 1.0 1.0 1.0 1.0 1.0 1.0 1.0 1.0
153 00000 00000 00020 00000 1.0 1.0 1.0 1.0 1.0 1.0 1.0 1.0
154 00000 00000 00020 00000 1.0 1.0 1.0 1.0 1.0 1.0 1.0 1.0
155 00000 00000 00020 00000 1.0 1.0 1.0 1.0 1.0 1.0 1.0 1.0
156 00000 00000 00020 00000 1.0 1.0 1.0 1.0 1.0 1.0 1.0 1.0
157 00000 00000 00020 00000 1.0 1.0 1.0 1.0 1.0 1.0 1.0 1.0
158 00000 00000 00020 00000 1.0 1.0 1.0 1.0 1.0 1.0 1.0 1.0
159 00000 00000 00020 00000 1.0 1.0 1.0 1.0 1.0 1.0 1.0 1.0
160 00000 00000 00020 00000 1.0 1.0 1.0 1.0 1.0 1.0 1.0 1.0
161 00000 00000 00020 00000 1.0 1.0 1.0 1.0 1.0 1.0 1.0 1.0
162 00000 00000 00020 00000 1.0 1.0 1.0 1.0 1.0 1.0 1.0 1.0
163 00000 00000 00020 00000 1.0 1.0 1.0 1.0 1.0 1.0 1.0 1.0
164 00000 00000 00020 00000 1.0 1.0 1.0 1.0 1.0 1.0 1.0 1.0
165 00000 00000 00020 00000 1.0 1.0 1.0 1.0 1.0 1.0 1.0 1.0
166 00000 00000 00020 00000 1.0 1.0 1.0 1.0 1.0 1.0 1.0 1.0
167 00000 00000 00020 00000 1.0 1.0 1.0 1.0 1.0 1.0 1.0 1.0
168 00000 00000 00020 00000 1.0 1.0 1.0 1.0 1.0 1.0 1.0 1.0
169 00000 00000 00020 00000 1.0 1.0 1.0 1.0 1.0 1.0 1.0 1.0
170 00000 00000 00020 00000 1.0 1.0 1.0 1.0 1.0 1.0 1.0 1.0
171 00000 00000 00020 00000 1.0 1.0 1.0 1.0 1.0 1.0 1.0 1.0
172 00000 00000 00020 00000 1.0 1.0 1.0 1.0 1.0 1.0 1.0 1.0
173 00000 00000 00020 00000 1.0 1.0 1.0 1.0 1.0 1.0 1.0 1.0
174 00000 00000 00020 00000 1.0 1.0 1.0 1.0 1.0 1.0 1.0 1.0
175 00000 00000 00020 00000 1.0 1.0 1.0 1.0 1.0 1.0 1.0 1.0
176 00000 00000 00020 00000 1.0 1.0 1.0 1.0 1.0 1.0 1.0 1.0
177 00000 00000 00020 00000 1.0 1.0 1.0 1.0 1.0 1.0 1.0 1.0
178 00000 00000 00020 00000 1.0 1.0 1.0 1.0 1.0 1.0 1.0 1.0
179 00000 00000 00020 00000 1.0 1.0 1.0 1.0 1.0 1.0 1.0 1.0
180 00200 00200 00020 00200 .22 .22 .22 .22 .41 .41 .41 .41
181 00200 00200 00020 00200 .22 .22 .22 .22 .41 .41 .41 .41
182 00200 00200 00020 00200 .22 .22 .22 .22 .41 .41 .41 .41
183 00200 00200 00020 00200 .22 .22 .22 .22 .41 .41 .41 .41
184 00200 00200 00020 00200 .22 .22 .22 .22 .41 .41 .41 .41
185 00200 00200 00020 00200 .22 .22 .22 .22 .41 .41 .41 .41
186 00200 00200 00020 00200 .22 .22 .22 .22 .41 .41 .41 .41
187 00200 00200 00020 00200 .22 .22 .22 .22 .41 .41 .41 .41
188 00200 00200 00020 00200 .22 .22 .22 .22 .41 .41 .41 .41
189 00200 00200 00020 00200 .22 .22 .22 .22 .41 .41 .41 .41
190 00200 00200 00020 00200 .22 .22 .22 .22 .41 .41 .41 .41
191 00200 00200 00000 00200 .46 .46 .46 .46 .63 .63 .63 .63
192 00200 00200 00000 00200 .46 .46 .46 .46 .63 .63 .63 .63
193 00200 00200 00000 00200 .46 .46 .46 .46 .63 .63 .63 .63
194 00200 00200 00000 00200 .46 .46 .46 .46 .63 .63 .63 .63
195 00200 00200 00000 00200 .46 .46 .46 .46 .63 .63 .63 .63
196 00200 00200 00000 00200 .46 .46 .46 .46 .63 .63 .63 .63
197 00200 00200 00000 00200 .46 .46 .46 .46 .63 .63 .63 .63
198 00200 00200 00000 00200 .46 .46 .46 .46 .63 .63 .63 .63
199 00200 00200 00000 00200 .46 .46 .46 .46 .63 .63 .63 .63
200 00200 00200 00000 00200 .46 .46 .46 .46 .63 .63 .63 .63
201 00200 00200 00000 00200 .46 .46 .46 .46 .63 .63 .63 .63
202 00200 00200 00000 00200 .46 .46 .46 .46 .63 .63 .63 .63
203 00200 00200 00000 00200 .46 .46 .46 .46 .63 .63 .63 .63
204 00200 00200 00000 00200 .46 .46 .46 .46 .63 .63 .63 .63
205 00200 00200 00000 00200 .46 .46 .46 .46 .63 .63 .63 .63
206 00200 00200 00020 00200 .22 .22 .22 .22 .41 .41 .41 .41
207 00200 00200 00020 00200 .22 .22 .22 .22 .41 .41 .41 .41
208 00200 00200 00020 00200 .22 .22 .22 .22 .41 .41 .41 .41
209 00200 00200 00020 00200 .22 .22 .22 .22 .41 .41 .41 .41
210 00200 00200 00020 00200 .22 .22 .22 .22 .41 .41 .41 .41
211 00200 00200 00020 00200 .22 .22 .22 .22 .41 .41 .41 .41
212 00200 00200 00020 00200 .22 .22 .22 .22 .41 .41 .41 .41
213 00200 00200 00020 00200 .22 .22 .22 .22 .41 .41 .41 .41
214 00200 00200 00020 00200 .22 .22 .22 .22 .41 .41 .41 .41
215 00200 00200 00020 00200 .22 .22 .22 .22 .41 .41 .41 .41
216 00200 00200 00020 00200 .22 .22 .22 .22 .41 .41 .41 .41
217 00200 00200 00020 00200 .22 .22 .22 .22 .41 .41 .41 .41
218 00200 00200 00020 00200 .22 .22 .22 .22 .41 .41 .41 .41
219 00200 00200 00020 00200 .22 .22 .22 .22 .41 .41 .41 .41
220 00200 00200 00020 00200 .22 .22 .22 .22 .41 .41 .41 .41
221 00200 00200 00020 00200 .22 .22 .22 .22 .41 .41 .41 .41
222 00200 00200 00020 00200 .22 .22 .22 .22 .41 .41 .41 .41
223 00200 00200 00020 00200 .22 .22 .22 .22 .41 .41 .41 .41
224 00200 00200 00020 00200 .22 .22 .22 .22 .41 .41 .41 .41
225 00200 00200 00020 00200 .22 .22 .22 .22 .41 .41 .41 .41
226 00200 00200 00020 00200 .22 .22 .22 .22 .41 .41 .41 .41
227 00200 00200 00020 00200 .22 .22 .22 .22 .41 .41 .41 .41
228 00200 00200 00020 00200 .22 .22 .22 .22 .41 .41 .41 .41
229 00200 00200 00020 00200 .22 .22 .22 .22 .41 .41 .41 .41
230 00200 00200 00020 00200 .22 .22 .22 .22 .41 .41 .41 .41
231 00200 00200 00020 00200 .22 .22 .22 .22 .41 .41 .41 .41
232 00200 00200 00020 00200 .22 .22 .22 .22 .41 .41 .41 .41
233 00200 00200 00020 00200 .22 .22 .22 .22 .41 .41 .41 .41
234 00200 00200 00020 00200 .22 .22 .22 .22 .41 .41 .41 .41
235 00200 00200 00020 00200 .22 .22 .22 .22 .41 .41 .41 .41
236 00200 00200 00200 00200 1.00 1.00 1.00 1.00 1.00 1.00 1.00 1.00
237 00200 00200 00200 00200 1.00 1.00 1.00 1.00 1.00 1.00 1.00 1.00
238 00200 00200 00200 00200 1.00 1.00 1.00 1.00 1.00 1.00 1.00 1.00
239 00200 00200 00200 00200 1.00 1.00 1.00 1.00 1.00 1.00 1.00 1.00
240 00200 00200 00200 00200 1.00 1.00 1.00 1.00 1.00 1.00 1.00 1.00
241 00200 00200 00200 00200 1.00 1.00 1.00 1.00 1.00 1.00 1.00 1.00
242 00200 00200 00200 00200 1.00 1.00 1.00 1.00 1.00 1.00 1.00 1.00
243 00200 00200 00200 00200 1.00 1.00 1.00 1.00 1.00 1.00 1.00 1.00
244 00200 00200 00200 00200 1.00 1.00 1.00 1.00 1.00 1.00 1.00 1.00
245 00200 00200 00200 00200 1.00 1.00 1.00 1.00 1.00 1.00 1.00 1.00
246 00200 00200 00200 00200 1.00 1.00 1.00 1.00 1.00 1.00 1.00 1.00
247 00200 00200 00200 00200 1.00 1.00 1.00 1.00 1.00 1.00 1.00 1.00
248 00200 00200 00200 00200 1.00 1.00 1.00 1.00 1.00 1.00 1.00 1.00
249 00200 00200 00200 00200 1.00 1.00 1.00 1.00 1.00 1.00 1.00 1.00
250 00200 00200 00200 00200 1.00 1.00 1.00 1.00 1.00 1.00 1.00 1.00
251 00200 00200 00000 00200 .46 .46 .46 .46 .63 .63 .63 .63
252 00200 00200 00000 00200 .46 .46 .46 .46 .63 .63 .63 .63
253 00200 00200 00000 00200 .46 .46 .46 .46 .63 .63 .63 .63
254 00200 00200 00000 00200 .46 .46 .46 .46 .63 .63 .63 .63
255 00200 00200 00000 00200 .46 .46 .46 .46 .63 .63 .63 .63
256 00200 00200 00000 00200 .46 .46 .46 .46 .63 .63 .63 .63
257 00200 00200 00000 00200 .46 .46 .46 .46 .63 .63 .63 .63
258 00200 00200 00000 00200 .46 .46 .46 .46 .63 .63 .63 .63
259 00200 00200 00000 00200 .46 .46 .46 .46 .63 .63 .63 .63
260 00200 00200 00000 00200 .46 .46 .46 .46 .63 .63 .63 .63
261 00200 00200 00000 00200 .46 .46 .46 .46 .63 .63 .63 .63
262 00200 00200 00000 00200 .46 .46 .46 .46 .63 .63 .63 .63
263 00200 00200 00000 00200 .46 .46 .46 .46 .63 .63 .63 .63
264 00200 00200 00000 00200 .46 .46 .46 .46 .63 .63 .63 .63
265 00200 00200 00000 00200 .46 .46 .46 .46 .63 .63 .63 .63
266 00200 00200 00200 00200 1.00 1.00 1.00 1.00 1.00 1.00 1.00 1.00
267 00200 00200 00200 00200 1.00 1.00 1.00 1.00 1.00 1.00 1.00 1.00
268 00200 00200 00200 00200 1.00 1.00 1.00 1.00 1.00 1.00 1.00 1.00
269 00200 00200 00200 00200 1.00 1.00 1.00 1.00 1.00 1.00 1.00 1.00
270 00200 00200 00200 00200 1.00 1.00 1.00 1.00 1.00 1.00 1.00 1.00
271 00200 00200 00200 00200 1.00 1.00 1.00 1.00 1.00 1.00 1.00 1.00
272 00200 00200 00200 00200 1.00 1.00 1.00 1.00 1.00 1.00 1.00 1.00
273 00200 00200 00200 00200 1.00 1.00 1.00 1.00 1.00 1.00 1.00 1.00
274 00200 00200 00200 00200 1.00 1.00 1.00 1.00 1.00 1.00 1.00 1.00
275 00200 00200 00200 00200 1.00 1.00 1.00 1.00 1.00 1.00 1.00 1.00
276 00200 00200 00200 00200 1.00 1.00 1.00 1.00 1.00 1.00 1.00 1.00
277 00200 00200 00200 00200 1.00 1.00 1.00 1.00 1.00 1.00 1.00 1.00
278 00200 00200 00200 00200 1.00 1.00 1.00 1.00 1.00 1.00 1.00 1.00
279 00200 00200 00200 00200 1.00 1.00 1.00 1.00 1.00 1.00 1.00 1.00
280 00200 00200 00200 00200 1.00 1.00 1.00 1.00 1.00 1.00 1.00 1.00
281 00200 00200 00200 00200 1.00 1.00 1.00 1.00 1.00 1.00 1.00 1.00
282 00200 00200 00200 00200 1.00 1.00 1.00 1.00 1.00 1.00 1.00 1.00
283 00200 00200 00200 00200 1.00 1.00 1.00 1.00 1.00 1.00 1.00 1.00
284 00200 00200 00200 00200 1.00 1.00 1.00 1.00 1.00 1.00 1.00 1.00
285 00200 00200 00200 00200 1.00 1.00 1.00 1.00 1.00 1.00 1.00 1.00
286 00200 00200 00200 00200 1.00 1.00 1.00 1.00 1.00 1.00 1.00 1.00
287 00200 00200 00200 00200 1.00 1.00 1.00 1.00 1.00 1.00 1.00 1.00
288 00200 00200 00200 00200 1.00 1.00 1.00 1.00 1.00 1.00 1.00 1.00
289 00200 00200 00200 00200 1.00 1.00 1.00 1.00 1.00 1.00 1.00 1.00
290 00200 00200 00200 00200 1.00 1.00 1.00 1.00 1.00 1.00 1.00 1.00
291 00200 00200 00200 00200 1.00 1.00 1.00 1.00 1.00 1.00 1.00 1.00
292 00200 00200 00200 00200 1.00 1.00 1.00 1.00 1.00 1.00 1.00 1.00
293 00200 00200 00200 00200 1.00 1.00 1.00 1.00 1.00 1.00 1.00 1.00
294 00200 00200 00200 00200 1.00 1.00 1.00 1.00 1.00 1.00 1.00 1.00
295 00200 00200 00200 00200 1.00 1.00 1.00 1.00 1.00 1.00 1.00 1.00
296 00200 00200 00200 00200 1.00 1.00 1.00 1.00 1.00 1.00 1.00 1.00
297 00200 00200 00200 00200 1.00 1.00 1.00 1.00 1.00 1.00 1.00 1.00
298 00200 00200 00200 00200 1.00 1.00 1.00 1.00 1.00 1.00 1.00 1.00
299 00200 00200 00200 00200 1.00 1.00 1.00 1.00 1.00 1.00 1.00 1.00
300 00200 00200 00200 00200 1.00 1.00 1.00 1.00 1.00 1.00 1.00 1.00
301 00200 00200 00200 00200 1.00 1.00 1.00 1.00 1.00 1.00 1.00 1.00
302 00200 00200 00200 00200 1.00 1.00 1.00 1.00 1.00 1.00 1.00 1.00
303 00200 00200 00200 00200 1.00 1.00 1.00 1.00 1.00 1.00 1.00 1.00
304 00200 00200 00200 00200 1.00 1.00 1.00 1.00 1.00 1.00 1.00 1.00
305 00200 00200 00200 00200 1.00 1.00 1.00 1.00 1.00 1.00 1.00 1.00
306 00200 00200 00200 00200 1.00 1.00 1.00 1.00 1.00 1.00 1.00 1.00
307 00200 00200 00200 00200 1.00 1.00 1.00 1.00 1.00 1.00 1.00 1.00
308 00200 00200 00200 00200 1.00 1.00 1.00 1.00 1.00 1.00 1.00 1.00
309 00200 00200 00200 00200 1.00 1.00 1.00 1.00 1.00 1.00 1.00 1.00
310 02200 00200 00200 00200 .68 .68 .68 .68 .75 .75 .75 .75
311 02200 00200 00200 00200 .68 .68 .68 .68 .75 .75 .75 .75
312 02200 00200 00200 00200 .68 .68 .68 .68 .75 .75 .75 .75
313 02200 00200 00200 00200 .68 .68 .68 .68 .75 .75 .75 .75
314 02200 00200 00200 00200 .68 .68 .68 .68 .75 .75 .75 .75
315 02200 00200 00200 00200 .68 .68 .68 .68 .75 .75 .75 .75
316 02200 00200 00200 00200 .68 .68 .68 .68 .75 .75 .75 .75
317 02200 00200 00200 00200 .68 .68 .68 .68 .75 .75 .75 .75
318 02200 00200 00200 00200 .68 .68 .68 .68 .75 .75 .75 .75
319 02200 00200 00200 00200 .68 .68 .68 .68 .75 .75 .75 .75
320 20200 20200 00200 20200 .72 .72 .72 .72 .79 .79 .79 .79
321 20200 20200 00200 20200 .72 .72 .72 .72 .79 .79 .79 .79
322 20200 20200 00200 20200 .72 .72 .72 .72 .79 .79 .79 .79
323 20200 20200 00200 20200 .72 .72 .72 .72 .79 .79 .79 .79
324 20200 20200 00200 20200 .72 .72 .72 .72 .79 .79 .79 .79
325 20200 20200 00200 20200 .72 .72 .72 .72 .79 .79 .79 .79
326 20200 20200 02020 20200 -0.04 -0.04 -0.04 -0.04 .21 .21 .21 .21
327 20200 20200 02020 20200 -0.04 -0.04 -0.04 -0.04 .21 .21 .21 .21
328 20200 20200 02020 20200 -0.04 -0.04 -0.04 -0.04 .21 .21 .21 .21
329 20200 20200 02020 20200 -0.04 -0.04 -0.04 -0.04 .21 .21 .21 .21
330 20000 20000 02020 20000 .05 .05 .05 .05 .24 .24 .24 .24
331 20000 20000 02020 20000 .05 .05 .05 .05 .24 .24 .24 .24
332 20000 20000 02020 20000 .05 .05 .05 .05 .24 .24 .24 .24
333 20000 20000 02020 20000 .05 .05 .05 .05 .24 .24 .24 .24
334 20000 20000 02020 20000 .05 .05 .05 .05 .24 .24 .24 .24
335 20000 20000 02020 20000 .05 .05 .05 .05 .24 .24 .24 .24
336 20000 20000 02020 20000 .05 .05 .05 .05 .24 .24 .24 .24
337 20000 20000 02020 20000 .05 .05 .05 .05 .24 .24 .24 .24
338 20000 20000 02020 20000 .05 .05 .05 .05 .24 .24 .24 .24
339 20000 20000 02020 20000 .05 .05 .05 .05 .24 .24 .24 .24
340 20000 20000 02020 20000 .05 .05 .05 .05 .24 .24 .24 .24
341 20000 20000 00000 20000 .46 .46 .46 .46 .63 .63 .63 .63
342 20000 20000 00000 20000 .46 .46 .46 .46 .63 .63 .63 .63
343 20000 20000 00000 20000 .46 .46 .46 .46 .63 .63 .63 .63
344 20000 20000 00000 20000 .46 .46 .46 .46 .63 .63 .63 .63
