0 00000 00000 00000 00000 1.0 1.0 1.0 1.0 1.0 1.0 1.0 1.0
1 00000 00000 00000 00000 1.0 1.0 1.0 1.0 1.0 1.0 1.0 1.0
2 00000 00000 00000 00000 1.0 1.0 1.0 1.0 1.0 1.0 1.0 1.0
3 00000 00000 00000 00000 1.0 1.0 1.0 1.0 1.0 1.0 1.0 1.0
4 00000 00000 00000 00000 1.0 1.0 1.0 1.0 1.0 1.0 1.0 1.0
5 00000 00000 00000 00000 1.0 1.0 1.0 1.0 1.0 1.0 1.0 1.0
6 00000 00000 00000 00000 1.0 1.0 1.0 1.0 1.0 1.0 1.0 1.0
7 00000 00000 00000 00000 1.0 1.0 1.0 1.0 1.0 1.0 1.0 1.0
8 00000 00000 00000 00000 1.0 1.0 1.0 1.0 1.0 1.0 1.0 1.0
9 00000 00000 00000 00000 1.0 1.0 1.0 1.0 1.0 1.0 1.0 1.0
10 00000 00000 00000 00000 1.0 1.0 1.0 1.0 1.0 1.0 1.0 1.0
11 00000 00000 00000 00000 1.0 1.0 1.0 1.0 1.0 1.0 1.0 1.0
12 00000 00000 00000 00000 1.0 1.0 1.0 1.0 1.0 1.0 1.0 1.0
13 00000 00000 00000 00000 1.0 1.0 1.0 1.0 1.0 1.0 1.0 1.0
14 00000 00000 00000 00000 1.0 1.0 1.0 1.0 1.0 1.0 1.0 1.0
15 00000 00000 00000 00000 1.0 1.0 1.0 1.0 1.0 1.0 1.0 1.0
16 00000 00000 00000 00000 1.0 1.0 1.0 1.0 1.0 1.0 1.0 1.0
17 00000 00000 00000 00000 1.0 1.0 1.0 1.0 1.0 1.0 1.0 1.0
18 00000 00000 00000 00000 1.0 1.0 1.0 1.0 1.0 1.0 1.0 1.0
19 00000 00000 00000 00000 1.0 1.0 1.0 1.0 1.0 1.0 1.0 1.0
20 00000 00000 00000 00000 1.0 1.0 1.0 1.0 1.0 1.0 1.0 1.0
21 00000 00000 00000 00000 1.0 1.0 1.0 1.0 1.0 1.0 1.0 1.0
22 00000 00000 00000 00000 1.0 1.0 1.0 1.0 1.0 1.0 1.0 1.0
23 00000 00000 00000 00000 1.0 1.0 1.0 1.0 1.0 1.0 1.0 1.0
24 00000 00000 00000 00000 1.0 1.0 1.0 1.0 1.0 1.0 1.0 1.0
25 00000 00000 00000 00000 1.0 1.0 1.0 1.0 1.0 1.0 1.0 1.0
26 00000 00000 00000 00000 1.0 1.0 1.0 1.0 1.0 1.0 1.0 1.0
27 00000 00000 00000 00000 1.0 1.0 1.0 1.0 1.0 1.0 1.0 1.0
28 00000 00000 00000 00000 1.0 1.0 1.0 1.0 1.0 1.0 1.0 1.0
29 00000 00000 00000 00000 1.0 1.0 1.0 1.0 1.0 1.0 1.0 1.0
30 00000 00000 00000 00000 1.0 1.0 1.0 1.0 1.0 1.0 1.0 1.0
31 00000 00000 00000 00000 1.0 1.0 1.0 1.0 1.0 1.0 1.0 1.0
32 00000 00000 00000 00000 1.0 1.0 1.0 1.0 1.0 1.0 1.0 1.0
33 00000 00000 00000 00000 1.0 1.0 1.0 1.0 1.0 1.0 1.0 1.0
34 00000 00000 00000 00000 1.0 1.0 1.0 1.0 1.0 1.0 1.0 1.0
35 00000 00000 00000 00000 1.0 1.0 1.0 1.0 1.0 1.0 1.0 1.0
36 00000 00000 00000 00000 1.0 1.0 1.0 1.0 1.0 1.0 1.0 1.0
37 00000 00000 00000 00000 1.0 1.0 1.0 1.0 1.0 1.0 1.0 1.0
38 00000 00000 00000 00000 1.0 1.0 1.0 1.0 1.0 1.0 1.0 1.0
39 00000 00000 00000 00000 1.0 1.0 1.0 1.0 1.0 1.0 1.0 1.0
40 00000 00000 00000 00000 1.0 1.0 1.0 1.0 1.0 1.0 1.0 1.0
41 00000 00000 00000 00000 1.0 1.0 1.0 1.0 1.0 1.0 1.0 1.0
42 00000 00000 00000 00000 1.0 1.0 1.0 1.0 1.0 1.0 1.0 1.0
43 00000 00000 00000 00000 1.0 1.0 1.0 1.0 1.0 1.0 1.0 1.0
44 00000 00000 00000 00000 1.0 1.0 1.0 1.0 1.0 1.0 1.0 1.0
45 00000 00000 00000 00000 1.0 1.0 1.0 1.0 1.0 1.0 1.0 1.0
46 00000 00000 00000 00000 1.0 1.0 1.0 1.0 1.0 1.0 1.0 1.0
47 00000 00000 00000 00000 1.0 1.0 1.0 1.0 1.0 1.0 1.0 1.0
48 00000 00000 00000 00000 1.0 1.0 1.0 1.0 1.0 1.0 1.0 1.0
49 00000 00000 00000 00000 1.0 1.0 1.0 1.0 1.0 1.0 1.0 1.0
50 00000 00000 00000 00000 1.0 1.0 1.0 1.0 1.0 1.0 1.0 1.0
51 00000 00000 00000 00000 1.0 1.0 1.0 1.0 1.0 1.0 1.0 1.0
52 00000 00000 00000 00000 1.0 1.0 1.0 1.0 1.0 1.0 1.0 1.0
53 00000 00000 00000 00000 1.0 1.0 1.0 1.0 1.0 1.0 1.0 1.0
54 00000 00000 00000 00000 1.0 1.0 1.0 1.0 1.0 1.0 1.0 1.0
55 00000 00000 00000 00000 1.0 1.0 1.0 1.0 1.0 1.0 1.0 1.0
56 00000 00000 00000 00000 1.0 1.0 1.0 1.0 1.0 1.0 1.0 1.0
57 00000 00000 00000 00000 1.0 1.0 1.0 1.0 1.0 1.0 1.0 1.0
58 00000 00000 00000 00000 1.0 1.0 1.0 1.0 1.0 1.0 1.0 1.0
59 00000 00000 00000 00000 1.0 1.0 1.0 1.0 1.0 1.0 1.0 1.0
60 00000 00000 00000 00000 1.0 1.0 1.0 1.0 1.0 1.0 1.0 1.0
61 00000 00000 00000 00000 1.0 1.0 1.0 1.0 1.0 1.0 1.0 1.0
62 00000 00000 00000 00000 1.0 1.0 1.0 1.0 1.0 1.0 1.0 1.0
63 00000 00000 00000 00000 1.0 1.0 1.0 1.0 1.0 1.0 1.0 1.0
64 00000 00000 00000 00000 1.0 1.0 1.0 1.0 1.0 1.0 1.0 1.0
65 00000 00000 00000 00000 1.0 1.0 1.0 1.0 1.0 1.0 1.0 1.0
66 00000 00000 00000 00000 1.0 1.0 1.0 1.0 1.0 1.0 1.0 1.0
67 00000 00000 00000 00000 1.0 1.0 1.0 1.0 1.0 1.0 1.0 1.0
68 00000 00000 00000 00000 1.0 1.0 1.0 1.0 1.0 1.0 1.0 1.0
69 00000 00000 00000 00000 1.0 1.0 1.0 1.0 1.0 1.0 1.0 1.0
70 00000 00000 00000 00000 1.0 1.0 1.0 1.0 1.0 1.0 1.0 1.0
71 00000 00000 00000 00000 1.0 1.0 1.0 1.0 1.0 1.0 1.0 1.0
72 00000 00000 00000 00000 1.0 1.0 1.0 1.0 1.0 1.0 1.0 1.0
73 00000 00000 00000 00000 1.0 1.0 1.0 1.0 1.0 1.0 1.0 1.0
74 00000 00000 00000 00000 1.0 1.0 1.0 1.0 1.0 1.0 1.0 1.0
75 00000 00000 00020 00000 1.0 1.0 1.0 1.0 1.0 1.0 1.0 1.0
76 00000 00000 00020 00000 1.0 1.0 1.0 1.0 1.0 1.0 1.0 1.0
77 00000 00000 00020 00000 1.0 1.0 1.0 1.0 1.0 1.0 1.0 1.0
78 00000 00000 00020 00000 1.0 1.0 1.0 1.0 1.0 1.0 1.0 1.0
79 00000 00000 00020 00000 1.0 1.0 1.0 1.0 1.0 1.0 1.0 1.0
80 00020 00020 00020 00020 1.00 1.00 1.00 1.00 1.00 1.00 1.00 1.00
81 00020 00020 00020 00020 1.00 1.00 1.00 1.00 1.00 1.00 1.00 1.00
82 00020 00020 00020 00020 1.00 1.00 1.00 1.00 1.00 1.00 1.00 1.00
83 00020 00020 00020 00020 1.00 1.00 1.00 1.00 1.00 1.00 1.00 1.00
84 00020 00020 00020 00020 1.00 1.00 1.00 1.00 1.00 1.00 1.00 1.00
85 00020 00020 00020 00020 1.00 1.00 1.00 1.00 1.00 1.00 1.00 1.00
86 00020 00020 00020 00020 1.00 1.00 1.00 1.00 1.00 1.00 1.00 1.00
87 00020 00020 00020 00020 1.00 1.00 1.00 1.00 1.00 1.00 1.00 1.00
88 00020 00020 00020 00020 1.00 1.00 1.00 1.00 1.00 1.00 1.00 1.00
89 00020 00020 00020 00020 1.00 1.00 1.00 1.00 1.00 1.00 1.00 1.00
90 00000 00000 00000 00000 1.0 1.0 1.0 1.0 1.0 1.0 1.0 1.0
91 00000 00000 00000 00000 1.0 1.0 1.0 1.0 1.0 1.0 1.0 1.0
92 00000 00000 00000 00000 1.0 1.0 1.0 1.0 1.0 1.0 1.0 1.0
93 00000 00000 00000 00000 1.0 1.0 1.0 1.0 1.0 1.0 1.0 1.0
94 00000 00000 00000 00000 1.0 1.0 1.0 1.0 1.0 1.0 1.0 1.0
95 00000 00000 00000 00000 1.0 1.0 1.0 1.0 1.0 1.0 1.0 1.0
96 00000 00000 00000 00000 1.0 1.0 1.0 1.0 1.0 1.0 1.0 1.0
97 00000 00000 00000 00000 1.0 1.0 1.0 1.0 1.0 1.0 1.0 1.0
98 00000 00000 00000 00000 1.0 1.0 1.0 1.0 1.0 1.0 1.0 1.0
99 00000 00000 00000 00000 1.0 1.0 1.0 1.0 1.0 1.0 1.0 1.0
100 00000 00000 00000 00000 1.0 1.0 1.0 1.0 1.0 1.0 1.0 1.0
101 00000 00000 00000 00000 1.0 1.0 1.0 1.0 1.0 1.0 1.0 1.0
102 00000 00000 00000 00000 1.0 1.0 1.0 1.0 1.0 1.0 1.0 1.0
103 00000 00000 00000 00000 1.0 1.0 1.0 1.0 1.0 1.0 1.0 1.0
104 00000 00000 00000 00000 1.0 1.0 1.0 1.0 1.0 1.0 1.0 1.0
105 00000 00000 00020 00000 1.0 1.0 1.0 1.0 1.0 1.0 1.0 1.0
106 00000 00000 00020 00000 1.0 1.0 1.0 1.0 1.0 1.0 1.0 1.0
107 00000 00000 00020 00000 1.0 1.0 1.0 1.0 1.0 1.0 1.0 1.0
108 00000 00000 00020 00000 1.0 1.0 1.0 1.0 1.0 1.0 1.0 1.0
109 00000 00000 00020 00000 1.0 1.0 1.0 1.0 1.0 1.0 1.0 1.0
110 00000 00000 00020 00000 1.0 1.0 1.0 1.0 1.0 1.0 1.0 1.0
111 00000 00000 00020 00000 1.0 1.0 1.0 1.0 1.0 1.0 1.0 1.0
112 00000 00000 00020 00000 1.0 1.0 1.0 1.0 1.0 1.0 1.0 1.0
113 00000 00000 00020 00000 1.0 1.0 1.0 1.0 1.0 1.0 1.0 1.0
114 00000 00000 00020 00000 1.0 1.0 1.0 1.0 1.0 1.0 1.0 1.0
115 00000 00000 00020 00000 1.0 1.0 1.0 1.0 1.0 1.0 1.0 1.0
116 00000 00000 00020 00000 1.0 1.0 1.0 1.0 1.0 1.0 1.0 1.0
117 00000 00000 00020 00000 1.0 1.0 1.0 1.0 1.0 1.0 1.0 1.0
118 00000 00000 00020 00000 1.0 1.0 1.0 1.0 1.0 1.0 1.0 1.0
119 00000 00000 00020 00000 1.0 1.0 1.0 1.0 1.0 1.0 1.0 1.0
120 00000 00000 00020 00000 1.0 1.0 1.0 1.0 1.0 1.0 1.0 1.0
121 00000 00000 00020 00000 1.0 1.0 1.0 1.0 1.0 1.0 1.0 1.0
122 00000 00000 00020 00000 1.0 1.0 1.0 1.0 1.0 1.0 1.0 1.0
123 00000 00000 00020 00000 1.0 1.0 1.0 1.0 1.0 1.0 1.0 1.0
124 00000 00000 00020 00000 1.0 1.0 1.0 1.0 1.0 1.0 1.0 1.0
125 00000 00000 00020 00000 1.0 1.0 1.0 1.0 1.0 1.0 1.0 1.0
126 00000 00000 00020 00000 1.0 1.0 1.0 1.0 1.0 1.0 1.0 1.0
127 00000 00000 00020 00000 1.0 1.0 1.0 1.0 1.0 1.0 1.0 1.0
128 00000 00000 00020 00000 1.0 1.0 1.0 1.0 1.0 1.0 1.0 1.0
129 00000 00000 00020 00000 1.0 1.0 1.0 1.0 1.0 1.0 1.0 1.0
130 00020 00020 00020 00020 1.00 1.00 1.00 1.00 1.00 1.00 1.00 1.00
131 00020 00020 00020 00020 1.00 1.00 1.00 1.00 1.00 1.00 1.00 1.00
132 00020 00020 00020 00020 1.00 1.00 1.00 1.00 1.00 1.00 1.00 1.00
133 00020 00020 00020 00020 1.00 1.00 1.00 1.00 1.00 1.00 1.00 1.00
134 00020 00020 00020 00020 1.00 1.00 1.00 1.00 1.00 1.00 1.00 1.00
135 00020 00020 00020 00020 1.00 1.00 1.00 1.00 1.00 1.00 1.00 1.00
136 00020 00020 00020 00020 1.00 1.00 1.00 1.00 1.00 1.00 1.00 1.00
137 00020 00020 00020 00020 1.00 1.00 1.00 1.00 1.00 1.00 1.00 1.00
138 00020 00020 00020 00020 1.00 1.00 1.00 1.00 1.00 1.00 1.00 1.00
139 00020 00020 00020 00020 1.00 1.00 1.00 1.00 1.00 1.00 1.00 1.00
140 00020 00020 00020 00020 1.00 1.00 1.00 1.00 1.00 1.00 1.00 1.00
141 00020 00020 00020 00020 1.00 1.00 1.00 1.00 1.00 1.00 1.00 1.00
142 00020 00020 00020 00020 1.00 1.00 1.00 1.00 1.00 1.00 1.00 1.00
143 00020 00020 00020 00020 1.00 1.00 1.00 1.00 1.00 1.00 1.00 1.00
144 00020 00020 00020 00020 1.00 1.00 1.00 1.00 1.00 1.00 1.00 1.00
145 00020 00020 00020 00020 1.00 1.00 1.00 1.00 1.00 1.00 1.00 1.00
146 00020 00020 00020 00020 1.00 1.00 1.00 1.00 1.00 1.00 1.00 1.00
147 00020 00020 00020 00020 1.00 1.00 1.00 1.00 1.00 1.00 1.00 1.00
148 00020 00020 00020 00020 1.00 1.00 1.00 1.00 1.00 1.00 1.00 1.00
149 00020 00020 00020 00020 1.00 1.00 1.00 1.00 1.00 1.00 1.00 1.00
150 00020 00020 00020 00020 1.00 1.00 1.00 1.00 1.00 1.00 1.00 1.00
151 00020 00020 00020 00020 1.00 1.00 1.00 1.00 1.00 1.00 1.00 1.00
152 00020 00020 00020 00020 1.00 1.00 1.00 1.00 1.00 1.00 1.00 1.00
153 00020 00020 00020 00020 1.00 1.00 1.00 1.00 1.00 1.00 1.00 1.00
154 00020 00020 00020 00020 1.00 1.00 1.00 1.00 1.00 1.00 1.00 1.00
155 00020 00020 00020 00020 1.00 1.00 1.00 1.00 1.00 1.00 1.00 1.00
156 00020 00020 00020 00020 1.00 1.00 1.00 1.00 1.00 1.00 1.00 1.00
157 00020 00020 00020 00020 1.00 1.00 1.00 1.00 1.00 1.00 1.00 1.00
158 00020 00020 00020 00020 1.00 1.00 1.00 1.00 1.00 1.00 1.00 1.00
159 00020 00020 00020 00020 1.00 1.00 1.00 1.00 1.00 1.00 1.00 1.00
160 00020 00020 00020 00020 1.00 1.00 1.00 1.00 1.00 1.00 1.00 1.00
161 00020 00020 00020 00020 1.00 1.00 1.00 1.00 1.00 1.00 1.00 1.00
162 00020 00020 00020 00020 1.00 1.00 1.00 1.00 1.00 1.00 1.00 1.00
163 00020 00020 00020 00020 1.00 1.00 1.00 1.00 1.00 1.00 1.00 1.00
164 00020 00020 00020 00020 1.00 1.00 1.00 1.00 1.00 1.00 1.00 1.00
165 00020 00020 00020 00020 1.00 1.00 1.00 1.00 1.00 1.00 1.00 1.00
166 00020 00020 00020 00020 1.00 1.00 1.00 1.00 1.00 1.00 1.00 1.00
167 00020 00020 00020 00020 1.00 1.00 1.00 1.00 1.00 1.00 1.00 1.00
168 00020 00020 00020 00020 1.00 1.00 1.00 1.00 1.00 1.00 1.00 1.00
169 00020 00020 00020 00020 1.00 1.00 1.00 1.00 1.00 1.00 1.00 1.00
170 00200 00200 00020 00200 .22 .22 .22 .22 .41 .41 .41 .41
171 00200 00200 00020 00200 .22 .22 .22 .22 .41 .41 .41 .41
172 00200 00200 00020 00200 .22 .22 .22 .22 .41 .41 .41 .41
173 00200 00200 00020 00200 .22 .22 .22 .22 .41 .41 .41 .41
174 00200 00200 00020 00200 .22 .22 .22 .22 .41 .41 .41 .41
175 00200 00200 00020 00200 .22 .22 .22 .22 .41 .41 .41 .41
176 00200 00200 00200 00200 1.00 1.00 1.00 1.00 1.00 1.00 1.00 1.00
177 00200 00200 00200 00200 1.00 1.00 1.00 1.00 1.00 1.00 1.00 1.00
178 00200 00200 00200 00200 1.00 1.00 1.00 1.00 1.00 1.00 1.00 1.00
179 00200 00200 00200 00200 1.00 1.00 1.00 1.00 1.00 1.00 1.00 1.00
180 00200 00200 00200 00200 1.00 1.00 1.00 1.00 1.00 1.00 1.00 1.00
181 00200 00200 00200 00200 1.00 1.00 1.00 1.00 1.00 1.00 1.00 1.00
182 00200 00200 00200 00200 1.00 1.00 1.00 1.00 1.00 1.00 1.00 1.00
183 00200 00200 00200 00200 1.00 1.00 1.00 1.00 1.00 1.00 1.00 1.00
184 00200 00200 00200 00200 1.00 1.00 1.00 1.00 1.00 1.00 1.00 1.00
185 00200 00200 00200 00200 1.00 1.00 1.00 1.00 1.00 1.00 1.00 1.00
186 00200 00200 00200 00200 1.00 1.00 1.00 1.00 1.00 1.00 1.00 1.00
187 00200 00200 00200 00200 1.00 1.00 1.00 1.00 1.00 1.00 1.00 1.00
188 00200 00200 00200 00200 1.00 1.00 1.00 1.00 1.00 1.00 1.00 1.00
189 00200 00200 00200 00200 1.00 1.00 1.00 1.00 1.00 1.00 1.00 1.00
190 00200 00200 00200 00200 1.00 1.00 1.00 1.00 1.00 1.00 1.00 1.00
191 00200 00200 00200 00200 1.00 1.00 1.00 1.00 1.00 1.00 1.00 1.00
192 00200 00200 00200 00200 1.00 1.00 1.00 1.00 1.00 1.00 1.00 1.00
193 00200 00200 00200 00200 1.00 1.00 1.00 1.00 1.00 1.00 1.00 1.00
194 00200 00200 00000 00200 .46 .46 .46 .46 .63 .63 .63 .63
195 00200 00200 00000 00200 .46 .46 .46 .46 .63 .63 .63 .63
196 00200 00200 00000 00200 .46 .46 .46 .46 .63 .63 .63 .63
197 00200 00200 00000 00200 .46 .46 .46 .46 .63 .63 .63 .63
198 00200 00200 00000 00200 .46 .46 .46 .46 .63 .63 .63 .63
199 00200 00200 00000 00200 .46 .46 .46 .46 .63 .63 .63 .63
200 00200 00200 00000 00200 .46 .46 .46 .46 .63 .63 .63 .63
201 00200 00200 00000 00200 .46 .46 .46 .46 .63 .63 .63 .63
202 00200 00200 00000 00200 .46 .46 .46 .46 .63 .63 .63 .63
203 00200 00200 00000 00200 .46 .46 .46 .46 .63 .63 .63 .63
204 00200 00200 00000 00200 .46 .46 .46 .46 .63 .63 .63 .63
205 00200 00200 00000 00200 .46 .46 .46 .46 .63 .63 .63 .63
206 00200 00200 00000 00200 .46 .46 .46 .46 .63 .63 .63 .63
207 00200 00200 00000 00200 .46 .46 .46 .46 .63 .63 .63 .63
208 00200 00200 00000 00200 .46 .46 .46 .46 .63 .63 .63 .63
209 00200 00200 00000 00200 .46 .46 .46 .46 .63 .63 .63 .63
210 00200 00200 00000 00200 .46 .46 .46 .46 .63 .63 .63 .63
211 00200 00200 00000 00200 .46 .46 .46 .46 .63 .63 .63 .63
212 00200 00200 00000 00200 .46 .46 .46 .46 .63 .63 .63 .63
213 00200 00200 00000 00200 .46 .46 .46 .46 .63 .63 .63 .63
214 00200 00200 00000 00200 .46 .46 .46 .46 .63 .63 .63 .63
215 00200 00200 00000 00200 .46 .46 .46 .46 .63 .63 .63 .63
216 00200 00200 00000 00200 .46 .46 .46 .46 .63 .63 .63 .63
217 00200 00200 00000 00200 .46 .46 .46 .46 .63 .63 .63 .63
218 00200 00200 00000 00200 .46 .46 .46 .46 .63 .63 .63 .63
219 00200 00200 00000 00200 .46 .46 .46 .46 .63 .63 .63 .63
220 00200 00200 00000 00200 .46 .46 .46 .46 .63 .63 .63 .63
221 00200 00200 00000 00200 .46 .46 .46 .46 .63 .63 .63 .63
222 00200 00200 00000 00200 .46 .46 .46 .46 .63 .63 .63 .63
223 00200 00200 00000 00200 .46 .46 .46 .46 .63 .63 .63 .63
224 00200 00200 00200 00200 1.00 1.00 1.00 1.00 1.00 1.00 1.00 1.00
225 00200 00200 00200 00200 1.00 1.00 1.00 1.00 1.00 1.00 1.00 1.00
226 00200 00200 00200 00200 1.00 1.00 1.00 1.00 1.00 1.00 1.00 1.00
227 00200 00200 00200 00200 1.00 1.00 1.00 1.00 1.00 1.00 1.00 1.00
228 00200 00200 00200 00200 1.00 1.00 1.00 1.00 1.00 1.00 1.00 1.00
229 00200 00200 00200 00200 1.00 1.00 1.00 1.00 1.00 1.00 1.00 1.00
230 00200 00200 00200 00200 1.00 1.00 1.00 1.00 1.00 1.00 1.00 1.00
231 00200 00200 00200 00200 1.00 1.00 1.00 1.00 1.00 1.00 1.00 1.00
232 00200 00200 00200 00200 1.00 1.00 1.00 1.00 1.00 1.00 1.00 1.00
233 00200 00200 00200 00200 1.00 1.00 1.00 1.00 1.00 1.00 1.00 1.00
234 00200 00200 00200 00200 1.00 1.00 1.00 1.00 1.00 1.00 1.00 1.00
235 00200 00200 00000 00200 .46 .46 .46 .46 .63 .63 .63 .63
236 00200 00200 00000 00200 .46 .46 .46 .46 .63 .63 .63 .63
237 00200 00200 00000 00200 .46 .46 .46 .46 .63 .63 .63 .63
238 00200 00200 00000 00200 .46 .46 .46 .46 .63 .63 .63 .63
239 00200 00200 00000 00200 .46 .46 .46 .46 .63 .63 .63 .63
240 00200 00200 00000 00200 .46 .46 .46 .46 .63 .63 .63 .63
241 00200 00200 00000 00200 .46 .46 .46 .46 .63 .63 .63 .63
242 00200 00200 00000 00200 .46 .46 .46 .46 .63 .63 .63 .63
243 00200 00200 00000 00200 .46 .46 .46 .46 .63 .63 .63 .63
244 00200 00200 00000 00200 .46 .46 .46 .46 .63 .63 .63 .63
