0 00000 00000 00000 00000 1.0 1.0 1.0 1.0 1.0 1.0 1.0 1.0
1 00000 00000 00000 00000 1.0 1.0 1.0 1.0 1.0 1.0 1.0 1.0
2 00000 00000 00000 00000 1.0 1.0 1.0 1.0 1.0 1.0 1.0 1.0
3 00000 00000 00000 00000 1.0 1.0 1.0 1.0 1.0 1.0 1.0 1.0
4 00000 00000 00000 00000 1.0 1.0 1.0 1.0 1.0 1.0 1.0 1.0
5 00000 00000 00000 00000 1.0 1.0 1.0 1.0 1.0 1.0 1.0 1.0
6 00000 00000 00000 00000 1.0 1.0 1.0 1.0 1.0 1.0 1.0 1.0
7 00000 00000 00000 00000 1.0 1.0 1.0 1.0 1.0 1.0 1.0 1.0
8 00000 00000 00000 00000 1.0 1.0 1.0 1.0 1.0 1.0 1.0 1.0
9 00000 00000 00000 00000 1.0 1.0 1.0 1.0 1.0 1.0 1.0 1.0
10 00000 00000 00000 00000 1.0 1.0 1.0 1.0 1.0 1.0 1.0 1.0
11 00000 00000 00000 00000 1.0 1.0 1.0 1.0 1.0 1.0 1.0 1.0
12 00000 00000 00000 00000 1.0 1.0 1.0 1.0 1.0 1.0 1.0 1.0
13 00000 00000 00000 00000 1.0 1.0 1.0 1.0 1.0 1.0 1.0 1.0
14 00000 00000 00000 00000 1.0 1.0 1.0 1.0 1.0 1.0 1.0 1.0
15 00000 00000 00000 00000 1.0 1.0 1.0 1.0 1.0 1.0 1.0 1.0
16 00000 00000 00000 00000 1.0 1.0 1.0 1.0 1.0 1.0 1.0 1.0
17 00000 00000 00000 00000 1.0 1.0 1.0 1.0 1.0 1.0 1.0 1.0
18 00000 00000 00000 00000 1.0 1.0 1.0 1.0 1.0 1.0 1.0 1.0
19 00000 00000 00000 00000 1.0 1.0 1.0 1.0 1.0 1.0 1.0 1.0
20 00000 00000 00000 00000 1.0 1.0 1.0 1.0 1.0 1.0 1.0 1.0
21 00000 00000 00000 00000 1.0 1.0 1.0 1.0 1.0 1.0 1.0 1.0
22 00000 00000 00000 00000 1.0 1.0 1.0 1.0 1.0 1.0 1.0 1.0
23 00000 00000 00000 00000 1.0 1.0 1.0 1.0 1.0 1.0 1.0 1.0
24 00000 00000 00000 00000 1.0 1.0 1.0 1.0 1.0 1.0 1.0 1.0
25 00000 00000 00000 00000 1.0 1.0 1.0 1.0 1.0 1.0 1.0 1.0
26 00000 00000 00000 00000 1.0 1.0 1.0 1.0 1.0 1.0 1.0 1.0
27 00000 00000 00000 00000 1.0 1.0 1.0 1.0 1.0 1.0 1.0 1.0
28 00000 00000 00000 00000 1.0 1.0 1.0 1.0 1.0 1.0 1.0 1.0
29 00000 00000 00000 00000 1.0 1.0 1.0 1.0 1.0 1.0 1.0 1.0
30 00000 00000 00000 00000 1.0 1.0 1.0 1.0 1.0 1.0 1.0 1.0
31 00000 00000 00000 00000 1.0 1.0 1.0 1.0 1.0 1.0 1.0 1.0
32 00000 00000 00000 00000 1.0 1.0 1.0 1.0 1.0 1.0 1.0 1.0
33 00000 00000 00000 00000 1.0 1.0 1.0 1.0 1.0 1.0 1.0 1.0
34 00000 00000 00000 00000 1.0 1.0 1.0 1.0 1.0 1.0 1.0 1.0
35 00000 00000 00000 00000 1.0 1.0 1.0 1.0 1.0 1.0 1.0 1.0
36 00000 00000 00000 00000 1.0 1.0 1.0 1.0 1.0 1.0 1.0 1.0
37 00000 00000 00000 00000 1.0 1.0 1.0 1.0 1.0 1.0 1.0 1.0
38 00000 00000 00000 00000 1.0 1.0 1.0 1.0 1.0 1.0 1.0 1.0
39 00000 00000 00000 00000 1.0 1.0 1.0 1.0 1.0 1.0 1.0 1.0
40 00000 00000 00000 00000 1.0 1.0 1.0 1.0 1.0 1.0 1.0 1.0
41 00000 00000 00000 00000 1.0 1.0 1.0 1.0 1.0 1.0 1.0 1.0
42 00000 00000 00000 00000 1.0 1.0 1.0 1.0 1.0 1.0 1.0 1.0
43 00000 00000 00000 00000 1.0 1.0 1.0 1.0 1.0 1.0 1.0 1.0
44 00000 00000 00000 00000 1.0 1.0 1.0 1.0 1.0 1.0 1.0 1.0
45 00000 00000 00000 00000 1.0 1.0 1.0 1.0 1.0 1.0 1.0 1.0
46 00000 00000 00000 00000 1.0 1.0 1.0 1.0 1.0 1.0 1.0 1.0
47 00000 00000 00000 00000 1.0 1.0 1.0 1.0 1.0 1.0 1.0 1.0
48 00000 00000 00000 00000 1.0 1.0 1.0 1.0 1.0 1.0 1.0 1.0
49 00000 00000 00000 00000 1.0 1.0 1.0 1.0 1.0 1.0 1.0 1.0
50 00000 00000 00000 00000 1.0 1.0 1.0 1.0 1.0 1.0 1.0 1.0
51 00000 00000 00000 00000 1.0 1.0 1.0 1.0 1.0 1.0 1.0 1.0
52 00000 00000 00000 00000 1.0 1.0 1.0 1.0 1.0 1.0 1.0 1.0
53 00000 00000 00000 00000 1.0 1.0 1.0 1.0 1.0 1.0 1.0 1.0
54 00000 00000 00000 00000 1.0 1.0 1.0 1.0 1.0 1.0 1.0 1.0
55 00000 00000 00000 00000 1.0 1.0 1.0 1.0 1.0 1.0 1.0 1.0
56 00000 00000 00000 00000 1.0 1.0 1.0 1.0 1.0 1.0 1.0 1.0
57 00000 00000 00000 00000 1.0 1.0 1.0 1.0 1.0 1.0 1.0 1.0
58 00000 00000 00000 00000 1.0 1.0 1.0 1.0 1.0 1.0 1.0 1.0
59 00000 00000 00000 00000 1.0 1.0 1.0 1.0 1.0 1.0 1.0 1.0
60 00000 00000 00000 00000 1.0 1.0 1.0 1.0 1.0 1.0 1.0 1.0
61 00000 00000 00000 00000 1.0 1.0 1.0 1.0 1.0 1.0 1.0 1.0
62 00000 00000 00000 00000 1.0 1.0 1.0 1.0 1.0 1.0 1.0 1.0
63 00000 00000 00000 00000 1.0 1.0 1.0 1.0 1.0 1.0 1.0 1.0
64 00000 00000 00000 00000 1.0 1.0 1.0 1.0 1.0 1.0 1.0 1.0
65 00000 00000 00000 00000 1.0 1.0 1.0 1.0 1.0 1.0 1.0 1.0
66 00000 00000 00000 00000 1.0 1.0 1.0 1.0 1.0 1.0 1.0 1.0
67 00000 00000 00000 00000 1.0 1.0 1.0 1.0 1.0 1.0 1.0 1.0
68 00000 00000 00000 00000 1.0 1.0 1.0 1.0 1.0 1.0 1.0 1.0
69 00000 00000 00000 00000 1.0 1.0 1.0 1.0 1.0 1.0 1.0 1.0
70 00000 00000 00000 00000 1.0 1.0 1.0 1.0 1.0 1.0 1.0 1.0
71 00000 00000 00000 00000 1.0 1.0 1.0 1.0 1.0 1.0 1.0 1.0
72 00000 00000 00000 00000 1.0 1.0 1.0 1.0 1.0 1.0 1.0 1.0
73 00000 00000 00000 00000 1.0 1.0 1.0 1.0 1.0 1.0 1.0 1.0
74 00000 00000 00000 00000 1.0 1.0 1.0 1.0 1.0 1.0 1.0 1.0
75 00000 00000 00000 00000 1.0 1.0 1.0 1.0 1.0 1.0 1.0 1.0
76 00000 00000 00000 00000 1.0 1.0 1.0 1.0 1.0 1.0 1.0 1.0
77 00000 00000 00000 00000 1.0 1.0 1.0 1.0 1.0 1.0 1.0 1.0
78 00000 00000 00000 00000 1.0 1.0 1.0 1.0 1.0 1.0 1.0 1.0
79 00000 00000 00000 00000 1.0 1.0 1.0 1.0 1.0 1.0 1.0 1.0
80 00000 00000 00000 00000 1.0 1.0 1.0 1.0 1.0 1.0 1.0 1.0
81 00000 00000 00000 00000 1.0 1.0 1.0 1.0 1.0 1.0 1.0 1.0
82 00000 00000 00000 00000 1.0 1.0 1.0 1.0 1.0 1.0 1.0 1.0
83 00000 00000 00000 00000 1.0 1.0 1.0 1.0 1.0 1.0 1.0 1.0
84 00000 00000 00000 00000 1.0 1.0 1.0 1.0 1.0 1.0 1.0 1.0
85 00000 00000 00000 00000 1.0 1.0 1.0 1.0 1.0 1.0 1.0 1.0
86 00000 00000 00000 00000 1.0 1.0 1.0 1.0 1.0 1.0 1.0 1.0
87 00000 00000 00000 00000 1.0 1.0 1.0 1.0 1.0 1.0 1.0 1.0
88 00000 00000 00000 00000 1.0 1.0 1.0 1.0 1.0 1.0 1.0 1.0
89 00000 00000 00000 00000 1.0 1.0 1.0 1.0 1.0 1.0 1.0 1.0
90 00000 00000 00000 00000 1.0 1.0 1.0 1.0 1.0 1.0 1.0 1.0
91 00000 00000 00000 00000 1.0 1.0 1.0 1.0 1.0 1.0 1.0 1.0
92 00000 00000 00000 00000 1.0 1.0 1.0 1.0 1.0 1.0 1.0 1.0
93 00000 00000 00000 00000 1.0 1.0 1.0 1.0 1.0 1.0 1.0 1.0
94 00000 00000 00000 00000 1.0 1.0 1.0 1.0 1.0 1.0 1.0 1.0
95 00000 00000 00000 00000 1.0 1.0 1.0 1.0 1.0 1.0 1.0 1.0
96 00000 00000 00000 00000 1.0 1.0 1.0 1.0 1.0 1.0 1.0 1.0
97 00000 00000 00000 00000 1.0 1.0 1.0 1.0 1.0 1.0 1.0 1.0
98 00000 00000 00000 00000 1.0 1.0 1.0 1.0 1.0 1.0 1.0 1.0
99 00000 00000 00000 00000 1.0 1.0 1.0 1.0 1.0 1.0 1.0 1.0
100 00000 00000 00000 00000 1.0 1.0 1.0 1.0 1.0 1.0 1.0 1.0
101 00000 00000 00000 00000 1.0 1.0 1.0 1.0 1.0 1.0 1.0 1.0
102 00000 00000 00000 00000 1.0 1.0 1.0 1.0 1.0 1.0 1.0 1.0
103 00000 00000 00000 00000 1.0 1.0 1.0 1.0 1.0 1.0 1.0 1.0
104 00000 00000 00000 00000 1.0 1.0 1.0 1.0 1.0 1.0 1.0 1.0
105 00000 00000 00000 00000 1.0 1.0 1.0 1.0 1.0 1.0 1.0 1.0
106 00000 00000 00000 00000 1.0 1.0 1.0 1.0 1.0 1.0 1.0 1.0
107 00000 00000 00000 00000 1.0 1.0 1.0 1.0 1.0 1.0 1.0 1.0
108 00000 00000 00000 00000 1.0 1.0 1.0 1.0 1.0 1.0 1.0 1.0
109 00000 00000 00000 00000 1.0 1.0 1.0 1.0 1.0 1.0 1.0 1.0
110 00000 00000 00000 00000 1.0 1.0 1.0 1.0 1.0 1.0 1.0 1.0
111 00000 00000 00000 00000 1.0 1.0 1.0 1.0 1.0 1.0 1.0 1.0
112 00000 00000 00000 00000 1.0 1.0 1.0 1.0 1.0 1.0 1.0 1.0
113 00000 00000 00000 00000 1.0 1.0 1.0 1.0 1.0 1.0 1.0 1.0
114 00000 00000 00000 00000 1.0 1.0 1.0 1.0 1.0 1.0 1.0 1.0
115 00000 00000 00000 00000 1.0 1.0 1.0 1.0 1.0 1.0 1.0 1.0
116 00000 00000 00000 00000 1.0 1.0 1.0 1.0 1.0 1.0 1.0 1.0
117 00000 00000 00000 00000 1.0 1.0 1.0 1.0 1.0 1.0 1.0 1.0
118 00000 00000 00000 00000 1.0 1.0 1.0 1.0 1.0 1.0 1.0 1.0
119 00000 00000 00000 00000 1.0 1.0 1.0 1.0 1.0 1.0 1.0 1.0
120 00000 00000 00000 00000 1.0 1.0 1.0 1.0 1.0 1.0 1.0 1.0
121 00000 00000 00000 00000 1.0 1.0 1.0 1.0 1.0 1.0 1.0 1.0
122 00000 00000 00000 00000 1.0 1.0 1.0 1.0 1.0 1.0 1.0 1.0
123 00000 00000 00000 00000 1.0 1.0 1.0 1.0 1.0 1.0 1.0 1.0
124 00000 00000 00000 00000 1.0 1.0 1.0 1.0 1.0 1.0 1.0 1.0
125 00000 00000 00000 00000 1.0 1.0 1.0 1.0 1.0 1.0 1.0 1.0
126 00000 00000 00000 00000 1.0 1.0 1.0 1.0 1.0 1.0 1.0 1.0
127 00000 00000 00000 00000 1.0 1.0 1.0 1.0 1.0 1.0 1.0 1.0
128 00000 00000 00000 00000 1.0 1.0 1.0 1.0 1.0 1.0 1.0 1.0
129 00000 00000 00000 00000 1.0 1.0 1.0 1.0 1.0 1.0 1.0 1.0
130 00020 00020 00000 00020 .46 .46 .46 .46 .63 .63 .63 .63
131 00020 00020 00000 00020 .46 .46 .46 .46 .63 .63 .63 .63
132 00020 00020 00000 00020 .46 .46 .46 .46 .63 .63 .63 .63
133 00020 00020 00000 00020 .46 .46 .46 .46 .63 .63 .63 .63
134 00020 00020 00000 00020 .46 .46 .46 .46 .63 .63 .63 .63
135 00020 00020 00000 00020 .46 .46 .46 .46 .63 .63 .63 .63
136 00020 00020 00000 00020 .46 .46 .46 .46 .63 .63 .63 .63
137 00020 00020 00000 00020 .46 .46 .46 .46 .63 .63 .63 .63
138 00020 00020 00000 00020 .46 .46 .46 .46 .63 .63 .63 .63
139 00020 00020 00000 00020 .46 .46 .46 .46 .63 .63 .63 .63
140 00000 00020 00000 00000 1.0 1.0 1.0 1.0 1.0 1.0 1.0 1.0
141 00000 00020 00000 00000 1.0 1.0 1.0 1.0 1.0 1.0 1.0 1.0
142 00000 00020 00000 00000 1.0 1.0 1.0 1.0 1.0 1.0 1.0 1.0
143 00000 00020 00000 00000 1.0 1.0 1.0 1.0 1.0 1.0 1.0 1.0
144 00000 00020 00000 00000 1.0 1.0 1.0 1.0 1.0 1.0 1.0 1.0
145 00000 00020 00000 00000 1.0 1.0 1.0 1.0 1.0 1.0 1.0 1.0
146 00000 00020 00000 00000 1.0 1.0 1.0 1.0 1.0 1.0 1.0 1.0
147 00000 00020 00000 00000 1.0 1.0 1.0 1.0 1.0 1.0 1.0 1.0
148 00000 00020 00000 00000 1.0 1.0 1.0 1.0 1.0 1.0 1.0 1.0
149 00000 00020 00000 00000 1.0 1.0 1.0 1.0 1.0 1.0 1.0 1.0
150 00000 00020 00000 00000 1.0 1.0 1.0 1.0 1.0 1.0 1.0 1.0
151 00000 00020 00000 00000 1.0 1.0 1.0 1.0 1.0 1.0 1.0 1.0
152 00000 00020 00000 00000 1.0 1.0 1.0 1.0 1.0 1.0 1.0 1.0
153 00000 00020 00000 00000 1.0 1.0 1.0 1.0 1.0 1.0 1.0 1.0
154 00000 00020 00000 00000 1.0 1.0 1.0 1.0 1.0 1.0 1.0 1.0
155 00000 00020 00000 00000 1.0 1.0 1.0 1.0 1.0 1.0 1.0 1.0
156 00000 00020 00000 00000 1.0 1.0 1.0 1.0 1.0 1.0 1.0 1.0
157 00000 00020 00000 00000 1.0 1.0 1.0 1.0 1.0 1.0 1.0 1.0
158 00000 00020 00000 00000 1.0 1.0 1.0 1.0 1.0 1.0 1.0 1.0
159 00000 00020 00000 00000 1.0 1.0 1.0 1.0 1.0 1.0 1.0 1.0
160 00000 00020 00000 00000 1.0 1.0 1.0 1.0 1.0 1.0 1.0 1.0
161 00000 00020 00000 00000 1.0 1.0 1.0 1.0 1.0 1.0 1.0 1.0
162 00000 00020 00000 00000 1.0 1.0 1.0 1.0 1.0 1.0 1.0 1.0
163 00000 00020 00000 00000 1.0 1.0 1.0 1.0 1.0 1.0 1.0 1.0
164 00000 00020 00000 00000 1.0 1.0 1.0 1.0 1.0 1.0 1.0 1.0
165 00000 00020 00000 00000 1.0 1.0 1.0 1.0 1.0 1.0 1.0 1.0
166 00000 00020 00000 00000 1.0 1.0 1.0 1.0 1.0 1.0 1.0 1.0
167 00000 00020 00000 00000 1.0 1.0 1.0 1.0 1.0 1.0 1.0 1.0
168 00000 00020 00000 00000 1.0 1.0 1.0 1.0 1.0 1.0 1.0 1.0
169 00000 00020 00000 00000 1.0 1.0 1.0 1.0 1.0 1.0 1.0 1.0
170 00020 00020 00000 00020 .46 .46 .46 .46 .63 .63 .63 .63
171 00020 00020 00000 00020 .46 .46 .46 .46 .63 .63 .63 .63
172 00020 00020 00000 00020 .46 .46 .46 .46 .63 .63 .63 .63
173 00020 00020 00000 00020 .46 .46 .46 .46 .63 .63 .63 .63
174 00020 00020 00000 00020 .46 .46 .46 .46 .63 .63 .63 .63
175 00020 00020 00000 00020 .46 .46 .46 .46 .63 .63 .63 .63
176 00020 00020 00000 00020 .46 .46 .46 .46 .63 .63 .63 .63
177 00020 00020 00000 00020 .46 .46 .46 .46 .63 .63 .63 .63
178 00020 00020 00000 00020 .46 .46 .46 .46 .63 .63 .63 .63
179 00020 00020 00000 00020 .46 .46 .46 .46 .63 .63 .63 .63
180 00020 00020 00000 00020 .46 .46 .46 .46 .63 .63 .63 .63
181 00020 00020 00000 00020 .46 .46 .46 .46 .63 .63 .63 .63
182 00020 00020 00000 00020 .46 .46 .46 .46 .63 .63 .63 .63
183 00020 00020 00000 00020 .46 .46 .46 .46 .63 .63 .63 .63
184 00020 00020 00000 00020 .46 .46 .46 .46 .63 .63 .63 .63
185 00020 00020 00000 00020 .46 .46 .46 .46 .63 .63 .63 .63
186 00020 00020 00020 00020 1.00 1.00 1.00 1.00 1.00 1.00 1.00 1.00
187 00020 00020 00020 00020 1.00 1.00 1.00 1.00 1.00 1.00 1.00 1.00
188 00020 00020 00020 00020 1.00 1.00 1.00 1.00 1.00 1.00 1.00 1.00
189 00020 00020 00020 00020 1.00 1.00 1.00 1.00 1.00 1.00 1.00 1.00
190 00020 00000 00020 00020 .46 .46 .46 .46 .63 .63 .63 .63
191 00020 00000 00020 00020 .46 .46 .46 .46 .63 .63 .63 .63
192 00020 00000 00020 00020 .46 .46 .46 .46 .63 .63 .63 .63
193 00020 00000 00020 00020 .46 .46 .46 .46 .63 .63 .63 .63
194 00020 00000 00020 00020 .46 .46 .46 .46 .63 .63 .63 .63
195 00020 00000 00020 00020 .46 .46 .46 .46 .63 .63 .63 .63
196 00020 00000 00020 00020 .46 .46 .46 .46 .63 .63 .63 .63
197 00020 00000 00020 00020 .46 .46 .46 .46 .63 .63 .63 .63
198 00020 00000 00020 00020 .46 .46 .46 .46 .63 .63 .63 .63
199 00020 00000 00020 00020 .46 .46 .46 .46 .63 .63 .63 .63
200 00020 00000 00020 00020 .46 .46 .46 .46 .63 .63 .63 .63
201 00020 00000 00020 00020 .46 .46 .46 .46 .63 .63 .63 .63
202 00020 00000 00020 00020 .46 .46 .46 .46 .63 .63 .63 .63
203 00020 00000 00020 00020 .46 .46 .46 .46 .63 .63 .63 .63
204 00020 00000 00020 00020 .46 .46 .46 .46 .63 .63 .63 .63
205 00020 00000 00020 00020 .46 .46 .46 .46 .63 .63 .63 .63
206 00020 00000 00020 00020 .46 .46 .46 .46 .63 .63 .63 .63
207 00020 00000 00020 00020 .46 .46 .46 .46 .63 .63 .63 .63
208 00020 00000 00020 00020 .46 .46 .46 .46 .63 .63 .63 .63
209 00020 00000 00020 00020 .46 .46 .46 .46 .63 .63 .63 .63
210 00020 00000 00020 00020 .46 .46 .46 .46 .63 .63 .63 .63
211 00020 00000 00020 00020 .46 .46 .46 .46 .63 .63 .63 .63
212 00020 00000 00020 00020 .46 .46 .46 .46 .63 .63 .63 .63
213 00020 00000 00200 00000 -0.08 -0.08 -0.08 -0.08 -0.06 -0.06 -0.06 -0.06
214 00020 00000 00200 00000 -0.08 -0.08 -0.08 -0.08 -0.06 -0.06 -0.06 -0.06
215 00020 00000 00200 00000 -0.08 -0.08 -0.08 -0.08 -0.06 -0.06 -0.06 -0.06
216 00020 00000 00200 00000 -0.08 -0.08 -0.08 -0.08 -0.06 -0.06 -0.06 -0.06
217 00020 00000 00200 00000 -0.08 -0.08 -0.08 -0.08 -0.06 -0.06 -0.06 -0.06
218 00020 00000 00200 00000 -0.08 -0.08 -0.08 -0.08 -0.06 -0.06 -0.06 -0.06
219 00020 00000 00200 00000 -0.08 -0.08 -0.08 -0.08 -0.06 -0.06 -0.06 -0.06
220 00200 00200 00200 00200 1.00 1.00 1.00 1.00 1.00 1.00 1.00 1.00
221 00200 00200 00200 00200 1.00 1.00 1.00 1.00 1.00 1.00 1.00 1.00
222 00200 00200 00200 00200 1.00 1.00 1.00 1.00 1.00 1.00 1.00 1.00
223 00200 00200 00200 00200 1.00 1.00 1.00 1.00 1.00 1.00 1.00 1.00
224 00200 00200 00200 00200 1.00 1.00 1.00 1.00 1.00 1.00 1.00 1.00
225 00200 00200 00200 00200 1.00 1.00 1.00 1.00 1.00 1.00 1.00 1.00
226 00200 00200 00200 00200 1.00 1.00 1.00 1.00 1.00 1.00 1.00 1.00
227 00200 00200 00200 00200 1.00 1.00 1.00 1.00 1.00 1.00 1.00 1.00
228 00200 00200 00000 00200 .46 .46 .46 .46 .63 .63 .63 .63
229 00200 00200 00000 00200 .46 .46 .46 .46 .63 .63 .63 .63
230 00200 00200 00000 00200 .46 .46 .46 .46 .63 .63 .63 .63
231 00200 00200 00000 00200 .46 .46 .46 .46 .63 .63 .63 .63
232 00200 00200 00000 00200 .46 .46 .46 .46 .63 .63 .63 .63
233 00200 00200 00000 00200 .46 .46 .46 .46 .63 .63 .63 .63
234 00200 00200 00000 00200 .46 .46 .46 .46 .63 .63 .63 .63
235 00200 00200 00000 00200 .46 .46 .46 .46 .63 .63 .63 .63
236 00200 00200 00000 00200 .46 .46 .46 .46 .63 .63 .63 .63
237 00200 00200 00000 00200 .46 .46 .46 .46 .63 .63 .63 .63
238 00200 00200 00000 00200 .46 .46 .46 .46 .63 .63 .63 .63
239 00200 00200 00000 00200 .46 .46 .46 .46 .63 .63 .63 .63
240 00200 00200 00000 00200 .46 .46 .46 .46 .63 .63 .63 .63
241 00200 00200 00000 00200 .46 .46 .46 .46 .63 .63 .63 .63
242 00200 00200 00000 00200 .46 .46 .46 .46 .63 .63 .63 .63
243 00200 00200 00000 00200 .46 .46 .46 .46 .63 .63 .63 .63
244 00200 00200 00000 00200 .46 .46 .46 .46 .63 .63 .63 .63
245 00200 00200 00000 00200 .46 .46 .46 .46 .63 .63 .63 .63
246 00200 00200 00000 00200 .46 .46 .46 .46 .63 .63 .63 .63
247 00200 00200 00000 00200 .46 .46 .46 .46 .63 .63 .63 .63
248 00200 00200 00000 00200 .46 .46 .46 .46 .63 .63 .63 .63
249 00200 00200 00000 00200 .46 .46 .46 .46 .63 .63 .63 .63
250 00200 00200 00000 00200 .46 .46 .46 .46 .63 .63 .63 .63
251 00200 00200 00000 00200 .46 .46 .46 .46 .63 .63 .63 .63
252 00200 00200 00000 00200 .46 .46 .46 .46 .63 .63 .63 .63
253 00200 00200 00000 00200 .46 .46 .46 .46 .63 .63 .63 .63
254 00200 00200 00000 00200 .46 .46 .46 .46 .63 .63 .63 .63
255 00200 00200 00000 00200 .46 .46 .46 .46 .63 .63 .63 .63
256 00200 00200 00000 00200 .46 .46 .46 .46 .63 .63 .63 .63
