0 00000 00000 00000 00000 1.0 1.0 1.0 1.0 1.0 1.0 1.0 1.0
1 00000 00000 00000 00000 1.0 1.0 1.0 1.0 1.0 1.0 1.0 1.0
2 00000 00000 00000 00000 1.0 1.0 1.0 1.0 1.0 1.0 1.0 1.0
3 00000 00000 00000 00000 1.0 1.0 1.0 1.0 1.0 1.0 1.0 1.0
4 00000 00000 00000 00000 1.0 1.0 1.0 1.0 1.0 1.0 1.0 1.0
5 00000 00000 00000 00000 1.0 1.0 1.0 1.0 1.0 1.0 1.0 1.0
6 00000 00000 00000 00000 1.0 1.0 1.0 1.0 1.0 1.0 1.0 1.0
7 00000 00000 00000 00000 1.0 1.0 1.0 1.0 1.0 1.0 1.0 1.0
8 00000 00000 00000 00000 1.0 1.0 1.0 1.0 1.0 1.0 1.0 1.0
9 00000 00000 00000 00000 1.0 1.0 1.0 1.0 1.0 1.0 1.0 1.0
10 00200 00200 00000 00200 .46 .46 .46 .46 .63 .63 .63 .63
11 00200 00200 00000 00200 .46 .46 .46 .46 .63 .63 .63 .63
12 00200 00200 00000 00200 .46 .46 .46 .46 .63 .63 .63 .63
13 00200 00200 00000 00200 .46 .46 .46 .46 .63 .63 .63 .63
14 00200 00200 00000 00200 .46 .46 .46 .46 .63 .63 .63 .63
15 00200 00200 00000 00200 .46 .46 .46 .46 .63 .63 .63 .63
16 00200 00200 00000 00200 .46 .46 .46 .46 .63 .63 .63 .63
17 00200 00200 00000 00200 .46 .46 .46 .46 .63 .63 .63 .63
18 00200 00200 00000 00200 .46 .46 .46 .46 .63 .63 .63 .63
19 00200 00200 00000 00200 .46 .46 .46 .46 .63 .63 .63 .63
20 00200 00200 00000 00200 .46 .46 .46 .46 .63 .63 .63 .63
21 00200 00200 00000 00200 .46 .46 .46 .46 .63 .63 .63 .63
22 00200 00200 00000 00200 .46 .46 .46 .46 .63 .63 .63 .63
23 00200 00200 00000 00200 .46 .46 .46 .46 .63 .63 .63 .63
24 00200 00200 00000 00200 .46 .46 .46 .46 .63 .63 .63 .63
25 00200 00200 00000 00200 .46 .46 .46 .46 .63 .63 .63 .63
26 00200 00200 00000 00200 .46 .46 .46 .46 .63 .63 .63 .63
27 00200 00200 00000 00200 .46 .46 .46 .46 .63 .63 .63 .63
28 00200 00200 00000 00200 .46 .46 .46 .46 .63 .63 .63 .63
29 00200 00200 00000 00200 .46 .46 .46 .46 .63 .63 .63 .63
30 00200 00200 00000 00200 .46 .46 .46 .46 .63 .63 .63 .63
31 00200 00200 00000 00200 .46 .46 .46 .46 .63 .63 .63 .63
32 00200 00200 00000 00200 .46 .46 .46 .46 .63 .63 .63 .63
33 00200 00200 00000 00200 .46 .46 .46 .46 .63 .63 .63 .63
34 00200 00200 00000 00200 .46 .46 .46 .46 .63 .63 .63 .63
35 00200 00200 00000 00200 .46 .46 .46 .46 .63 .63 .63 .63
36 00200 00200 00000 00200 .46 .46 .46 .46 .63 .63 .63 .63
37 00200 00200 00000 00200 .46 .46 .46 .46 .63 .63 .63 .63
38 00200 00200 00000 00200 .46 .46 .46 .46 .63 .63 .63 .63
39 00200 00200 00000 00200 .46 .46 .46 .46 .63 .63 .63 .63
40 00200 00200 00000 00200 .46 .46 .46 .46 .63 .63 .63 .63
41 00200 00200 00000 00200 .46 .46 .46 .46 .63 .63 .63 .63
42 00200 00200 00000 00200 .46 .46 .46 .46 .63 .63 .63 .63
43 00200 00200 00000 00200 .46 .46 .46 .46 .63 .63 .63 .63
44 00200 00200 00000 00200 .46 .46 .46 .46 .63 .63 .63 .63
45 00200 00200 00000 00200 .46 .46 .46 .46 .63 .63 .63 .63
46 00200 00200 00200 00200 1.00 1.00 1.00 1.00 1.00 1.00 1.00 1.00
47 00200 00200 00200 00200 1.00 1.00 1.00 1.00 1.00 1.00 1.00 1.00
48 00200 00200 00200 00200 1.00 1.00 1.00 1.00 1.00 1.00 1.00 1.00
49 00200 00200 00200 00200 1.00 1.00 1.00 1.00 1.00 1.00 1.00 1.00
50 00200 00200 00200 00200 1.00 1.00 1.00 1.00 1.00 1.00 1.00 1.00
51 00200 00200 00200 00200 1.00 1.00 1.00 1.00 1.00 1.00 1.00 1.00
52 00200 00200 00200 00200 1.00 1.00 1.00 1.00 1.00 1.00 1.00 1.00
53 00200 00200 00200 00200 1.00 1.00 1.00 1.00 1.00 1.00 1.00 1.00
54 00200 00200 00200 00200 1.00 1.00 1.00 1.00 1.00 1.00 1.00 1.00
55 00200 00200 00200 00200 1.00 1.00 1.00 1.00 1.00 1.00 1.00 1.00
56 00200 00200 00200 00200 1.00 1.00 1.00 1.00 1.00 1.00 1.00 1.00
57 00200 00200 00200 00200 1.00 1.00 1.00 1.00 1.00 1.00 1.00 1.00
58 00200 00200 00200 00200 1.00 1.00 1.00 1.00 1.00 1.00 1.00 1.00
59 00200 00200 00200 00200 1.00 1.00 1.00 1.00 1.00 1.00 1.00 1.00
60 00200 00200 00200 00200 1.00 1.00 1.00 1.00 1.00 1.00 1.00 1.00
61 00200 00200 00200 00200 1.00 1.00 1.00 1.00 1.00 1.00 1.00 1.00
62 00200 00200 00200 00200 1.00 1.00 1.00 1.00 1.00 1.00 1.00 1.00
63 00200 00200 00200 00200 1.00 1.00 1.00 1.00 1.00 1.00 1.00 1.00
64 00200 00200 00200 00200 1.00 1.00 1.00 1.00 1.00 1.00 1.00 1.00
65 00200 00200 00020 00200 .22 .22 .22 .22 .41 .41 .41 .41
66 00200 00200 00020 00200 .22 .22 .22 .22 .41 .41 .41 .41
67 00200 00200 00020 00200 .22 .22 .22 .22 .41 .41 .41 .41
68 00200 00200 02020 00200 .05 .05 .05 .05 .24 .24 .24 .24
69 00200 00200 02020 00200 .05 .05 .05 .05 .24 .24 .24 .24
70 20200 20200 02020 20200 -0.04 -0.04 -0.04 -0.04 .21 .21 .21 .21
71 20200 20200 02020 20200 -0.04 -0.04 -0.04 -0.04 .21 .21 .21 .21
72 20200 20200 02020 20200 -0.04 -0.04 -0.04 -0.04 .21 .21 .21 .21
73 20200 20200 02020 20200 -0.04 -0.04 -0.04 -0.04 .21 .21 .21 .21
74 20200 20200 02020 20200 -0.04 -0.04 -0.04 -0.04 .21 .21 .21 .21
75 20200 20200 02020 20200 -0.04 -0.04 -0.04 -0.04 .21 .21 .21 .21
76 20200 20200 02020 20200 -0.04 -0.04 -0.04 -0.04 .21 .21 .21 .21
77 20200 20200 02020 20200 -0.04 -0.04 -0.04 -0.04 .21 .21 .21 .21
78 20200 20200 02020 20200 -0.04 -0.04 -0.04 -0.04 .21 .21 .21 .21
79 20200 20200 02020 20200 -0.04 -0.04 -0.04 -0.04 .21 .21 .21 .21
80 20000 20000 02020 20000 .05 .05 .05 .05 .24 .24 .24 .24
81 20000 20000 02020 20000 .05 .05 .05 .05 .24 .24 .24 .24
82 20000 20000 02020 20000 .05 .05 .05 .05 .24 .24 .24 .24
83 20000 20000 20000 20000 1.00 1.00 1.00 1.00 1.00 1.00 1.00 1.00
84 20000 20000 20000 20000 1.00 1.00 1.00 1.00 1.00 1.00 1.00 1.00
85 20000 20000 20000 20000 1.00 1.00 1.00 1.00 1.00 1.00 1.00 1.00
86 20000 20000 20000 20000 1.00 1.00 1.00 1.00 1.00 1.00 1.00 1.00
87 20000 20000 20000 20000 1.00 1.00 1.00 1.00 1.00 1.00 1.00 1.00
88 20000 20000 20000 20000 1.00 1.00 1.00 1.00 1.00 1.00 1.00 1.00
89 20000 20000 20000 20000 1.00 1.00 1.00 1.00 1.00 1.00 1.00 1.00
90 20000 20000 20000 20000 1.00 1.00 1.00 1.00 1.00 1.00 1.00 1.00
91 20000 20000 20000 20000 1.00 1.00 1.00 1.00 1.00 1.00 1.00 1.00
92 20000 20000 20000 20000 1.00 1.00 1.00 1.00 1.00 1.00 1.00 1.00
93 20000 20000 20000 20000 1.00 1.00 1.00 1.00 1.00 1.00 1.00 1.00
94 20000 20000 20000 20000 1.00 1.00 1.00 1.00 1.00 1.00 1.00 1.00
95 20000 20000 20000 20000 1.00 1.00 1.00 1.00 1.00 1.00 1.00 1.00
96 20000 20000 20000 20000 1.00 1.00 1.00 1.00 1.00 1.00 1.00 1.00
97 20000 20000 20000 20000 1.00 1.00 1.00 1.00 1.00 1.00 1.00 1.00
98 20000 20000 02000 20000 .22 .22 .22 .22 .41 .41 .41 .41
99 20000 20000 02000 20000 .22 .22 .22 .22 .41 .41 .41 .41
100 20000 20000 02000 20000 .22 .22 .22 .22 .41 .41 .41 .41
101 20000 20000 02000 20000 .22 .22 .22 .22 .41 .41 .41 .41
102 20000 20000 02000 20000 .22 .22 .22 .22 .41 .41 .41 .41
103 20000 20000 02000 20000 .22 .22 .22 .22 .41 .41 .41 .41
104 20000 20000 02000 20000 .22 .22 .22 .22 .41 .41 .41 .41
105 20000 20000 02000 20000 .22 .22 .22 .22 .41 .41 .41 .41
106 20000 20000 02000 20000 .22 .22 .22 .22 .41 .41 .41 .41
107 20000 20000 02000 20000 .22 .22 .22 .22 .41 .41 .41 .41
108 20000 20000 02000 20000 .22 .22 .22 .22 .41 .41 .41 .41
109 20000 20000 02000 20000 .22 .22 .22 .22 .41 .41 .41 .41
110 20000 20000 02000 20000 .22 .22 .22 .22 .41 .41 .41 .41
111 20000 20000 02000 20000 .22 .22 .22 .22 .41 .41 .41 .41
112 20000 20000 02000 20000 .22 .22 .22 .22 .41 .41 .41 .41
113 20000 20000 02000 20000 .22 .22 .22 .22 .41 .41 .41 .41
114 20000 20000 02000 20000 .22 .22 .22 .22 .41 .41 .41 .41
115 20000 20000 02000 20000 .22 .22 .22 .22 .41 .41 .41 .41
116 20000 20000 02000 20000 .22 .22 .22 .22 .41 .41 .41 .41
117 20000 20000 02000 20000 .22 .22 .22 .22 .41 .41 .41 .41
118 20000 20000 02000 20000 .22 .22 .22 .22 .41 .41 .41 .41
119 20000 20000 02000 20000 .22 .22 .22 .22 .41 .41 .41 .41
120 20000 20000 02000 20000 .22 .22 .22 .22 .41 .41 .41 .41
121 20000 20000 02000 20000 .22 .22 .22 .22 .41 .41 .41 .41
122 20000 20000 02000 20000 .22 .22 .22 .22 .41 .41 .41 .41
123 20000 20000 02000 20000 .22 .22 .22 .22 .41 .41 .41 .41
124 20000 20000 02000 20000 .22 .22 .22 .22 .41 .41 .41 .41
125 20000 20000 02000 20000 .22 .22 .22 .22 .41 .41 .41 .41
126 20000 20000 02000 20000 .22 .22 .22 .22 .41 .41 .41 .41
127 20000 20000 02000 20000 .22 .22 .22 .22 .41 .41 .41 .41
128 20000 20000 02020 20000 .05 .05 .05 .05 .24 .24 .24 .24
129 20000 20000 02020 20000 .05 .05 .05 .05 .24 .24 .24 .24
130 20000 20000 02020 20000 .05 .05 .05 .05 .24 .24 .24 .24
131 20000 20000 02020 20000 .05 .05 .05 .05 .24 .24 .24 .24
132 20000 20000 02020 20000 .05 .05 .05 .05 .24 .24 .24 .24
133 20000 20000 02020 20000 .05 .05 .05 .05 .24 .24 .24 .24
134 20000 20000 02020 20000 .05 .05 .05 .05 .24 .24 .24 .24
135 20000 20000 02020 20000 .05 .05 .05 .05 .24 .24 .24 .24
136 20000 20000 02020 20000 .05 .05 .05 .05 .24 .24 .24 .24
137 20000 20000 02020 20000 .05 .05 .05 .05 .24 .24 .24 .24
138 20000 20000 02020 20000 .05 .05 .05 .05 .24 .24 .24 .24
139 20000 20000 02020 20000 .05 .05 .05 .05 .24 .24 .24 .24
140 20200 20200 02020 20200 -0.04 -0.04 -0.04 -0.04 .21 .21 .21 .21
141 20200 20200 02020 20200 -0.04 -0.04 -0.04 -0.04 .21 .21 .21 .21
142 20200 20200 02020 20200 -0.04 -0.04 -0.04 -0.04 .21 .21 .21 .21
143 20200 20200 02020 20200 -0.04 -0.04 -0.04 -0.04 .21 .21 .21 .21
144 20200 20200 02020 20200 -0.04 -0.04 -0.04 -0.04 .21 .21 .21 .21
145 20200 20200 02020 20200 -0.04 -0.04 -0.04 -0.04 .21 .21 .21 .21
146 20200 20200 02020 20200 -0.04 -0.04 -0.04 -0.04 .21 .21 .21 .21
147 20200 20200 02020 20200 -0.04 -0.04 -0.04 -0.04 .21 .21 .21 .21
148 20200 20200 02020 20200 -0.04 -0.04 -0.04 -0.04 .21 .21 .21 .21
149 20200 20200 02020 20200 -0.04 -0.04 -0.04 -0.04 .21 .21 .21 .21
150 00200 00200 02020 00200 .05 .05 .05 .05 .24 .24 .24 .24
151 00200 00200 02020 00200 .05 .05 .05 .05 .24 .24 .24 .24
152 00200 00200 02020 00200 .05 .05 .05 .05 .24 .24 .24 .24
153 00200 00200 02020 00200 .05 .05 .05 .05 .24 .24 .24 .24
154 00200 00200 02020 00200 .05 .05 .05 .05 .24 .24 .24 .24
155 00200 00200 02020 00200 .05 .05 .05 .05 .24 .24 .24 .24
156 00200 00200 02020 00200 .05 .05 .05 .05 .24 .24 .24 .24
157 00200 00200 02020 00200 .05 .05 .05 .05 .24 .24 .24 .24
158 00200 00200 02020 00200 .05 .05 .05 .05 .24 .24 .24 .24
159 00200 00200 02020 00200 .05 .05 .05 .05 .24 .24 .24 .24
160 00200 00200 02020 00200 .05 .05 .05 .05 .24 .24 .24 .24
161 00200 00200 02020 00200 .05 .05 .05 .05 .24 .24 .24 .24
162 00200 00200 02020 00200 .05 .05 .05 .05 .24 .24 .24 .24
163 00200 00200 00000 00200 .46 .46 .46 .46 .63 .63 .63 .63
164 00200 00200 00000 00200 .46 .46 .46 .46 .63 .63 .63 .63
165 00200 00200 00000 00200 .46 .46 .46 .46 .63 .63 .63 .63
166 00200 00200 00000 00200 .46 .46 .46 .46 .63 .63 .63 .63
167 00200 00200 00000 00200 .46 .46 .46 .46 .63 .63 .63 .63
168 00200 00200 00000 00200 .46 .46 .46 .46 .63 .63 .63 .63
169 00200 00200 00000 00200 .46 .46 .46 .46 .63 .63 .63 .63
170 00200 00200 00000 00200 .46 .46 .46 .46 .63 .63 .63 .63
171 00200 00200 00000 00200 .46 .46 .46 .46 .63 .63 .63 .63
172 00200 00200 00000 00200 .46 .46 .46 .46 .63 .63 .63 .63
173 00200 00200 00000 00200 .46 .46 .46 .46 .63 .63 .63 .63
174 00200 00200 00000 00200 .46 .46 .46 .46 .63 .63 .63 .63
175 00200 00200 00000 00200 .46 .46 .46 .46 .63 .63 .63 .63
176 00200 00200 00000 00200 .46 .46 .46 .46 .63 .63 .63 .63
177 00200 00200 00000 00200 .46 .46 .46 .46 .63 .63 .63 .63
178 00200 00200 00200 00200 1.00 1.00 1.00 1.00 1.00 1.00 1.00 1.00
179 00200 00200 00200 00200 1.00 1.00 1.00 1.00 1.00 1.00 1.00 1.00
180 00200 00200 00200 00200 1.00 1.00 1.00 1.00 1.00 1.00 1.00 1.00
181 00200 00200 00200 00200 1.00 1.00 1.00 1.00 1.00 1.00 1.00 1.00
182 00200 00200 00200 00200 1.00 1.00 1.00 1.00 1.00 1.00 1.00 1.00
183 00200 00200 00200 00200 1.00 1.00 1.00 1.00 1.00 1.00 1.00 1.00
184 00200 00200 00200 00200 1.00 1.00 1.00 1.00 1.00 1.00 1.00 1.00
185 00200 00200 00200 00200 1.00 1.00 1.00 1.00 1.00 1.00 1.00 1.00
186 00200 00200 00200 00200 1.00 1.00 1.00 1.00 1.00 1.00 1.00 1.00
187 00200 00200 00200 00200 1.00 1.00 1.00 1.00 1.00 1.00 1.00 1.00
