0 00000 00000 00000 00000 1.0 1.0 1.0 1.0 1.0 1.0 1.0 1.0
1 00000 00000 00000 00000 1.0 1.0 1.0 1.0 1.0 1.0 1.0 1.0
2 00000 00000 00000 00000 1.0 1.0 1.0 1.0 1.0 1.0 1.0 1.0
3 00000 00000 00000 00000 1.0 1.0 1.0 1.0 1.0 1.0 1.0 1.0
4 00000 00000 00000 00000 1.0 1.0 1.0 1.0 1.0 1.0 1.0 1.0
5 00000 00000 00000 00000 1.0 1.0 1.0 1.0 1.0 1.0 1.0 1.0
6 00000 00000 00000 00000 1.0 1.0 1.0 1.0 1.0 1.0 1.0 1.0
7 00000 00000 00000 00000 1.0 1.0 1.0 1.0 1.0 1.0 1.0 1.0
8 00000 00000 00000 00000 1.0 1.0 1.0 1.0 1.0 1.0 1.0 1.0
9 00000 00000 00000 00000 1.0 1.0 1.0 1.0 1.0 1.0 1.0 1.0
10 00000 00000 00000 00000 1.0 1.0 1.0 1.0 1.0 1.0 1.0 1.0
11 00000 00000 00000 00000 1.0 1.0 1.0 1.0 1.0 1.0 1.0 1.0
12 00000 00000 00000 00000 1.0 1.0 1.0 1.0 1.0 1.0 1.0 1.0
13 00000 00000 00000 00000 1.0 1.0 1.0 1.0 1.0 1.0 1.0 1.0
14 00000 00000 00000 00000 1.0 1.0 1.0 1.0 1.0 1.0 1.0 1.0
15 00000 00000 00000 00000 1.0 1.0 1.0 1.0 1.0 1.0 1.0 1.0
16 00000 00000 00000 00000 1.0 1.0 1.0 1.0 1.0 1.0 1.0 1.0
17 00000 00000 00000 00000 1.0 1.0 1.0 1.0 1.0 1.0 1.0 1.0
18 00000 00000 00000 00000 1.0 1.0 1.0 1.0 1.0 1.0 1.0 1.0
19 00000 00000 00000 00000 1.0 1.0 1.0 1.0 1.0 1.0 1.0 1.0
20 00000 00000 00000 00000 1.0 1.0 1.0 1.0 1.0 1.0 1.0 1.0
21 00000 00000 00000 00000 1.0 1.0 1.0 1.0 1.0 1.0 1.0 1.0
22 00000 00000 00000 00000 1.0 1.0 1.0 1.0 1.0 1.0 1.0 1.0
23 00000 00000 00000 00000 1.0 1.0 1.0 1.0 1.0 1.0 1.0 1.0
24 00000 00000 00000 00000 1.0 1.0 1.0 1.0 1.0 1.0 1.0 1.0
25 00000 00000 00000 00000 1.0 1.0 1.0 1.0 1.0 1.0 1.0 1.0
26 00000 00000 00000 00000 1.0 1.0 1.0 1.0 1.0 1.0 1.0 1.0
27 00000 00000 00000 00000 1.0 1.0 1.0 1.0 1.0 1.0 1.0 1.0
28 00000 00000 00000 00000 1.0 1.0 1.0 1.0 1.0 1.0 1.0 1.0
29 00000 00000 00000 00000 1.0 1.0 1.0 1.0 1.0 1.0 1.0 1.0
30 00000 00000 00000 00000 1.0 1.0 1.0 1.0 1.0 1.0 1.0 1.0
31 00000 00000 00000 00000 1.0 1.0 1.0 1.0 1.0 1.0 1.0 1.0
32 00000 00000 00000 00000 1.0 1.0 1.0 1.0 1.0 1.0 1.0 1.0
33 00000 00000 00000 00000 1.0 1.0 1.0 1.0 1.0 1.0 1.0 1.0
34 00000 00000 00000 00000 1.0 1.0 1.0 1.0 1.0 1.0 1.0 1.0
35 00000 00000 00000 00000 1.0 1.0 1.0 1.0 1.0 1.0 1.0 1.0
36 00000 00000 00000 00000 1.0 1.0 1.0 1.0 1.0 1.0 1.0 1.0
37 00000 00000 00000 00000 1.0 1.0 1.0 1.0 1.0 1.0 1.0 1.0
38 00000 00000 00000 00000 1.0 1.0 1.0 1.0 1.0 1.0 1.0 1.0
39 00000 00000 00000 00000 1.0 1.0 1.0 1.0 1.0 1.0 1.0 1.0
40 00000 00000 00000 00000 1.0 1.0 1.0 1.0 1.0 1.0 1.0 1.0
41 00000 00000 00000 00000 1.0 1.0 1.0 1.0 1.0 1.0 1.0 1.0
42 00000 00000 00000 00000 1.0 1.0 1.0 1.0 1.0 1.0 1.0 1.0
43 00000 00000 00000 00000 1.0 1.0 1.0 1.0 1.0 1.0 1.0 1.0
44 00000 00000 00000 00000 1.0 1.0 1.0 1.0 1.0 1.0 1.0 1.0
45 00000 00000 00000 00000 1.0 1.0 1.0 1.0 1.0 1.0 1.0 1.0
46 00000 00000 00000 00000 1.0 1.0 1.0 1.0 1.0 1.0 1.0 1.0
47 00000 00000 00000 00000 1.0 1.0 1.0 1.0 1.0 1.0 1.0 1.0
48 00000 00000 00000 00000 1.0 1.0 1.0 1.0 1.0 1.0 1.0 1.0
49 00000 00000 00000 00000 1.0 1.0 1.0 1.0 1.0 1.0 1.0 1.0
50 00000 00000 00000 00000 1.0 1.0 1.0 1.0 1.0 1.0 1.0 1.0
51 00000 00000 00000 00000 1.0 1.0 1.0 1.0 1.0 1.0 1.0 1.0
52 00000 00000 00000 00000 1.0 1.0 1.0 1.0 1.0 1.0 1.0 1.0
53 00000 00000 00000 00000 1.0 1.0 1.0 1.0 1.0 1.0 1.0 1.0
54 00000 00000 00000 00000 1.0 1.0 1.0 1.0 1.0 1.0 1.0 1.0
55 00000 00000 00000 00000 1.0 1.0 1.0 1.0 1.0 1.0 1.0 1.0
56 00000 00000 00000 00000 1.0 1.0 1.0 1.0 1.0 1.0 1.0 1.0
57 00000 00000 00000 00000 1.0 1.0 1.0 1.0 1.0 1.0 1.0 1.0
58 00000 00000 00000 00000 1.0 1.0 1.0 1.0 1.0 1.0 1.0 1.0
59 00000 00000 00000 00000 1.0 1.0 1.0 1.0 1.0 1.0 1.0 1.0
60 00000 00000 00000 00000 1.0 1.0 1.0 1.0 1.0 1.0 1.0 1.0
61 00000 00000 00000 00000 1.0 1.0 1.0 1.0 1.0 1.0 1.0 1.0
62 00000 00000 00000 00000 1.0 1.0 1.0 1.0 1.0 1.0 1.0 1.0
63 00000 00000 00000 00000 1.0 1.0 1.0 1.0 1.0 1.0 1.0 1.0
64 00000 00000 00000 00000 1.0 1.0 1.0 1.0 1.0 1.0 1.0 1.0
65 00000 00000 00000 00000 1.0 1.0 1.0 1.0 1.0 1.0 1.0 1.0
66 00000 00000 00000 00000 1.0 1.0 1.0 1.0 1.0 1.0 1.0 1.0
67 00000 00000 00000 00000 1.0 1.0 1.0 1.0 1.0 1.0 1.0 1.0
68 00000 00000 00000 00000 1.0 1.0 1.0 1.0 1.0 1.0 1.0 1.0
69 00000 00000 00000 00000 1.0 1.0 1.0 1.0 1.0 1.0 1.0 1.0
70 00020 00020 00000 00020 .46 .46 .46 .46 .63 .63 .63 .63
71 00020 00020 00000 00020 .46 .46 .46 .46 .63 .63 .63 .63
72 00020 00020 00000 00020 .46 .46 .46 .46 .63 .63 .63 .63
73 00020 00020 00000 00020 .46 .46 .46 .46 .63 .63 .63 .63
74 00020 00020 00000 00020 .46 .46 .46 .46 .63 .63 .63 .63
75 00020 00020 00000 00020 .46 .46 .46 .46 .63 .63 .63 .63
76 00020 00020 00000 00020 .46 .46 .46 .46 .63 .63 .63 .63
77 00020 00020 00000 00020 .46 .46 .46 .46 .63 .63 .63 .63
78 00020 00020 00000 00020 .46 .46 .46 .46 .63 .63 .63 .63
79 00020 00020 00000 00020 .46 .46 .46 .46 .63 .63 .63 .63
80 00200 00020 00000 00000 -0.08 -0.08 -0.08 -0.08 -0.06 -0.06 -0.06 -0.06
81 00200 00020 00000 00000 -0.08 -0.08 -0.08 -0.08 -0.06 -0.06 -0.06 -0.06
82 00200 00020 00000 00000 -0.08 -0.08 -0.08 -0.08 -0.06 -0.06 -0.06 -0.06
83 00200 00020 00000 00000 -0.08 -0.08 -0.08 -0.08 -0.06 -0.06 -0.06 -0.06
84 00200 00020 00000 00000 -0.08 -0.08 -0.08 -0.08 -0.06 -0.06 -0.06 -0.06
85 00200 00020 00000 00000 -0.08 -0.08 -0.08 -0.08 -0.06 -0.06 -0.06 -0.06
86 00200 00020 00000 00000 -0.08 -0.08 -0.08 -0.08 -0.06 -0.06 -0.06 -0.06
87 00200 00020 00000 00000 -0.08 -0.08 -0.08 -0.08 -0.06 -0.06 -0.06 -0.06
88 00200 00020 00000 00000 -0.08 -0.08 -0.08 -0.08 -0.06 -0.06 -0.06 -0.06
89 00200 00020 00000 00000 -0.08 -0.08 -0.08 -0.08 -0.06 -0.06 -0.06 -0.06
90 00200 00020 00000 00000 -0.08 -0.08 -0.08 -0.08 -0.06 -0.06 -0.06 -0.06
91 00200 00020 00000 00000 -0.08 -0.08 -0.08 -0.08 -0.06 -0.06 -0.06 -0.06
92 00200 00020 00000 00000 -0.08 -0.08 -0.08 -0.08 -0.06 -0.06 -0.06 -0.06
93 00200 00020 00000 00000 -0.08 -0.08 -0.08 -0.08 -0.06 -0.06 -0.06 -0.06
94 00200 00020 00000 00000 -0.08 -0.08 -0.08 -0.08 -0.06 -0.06 -0.06 -0.06
95 00200 00020 00000 00000 -0.08 -0.08 -0.08 -0.08 -0.06 -0.06 -0.06 -0.06
96 00200 00020 00000 00000 -0.08 -0.08 -0.08 -0.08 -0.06 -0.06 -0.06 -0.06
97 00200 00020 00000 00000 -0.08 -0.08 -0.08 -0.08 -0.06 -0.06 -0.06 -0.06
98 00200 00020 00000 00000 -0.08 -0.08 -0.08 -0.08 -0.06 -0.06 -0.06 -0.06
99 00200 00020 00000 00000 -0.08 -0.08 -0.08 -0.08 -0.06 -0.06 -0.06 -0.06
100 00200 00020 00000 00000 -0.08 -0.08 -0.08 -0.08 -0.06 -0.06 -0.06 -0.06
101 00200 00020 00000 00000 -0.08 -0.08 -0.08 -0.08 -0.06 -0.06 -0.06 -0.06
102 00200 00020 00000 00000 -0.08 -0.08 -0.08 -0.08 -0.06 -0.06 -0.06 -0.06
103 00200 00020 00000 00000 -0.08 -0.08 -0.08 -0.08 -0.06 -0.06 -0.06 -0.06
104 00200 00020 00000 00000 -0.08 -0.08 -0.08 -0.08 -0.06 -0.06 -0.06 -0.06
105 00200 00020 00000 00000 -0.08 -0.08 -0.08 -0.08 -0.06 -0.06 -0.06 -0.06
106 00200 00020 00000 00000 -0.08 -0.08 -0.08 -0.08 -0.06 -0.06 -0.06 -0.06
107 00200 00020 00000 00000 -0.08 -0.08 -0.08 -0.08 -0.06 -0.06 -0.06 -0.06
108 00200 00020 00000 00000 -0.08 -0.08 -0.08 -0.08 -0.06 -0.06 -0.06 -0.06
109 00200 00020 00000 00000 -0.08 -0.08 -0.08 -0.08 -0.06 -0.06 -0.06 -0.06
110 00200 00200 00000 00200 .46 .46 .46 .46 .63 .63 .63 .63
111 00200 00200 00000 00200 .46 .46 .46 .46 .63 .63 .63 .63
112 00200 00200 00000 00200 .46 .46 .46 .46 .63 .63 .63 .63
113 00200 00200 00000 00200 .46 .46 .46 .46 .63 .63 .63 .63
114 00200 00200 00000 00200 .46 .46 .46 .46 .63 .63 .63 .63
115 00200 00200 00000 00200 .46 .46 .46 .46 .63 .63 .63 .63
116 00200 00200 00000 00200 .46 .46 .46 .46 .63 .63 .63 .63
117 00200 00200 00000 00200 .46 .46 .46 .46 .63 .63 .63 .63
118 00200 00200 00000 00200 .46 .46 .46 .46 .63 .63 .63 .63
119 00200 00200 00000 00200 .46 .46 .46 .46 .63 .63 .63 .63
120 00200 00200 00000 00200 .46 .46 .46 .46 .63 .63 .63 .63
121 00200 00200 00020 00200 .22 .22 .22 .22 .41 .41 .41 .41
122 00200 00200 00020 00200 .22 .22 .22 .22 .41 .41 .41 .41
123 00200 00200 00020 00200 .22 .22 .22 .22 .41 .41 .41 .41
124 00200 00200 00020 00200 .22 .22 .22 .22 .41 .41 .41 .41
125 00200 00200 00020 00200 .22 .22 .22 .22 .41 .41 .41 .41
126 00200 00200 00020 00200 .22 .22 .22 .22 .41 .41 .41 .41
127 00200 00200 00020 00200 .22 .22 .22 .22 .41 .41 .41 .41
128 00200 00200 00020 00200 .22 .22 .22 .22 .41 .41 .41 .41
129 00200 00200 00020 00200 .22 .22 .22 .22 .41 .41 .41 .41
130 00200 00200 00020 00200 .22 .22 .22 .22 .41 .41 .41 .41
131 00200 00200 00020 00200 .22 .22 .22 .22 .41 .41 .41 .41
132 00200 00200 00020 00200 .22 .22 .22 .22 .41 .41 .41 .41
133 00200 00200 00020 00200 .22 .22 .22 .22 .41 .41 .41 .41
134 00200 00200 00020 00200 .22 .22 .22 .22 .41 .41 .41 .41
135 00200 00200 00020 00200 .22 .22 .22 .22 .41 .41 .41 .41
136 00200 00200 00020 00200 .22 .22 .22 .22 .41 .41 .41 .41
137 00200 00200 00020 00200 .22 .22 .22 .22 .41 .41 .41 .41
138 00200 00200 00020 00200 .22 .22 .22 .22 .41 .41 .41 .41
139 00200 00200 00020 00200 .22 .22 .22 .22 .41 .41 .41 .41
140 00200 00200 00020 00200 .22 .22 .22 .22 .41 .41 .41 .41
141 00200 00200 00020 00200 .22 .22 .22 .22 .41 .41 .41 .41
142 00200 00200 00020 00200 .22 .22 .22 .22 .41 .41 .41 .41
143 00200 00200 00020 00200 .22 .22 .22 .22 .41 .41 .41 .41
144 00200 00200 00020 00200 .22 .22 .22 .22 .41 .41 .41 .41
145 00200 00200 00020 00200 .22 .22 .22 .22 .41 .41 .41 .41
146 00200 00200 00020 00200 .22 .22 .22 .22 .41 .41 .41 .41
147 00200 00200 00020 00200 .22 .22 .22 .22 .41 .41 .41 .41
148 00200 00200 00020 00200 .22 .22 .22 .22 .41 .41 .41 .41
149 00200 00200 00020 00200 .22 .22 .22 .22 .41 .41 .41 .41
150 00200 00200 00020 00200 .22 .22 .22 .22 .41 .41 .41 .41
151 00200 00200 00020 00200 .22 .22 .22 .22 .41 .41 .41 .41
152 00200 00200 00020 00200 .22 .22 .22 .22 .41 .41 .41 .41
153 00200 00200 00020 00200 .22 .22 .22 .22 .41 .41 .41 .41
154 00200 00200 00020 00200 .22 .22 .22 .22 .41 .41 .41 .41
155 00200 00200 00020 00200 .22 .22 .22 .22 .41 .41 .41 .41
156 00200 00200 00020 00200 .22 .22 .22 .22 .41 .41 .41 .41
157 00200 00200 00020 00200 .22 .22 .22 .22 .41 .41 .41 .41
158 00200 00200 00020 00200 .22 .22 .22 .22 .41 .41 .41 .41
159 00200 00200 00020 00200 .22 .22 .22 .22 .41 .41 .41 .41
160 00200 00200 00020 00200 .22 .22 .22 .22 .41 .41 .41 .41
161 00200 00200 00020 00200 .22 .22 .22 .22 .41 .41 .41 .41
162 00200 00200 00020 00200 .22 .22 .22 .22 .41 .41 .41 .41
163 00200 00200 00020 00200 .22 .22 .22 .22 .41 .41 .41 .41
164 00200 00200 00020 00200 .22 .22 .22 .22 .41 .41 .41 .41
165 00200 00200 00020 00200 .22 .22 .22 .22 .41 .41 .41 .41
166 00200 00200 00020 00200 .22 .22 .22 .22 .41 .41 .41 .41
167 00200 00200 00020 00200 .22 .22 .22 .22 .41 .41 .41 .41
168 00200 00200 00020 00200 .22 .22 .22 .22 .41 .41 .41 .41
169 00200 00200 00020 00200 .22 .22 .22 .22 .41 .41 .41 .41
170 00200 00200 00020 00200 .22 .22 .22 .22 .41 .41 .41 .41
171 00200 00200 00200 00200 1.00 1.00 1.00 1.00 1.00 1.00 1.00 1.00
172 00200 00200 00200 00200 1.00 1.00 1.00 1.00 1.00 1.00 1.00 1.00
173 00200 00200 00200 00200 1.00 1.00 1.00 1.00 1.00 1.00 1.00 1.00
174 00200 00200 00200 00200 1.00 1.00 1.00 1.00 1.00 1.00 1.00 1.00
175 00200 00200 00200 00200 1.00 1.00 1.00 1.00 1.00 1.00 1.00 1.00
176 00200 00200 00200 00200 1.00 1.00 1.00 1.00 1.00 1.00 1.00 1.00
177 00200 00200 00200 00200 1.00 1.00 1.00 1.00 1.00 1.00 1.00 1.00
178 00200 00200 00200 00200 1.00 1.00 1.00 1.00 1.00 1.00 1.00 1.00
179 00200 00200 00200 00200 1.00 1.00 1.00 1.00 1.00 1.00 1.00 1.00
180 00200 00200 00200 00200 1.00 1.00 1.00 1.00 1.00 1.00 1.00 1.00
181 00200 00200 00200 00200 1.00 1.00 1.00 1.00 1.00 1.00 1.00 1.00
182 00200 00200 00200 00200 1.00 1.00 1.00 1.00 1.00 1.00 1.00 1.00
183 00200 00200 00200 00200 1.00 1.00 1.00 1.00 1.00 1.00 1.00 1.00
184 00200 00200 00200 00200 1.00 1.00 1.00 1.00 1.00 1.00 1.00 1.00
185 00200 00200 00200 00200 1.00 1.00 1.00 1.00 1.00 1.00 1.00 1.00
186 00200 00200 00200 00200 1.00 1.00 1.00 1.00 1.00 1.00 1.00 1.00
187 00200 00200 00200 00200 1.00 1.00 1.00 1.00 1.00 1.00 1.00 1.00
188 00200 00200 00200 00200 1.00 1.00 1.00 1.00 1.00 1.00 1.00 1.00
189 00200 00200 00200 00200 1.00 1.00 1.00 1.00 1.00 1.00 1.00 1.00
190 00201 00201 00200 00201 .75 .83 .90 .72 .82 .87 .93 .79
191 00201 00201 00200 00201 .75 .83 .90 .72 .82 .87 .93 .79
192 00201 00201 00200 00201 .75 .83 .90 .72 .82 .87 .93 .79
193 00201 00201 00200 00201 .75 .83 .90 .72 .82 .87 .93 .79
194 00201 00201 00200 00201 .75 .83 .90 .72 .82 .87 .93 .79
195 00201 00201 00200 00201 .75 .83 .90 .72 .82 .87 .93 .79
196 00201 00201 00200 00201 .75 .83 .90 .72 .82 .87 .93 .79
197 00201 00201 00200 00201 .75 .83 .90 .72 .82 .87 .93 .79
198 00201 00201 00200 00201 .75 .83 .90 .72 .82 .87 .93 .79
199 00201 00201 00200 00201 .75 .83 .90 .72 .82 .87 .93 .79
200 00201 00201 00200 00201 .75 .83 .90 .72 .82 .87 .93 .79
201 00201 00201 00200 00201 .75 .83 .90 .72 .82 .87 .93 .79
202 00201 00201 00200 00201 .75 .83 .90 .72 .82 .87 .93 .79
203 00201 00201 00200 00201 .75 .83 .90 .72 .82 .87 .93 .79
204 00201 00201 00200 00201 .75 .83 .90 .72 .82 .87 .93 .79
205 00201 00201 00200 00201 .75 .83 .90 .72 .82 .87 .93 .79
206 00201 00201 00200 00201 .75 .83 .90 .72 .82 .87 .93 .79
207 00201 00201 00200 00201 .75 .83 .90 .72 .82 .87 .93 .79
208 00201 00201 00200 00201 .75 .83 .90 .72 .82 .87 .93 .79
209 00201 00201 00200 00201 .75 .83 .90 .72 .82 .87 .93 .79
210 00201 00201 00200 00201 .75 .83 .90 .72 .82 .87 .93 .79
211 00201 00201 00200 00201 .75 .83 .90 .72 .82 .87 .93 .79
212 00201 00201 00200 00201 .75 .83 .90 .72 .82 .87 .93 .79
213 00201 00201 00200 00201 .75 .83 .90 .72 .82 .87 .93 .79
214 00201 00201 00200 00201 .75 .83 .90 .72 .82 .87 .93 .79
215 00201 00201 00200 00201 .75 .83 .90 .72 .82 .87 .93 .79
216 00201 00201 00200 00201 .75 .83 .90 .72 .82 .87 .93 .79
217 00201 00201 00200 00201 .75 .83 .90 .72 .82 .87 .93 .79
218 00201 00201 00200 00201 .75 .83 .90 .72 .82 .87 .93 .79
219 00201 00201 00200 00201 .75 .83 .90 .72 .82 .87 .93 .79
220 00200 00200 00200 00200 1.00 1.00 1.00 1.00 1.00 1.00 1.00 1.00
221 00200 00200 00200 00200 1.00 1.00 1.00 1.00 1.00 1.00 1.00 1.00
222 00200 00200 00200 00200 1.00 1.00 1.00 1.00 1.00 1.00 1.00 1.00
223 00200 00200 00200 00200 1.00 1.00 1.00 1.00 1.00 1.00 1.00 1.00
224 00200 00200 00200 00200 1.00 1.00 1.00 1.00 1.00 1.00 1.00 1.00
225 00200 00200 00200 00200 1.00 1.00 1.00 1.00 1.00 1.00 1.00 1.00
226 00200 00200 00200 00200 1.00 1.00 1.00 1.00 1.00 1.00 1.00 1.00
227 00200 00200 00200 00200 1.00 1.00 1.00 1.00 1.00 1.00 1.00 1.00
228 00200 00200 00200 00200 1.00 1.00 1.00 1.00 1.00 1.00 1.00 1.00
229 00200 00200 00200 00200 1.00 1.00 1.00 1.00 1.00 1.00 1.00 1.00
230 00200 00200 00200 00200 1.00 1.00 1.00 1.00 1.00 1.00 1.00 1.00
231 00200 00200 00200 00200 1.00 1.00 1.00 1.00 1.00 1.00 1.00 1.00
232 00200 00200 00200 00200 1.00 1.00 1.00 1.00 1.00 1.00 1.00 1.00
233 00200 00200 00200 00200 1.00 1.00 1.00 1.00 1.00 1.00 1.00 1.00
234 00200 00200 00200 00200 1.00 1.00 1.00 1.00 1.00 1.00 1.00 1.00
235 00200 00200 00200 00200 1.00 1.00 1.00 1.00 1.00 1.00 1.00 1.00
236 00200 00200 00200 00200 1.00 1.00 1.00 1.00 1.00 1.00 1.00 1.00
237 00200 00200 00200 00200 1.00 1.00 1.00 1.00 1.00 1.00 1.00 1.00
238 00200 00200 00200 00200 1.00 1.00 1.00 1.00 1.00 1.00 1.00 1.00
239 00200 00200 00200 00200 1.00 1.00 1.00 1.00 1.00 1.00 1.00 1.00
240 00200 00200 00200 00200 1.00 1.00 1.00 1.00 1.00 1.00 1.00 1.00
241 00200 00200 00200 00200 1.00 1.00 1.00 1.00 1.00 1.00 1.00 1.00
242 00200 00200 00200 00200 1.00 1.00 1.00 1.00 1.00 1.00 1.00 1.00
243 00200 00200 00200 00200 1.00 1.00 1.00 1.00 1.00 1.00 1.00 1.00
244 00200 00200 00200 00200 1.00 1.00 1.00 1.00 1.00 1.00 1.00 1.00
245 00200 00200 00200 00200 1.00 1.00 1.00 1.00 1.00 1.00 1.00 1.00
246 00200 00200 00200 00200 1.00 1.00 1.00 1.00 1.00 1.00 1.00 1.00
247 00200 00200 00200 00200 1.00 1.00 1.00 1.00 1.00 1.00 1.00 1.00
248 00200 00200 00200 00200 1.00 1.00 1.00 1.00 1.00 1.00 1.00 1.00
249 00200 00200 00200 00200 1.00 1.00 1.00 1.00 1.00 1.00 1.00 1.00
250 00200 00200 00200 00200 1.00 1.00 1.00 1.00 1.00 1.00 1.00 1.00
251 00200 00200 00200 00200 1.00 1.00 1.00 1.00 1.00 1.00 1.00 1.00
252 00200 00200 00200 00200 1.00 1.00 1.00 1.00 1.00 1.00 1.00 1.00
253 00200 00200 00200 00200 1.00 1.00 1.00 1.00 1.00 1.00 1.00 1.00
254 00200 00200 00200 00200 1.00 1.00 1.00 1.00 1.00 1.00 1.00 1.00
255 00200 00200 00200 00200 1.00 1.00 1.00 1.00 1.00 1.00 1.00 1.00
256 00200 00200 00200 00200 1.00 1.00 1.00 1.00 1.00 1.00 1.00 1.00
257 00200 00200 00200 00200 1.00 1.00 1.00 1.00 1.00 1.00 1.00 1.00
258 00200 00200 00200 00200 1.00 1.00 1.00 1.00 1.00 1.00 1.00 1.00
259 00200 00200 00200 00200 1.00 1.00 1.00 1.00 1.00 1.00 1.00 1.00
260 00200 00200 00200 00200 1.00 1.00 1.00 1.00 1.00 1.00 1.00 1.00
261 00200 00200 00200 00200 1.00 1.00 1.00 1.00 1.00 1.00 1.00 1.00
262 00200 00200 00200 00200 1.00 1.00 1.00 1.00 1.00 1.00 1.00 1.00
263 00200 00200 00200 00200 1.00 1.00 1.00 1.00 1.00 1.00 1.00 1.00
264 00200 00200 00200 00200 1.00 1.00 1.00 1.00 1.00 1.00 1.00 1.00
265 00200 00200 00200 00200 1.00 1.00 1.00 1.00 1.00 1.00 1.00 1.00
266 00200 00200 00200 00200 1.00 1.00 1.00 1.00 1.00 1.00 1.00 1.00
267 00200 00200 00200 00200 1.00 1.00 1.00 1.00 1.00 1.00 1.00 1.00
268 00200 00200 00200 00200 1.00 1.00 1.00 1.00 1.00 1.00 1.00 1.00
269 00200 00200 00200 00200 1.00 1.00 1.00 1.00 1.00 1.00 1.00 1.00
270 00200 00200 00200 00200 1.00 1.00 1.00 1.00 1.00 1.00 1.00 1.00
271 00200 00200 00200 00200 1.00 1.00 1.00 1.00 1.00 1.00 1.00 1.00
272 00200 00200 00200 00200 1.00 1.00 1.00 1.00 1.00 1.00 1.00 1.00
273 00200 00200 00200 00200 1.00 1.00 1.00 1.00 1.00 1.00 1.00 1.00
274 00200 00200 00200 00200 1.00 1.00 1.00 1.00 1.00 1.00 1.00 1.00
275 00200 00200 00200 00200 1.00 1.00 1.00 1.00 1.00 1.00 1.00 1.00
276 00200 00200 00020 00200 .22 .22 .22 .22 .41 .41 .41 .41
277 00200 00200 00020 00200 .22 .22 .22 .22 .41 .41 .41 .41
278 00200 00200 00020 00200 .22 .22 .22 .22 .41 .41 .41 .41
279 00200 00200 00020 00200 .22 .22 .22 .22 .41 .41 .41 .41
280 00201 00200 00020 00200 .11 .09 .14 .05 .28 .29 .34 .24
281 00201 00200 00020 00200 .11 .09 .14 .05 .28 .29 .34 .24
282 00201 00200 00020 00200 .11 .09 .14 .05 .28 .29 .34 .24
283 00201 00200 00020 00200 .11 .09 .14 .05 .28 .29 .34 .24
284 00201 00200 00020 00200 .11 .09 .14 .05 .28 .29 .34 .24
285 00201 00200 00020 00200 .11 .09 .14 .05 .28 .29 .34 .24
286 00201 00200 00020 00200 .11 .09 .14 .05 .28 .29 .34 .24
287 00201 00200 00020 00200 .11 .09 .14 .05 .28 .29 .34 .24
288 00201 00200 00020 00200 .11 .09 .14 .05 .28 .29 .34 .24
289 00201 00200 00020 00200 .11 .09 .14 .05 .28 .29 .34 .24
290 00201 00201 00020 00201 .25 .14 .14 .17 .45 .34 .34 .38
291 00201 00201 00200 00201 .75 .83 .90 .72 .82 .87 .93 .79
292 00201 00201 00200 00201 .75 .83 .90 .72 .82 .87 .93 .79
293 00201 00201 00200 00201 .75 .83 .90 .72 .82 .87 .93 .79
294 00201 00201 00200 00201 .75 .83 .90 .72 .82 .87 .93 .79
295 00201 00201 00200 00201 .75 .83 .90 .72 .82 .87 .93 .79
296 00201 00201 00200 00201 .75 .83 .90 .72 .82 .87 .93 .79
297 00201 00201 00200 00201 .75 .83 .90 .72 .82 .87 .93 .79
298 00201 00201 00200 00201 .75 .83 .90 .72 .82 .87 .93 .79
299 00201 00201 00200 00201 .75 .83 .90 .72 .82 .87 .93 .79
300 00201 00201 00200 00201 .75 .83 .90 .72 .82 .87 .93 .79
301 00201 00201 00200 00201 .75 .83 .90 .72 .82 .87 .93 .79
302 00201 00201 00200 00201 .75 .83 .90 .72 .82 .87 .93 .79
303 00201 00201 00200 00201 .75 .83 .90 .72 .82 .87 .93 .79
304 00201 00201 00200 00201 .75 .83 .90 .72 .82 .87 .93 .79
305 00201 00201 00200 00201 .75 .83 .90 .72 .82 .87 .93 .79
306 00201 00201 00020 00201 .25 .14 .14 .17 .45 .34 .34 .38
307 00201 00201 00020 00201 .25 .14 .14 .17 .45 .34 .34 .38
308 00201 00201 00020 00201 .25 .14 .14 .17 .45 .34 .34 .38
309 00201 00201 00020 00201 .25 .14 .14 .17 .45 .34 .34 .38
310 00201 00201 00020 00201 .25 .14 .14 .17 .45 .34 .34 .38
311 00201 00201 00020 00201 .25 .14 .14 .17 .45 .34 .34 .38
312 00201 00201 00020 00201 .25 .14 .14 .17 .45 .34 .34 .38
313 00201 00201 00020 00201 .25 .14 .14 .17 .45 .34 .34 .38
314 00201 00201 00020 00201 .25 .14 .14 .17 .45 .34 .34 .38
315 00201 00201 00020 00201 .25 .14 .14 .17 .45 .34 .34 .38
316 00201 00201 00020 00201 .25 .14 .14 .17 .45 .34 .34 .38
317 00201 00201 00020 00201 .25 .14 .14 .17 .45 .34 .34 .38
318 00201 00201 00020 00201 .25 .14 .14 .17 .45 .34 .34 .38
319 00201 00201 00020 00201 .25 .14 .14 .17 .45 .34 .34 .38
320 00202 00202 00020 00202 .16 .16 .16 .16 .37 .37 .37 .37
321 00202 00202 00020 00202 .16 .16 .16 .16 .37 .37 .37 .37
322 00202 00202 00020 00202 .16 .16 .16 .16 .37 .37 .37 .37
323 00202 00202 00020 00202 .16 .16 .16 .16 .37 .37 .37 .37
324 00202 00202 00020 00202 .16 .16 .16 .16 .37 .37 .37 .37
325 00202 00202 00020 00202 .16 .16 .16 .16 .37 .37 .37 .37
326 00202 00202 00020 00202 .16 .16 .16 .16 .37 .37 .37 .37
327 00202 00202 00020 00202 .16 .16 .16 .16 .37 .37 .37 .37
328 00202 00202 00020 00202 .16 .16 .16 .16 .37 .37 .37 .37
329 00202 00202 00020 00202 .16 .16 .16 .16 .37 .37 .37 .37
330 00202 00202 00000 00202 .36 .36 .36 .36 .55 .55 .55 .55
331 00202 00202 00000 00202 .36 .36 .36 .36 .55 .55 .55 .55
332 00202 00202 00000 00202 .36 .36 .36 .36 .55 .55 .55 .55
333 00202 00202 00000 00202 .36 .36 .36 .36 .55 .55 .55 .55
334 00202 00202 00000 00202 .36 .36 .36 .36 .55 .55 .55 .55
335 00202 00202 00000 00202 .36 .36 .36 .36 .55 .55 .55 .55
336 00202 00202 00000 00202 .36 .36 .36 .36 .55 .55 .55 .55
337 00202 00202 00000 00202 .36 .36 .36 .36 .55 .55 .55 .55
338 00202 00202 00000 00202 .36 .36 .36 .36 .55 .55 .55 .55
339 00202 00202 00000 00202 .36 .36 .36 .36 .55 .55 .55 .55
340 00202 00202 00000 00202 .36 .36 .36 .36 .55 .55 .55 .55
341 00202 00202 00000 00202 .36 .36 .36 .36 .55 .55 .55 .55
342 00202 00202 00000 00202 .36 .36 .36 .36 .55 .55 .55 .55
343 00202 00202 00000 00202 .36 .36 .36 .36 .55 .55 .55 .55
344 00202 00202 00000 00202 .36 .36 .36 .36 .55 .55 .55 .55
345 00202 00202 00022 00202 .48 .48 .48 .48 .60 .60 .60 .60
346 00202 00202 00022 00202 .48 .48 .48 .48 .60 .60 .60 .60
347 00202 00202 00022 00202 .48 .48 .48 .48 .60 .60 .60 .60
348 00202 00202 00022 00202 .48 .48 .48 .48 .60 .60 .60 .60
349 00202 00202 00022 00202 .48 .48 .48 .48 .60 .60 .60 .60
350 00202 00202 00022 00202 .48 .48 .48 .48 .60 .60 .60 .60
351 00202 00202 00022 00202 .48 .48 .48 .48 .60 .60 .60 .60
352 00202 00202 00022 00202 .48 .48 .48 .48 .60 .60 .60 .60
353 00202 00202 00022 00202 .48 .48 .48 .48 .60 .60 .60 .60
354 00202 00202 00022 00202 .48 .48 .48 .48 .60 .60 .60 .60
355 00202 00202 00022 00202 .48 .48 .48 .48 .60 .60 .60 .60
356 00202 00202 00022 00202 .48 .48 .48 .48 .60 .60 .60 .60
357 00202 00202 00022 00202 .48 .48 .48 .48 .60 .60 .60 .60
358 00202 00202 00022 00202 .48 .48 .48 .48 .60 .60 .60 .60
359 00202 00202 00022 00202 .48 .48 .48 .48 .60 .60 .60 .60
360 00202 00202 00022 00202 .48 .48 .48 .48 .60 .60 .60 .60
361 00202 00202 00022 00202 .48 .48 .48 .48 .60 .60 .60 .60
362 00202 00202 00022 00202 .48 .48 .48 .48 .60 .60 .60 .60
363 00202 00202 00022 00202 .48 .48 .48 .48 .60 .60 .60 .60
364 00202 00202 00022 00202 .48 .48 .48 .48 .60 .60 .60 .60
365 00202 00202 00022 00202 .48 .48 .48 .48 .60 .60 .60 .60
366 00202 00202 00022 00202 .48 .48 .48 .48 .60 .60 .60 .60
