0 00000 00000 00000 00000 1.0 1.0 1.0 1.0 1.0 1.0 1.0 1.0
1 00000 00000 00000 00000 1.0 1.0 1.0 1.0 1.0 1.0 1.0 1.0
2 00000 00000 00000 00000 1.0 1.0 1.0 1.0 1.0 1.0 1.0 1.0
3 00000 00000 00000 00000 1.0 1.0 1.0 1.0 1.0 1.0 1.0 1.0
4 00000 00000 00000 00000 1.0 1.0 1.0 1.0 1.0 1.0 1.0 1.0
5 00000 00000 00000 00000 1.0 1.0 1.0 1.0 1.0 1.0 1.0 1.0
6 00000 00000 00000 00000 1.0 1.0 1.0 1.0 1.0 1.0 1.0 1.0
7 00000 00000 00000 00000 1.0 1.0 1.0 1.0 1.0 1.0 1.0 1.0
8 00000 00000 00000 00000 1.0 1.0 1.0 1.0 1.0 1.0 1.0 1.0
9 00000 00000 00000 00000 1.0 1.0 1.0 1.0 1.0 1.0 1.0 1.0
10 00000 00000 00000 00000 1.0 1.0 1.0 1.0 1.0 1.0 1.0 1.0
11 00000 00000 00000 00000 1.0 1.0 1.0 1.0 1.0 1.0 1.0 1.0
12 00000 00000 00000 00000 1.0 1.0 1.0 1.0 1.0 1.0 1.0 1.0
13 00000 00000 00000 00000 1.0 1.0 1.0 1.0 1.0 1.0 1.0 1.0
14 00000 00000 00000 00000 1.0 1.0 1.0 1.0 1.0 1.0 1.0 1.0
15 00000 00000 00000 00000 1.0 1.0 1.0 1.0 1.0 1.0 1.0 1.0
16 00000 00000 00000 00000 1.0 1.0 1.0 1.0 1.0 1.0 1.0 1.0
17 00000 00000 00000 00000 1.0 1.0 1.0 1.0 1.0 1.0 1.0 1.0
18 00000 00000 00000 00000 1.0 1.0 1.0 1.0 1.0 1.0 1.0 1.0
19 00000 00000 00000 00000 1.0 1.0 1.0 1.0 1.0 1.0 1.0 1.0
20 00000 00000 00000 00000 1.0 1.0 1.0 1.0 1.0 1.0 1.0 1.0
21 00000 00000 00000 00000 1.0 1.0 1.0 1.0 1.0 1.0 1.0 1.0
22 00000 00000 00000 00000 1.0 1.0 1.0 1.0 1.0 1.0 1.0 1.0
23 00000 00000 00000 00000 1.0 1.0 1.0 1.0 1.0 1.0 1.0 1.0
24 00000 00000 00000 00000 1.0 1.0 1.0 1.0 1.0 1.0 1.0 1.0
25 00000 00000 00000 00000 1.0 1.0 1.0 1.0 1.0 1.0 1.0 1.0
26 00000 00000 00000 00000 1.0 1.0 1.0 1.0 1.0 1.0 1.0 1.0
27 00000 00000 00000 00000 1.0 1.0 1.0 1.0 1.0 1.0 1.0 1.0
28 00000 00000 00000 00000 1.0 1.0 1.0 1.0 1.0 1.0 1.0 1.0
29 00000 00000 00000 00000 1.0 1.0 1.0 1.0 1.0 1.0 1.0 1.0
30 00000 00000 00000 00000 1.0 1.0 1.0 1.0 1.0 1.0 1.0 1.0
31 00000 00000 00000 00000 1.0 1.0 1.0 1.0 1.0 1.0 1.0 1.0
32 00000 00000 00000 00000 1.0 1.0 1.0 1.0 1.0 1.0 1.0 1.0
33 00000 00000 00000 00000 1.0 1.0 1.0 1.0 1.0 1.0 1.0 1.0
34 00000 00000 00000 00000 1.0 1.0 1.0 1.0 1.0 1.0 1.0 1.0
35 00000 00000 00000 00000 1.0 1.0 1.0 1.0 1.0 1.0 1.0 1.0
36 00000 00000 00000 00000 1.0 1.0 1.0 1.0 1.0 1.0 1.0 1.0
37 00000 00000 00000 00000 1.0 1.0 1.0 1.0 1.0 1.0 1.0 1.0
38 00000 00000 00000 00000 1.0 1.0 1.0 1.0 1.0 1.0 1.0 1.0
39 00000 00000 00000 00000 1.0 1.0 1.0 1.0 1.0 1.0 1.0 1.0
40 00000 00000 00000 00000 1.0 1.0 1.0 1.0 1.0 1.0 1.0 1.0
41 00000 00000 00000 00000 1.0 1.0 1.0 1.0 1.0 1.0 1.0 1.0
42 00000 00000 00000 00000 1.0 1.0 1.0 1.0 1.0 1.0 1.0 1.0
43 00000 00000 00000 00000 1.0 1.0 1.0 1.0 1.0 1.0 1.0 1.0
44 00000 00000 00000 00000 1.0 1.0 1.0 1.0 1.0 1.0 1.0 1.0
45 00000 00000 00000 00000 1.0 1.0 1.0 1.0 1.0 1.0 1.0 1.0
46 00000 00000 00000 00000 1.0 1.0 1.0 1.0 1.0 1.0 1.0 1.0
47 00000 00000 00000 00000 1.0 1.0 1.0 1.0 1.0 1.0 1.0 1.0
48 00000 00000 00000 00000 1.0 1.0 1.0 1.0 1.0 1.0 1.0 1.0
49 00000 00000 00000 00000 1.0 1.0 1.0 1.0 1.0 1.0 1.0 1.0
50 00000 00000 00000 00000 1.0 1.0 1.0 1.0 1.0 1.0 1.0 1.0
51 00000 00000 00000 00000 1.0 1.0 1.0 1.0 1.0 1.0 1.0 1.0
52 00000 00000 00000 00000 1.0 1.0 1.0 1.0 1.0 1.0 1.0 1.0
53 00000 00000 00000 00000 1.0 1.0 1.0 1.0 1.0 1.0 1.0 1.0
54 00000 00000 00000 00000 1.0 1.0 1.0 1.0 1.0 1.0 1.0 1.0
55 00000 00000 00000 00000 1.0 1.0 1.0 1.0 1.0 1.0 1.0 1.0
56 00000 00000 00000 00000 1.0 1.0 1.0 1.0 1.0 1.0 1.0 1.0
57 00000 00000 00000 00000 1.0 1.0 1.0 1.0 1.0 1.0 1.0 1.0
58 00000 00000 00000 00000 1.0 1.0 1.0 1.0 1.0 1.0 1.0 1.0
59 00000 00000 00000 00000 1.0 1.0 1.0 1.0 1.0 1.0 1.0 1.0
60 00000 00000 00000 00000 1.0 1.0 1.0 1.0 1.0 1.0 1.0 1.0
61 00000 00000 00000 00000 1.0 1.0 1.0 1.0 1.0 1.0 1.0 1.0
62 00000 00000 00000 00000 1.0 1.0 1.0 1.0 1.0 1.0 1.0 1.0
63 00000 00000 00000 00000 1.0 1.0 1.0 1.0 1.0 1.0 1.0 1.0
64 00000 00000 00000 00000 1.0 1.0 1.0 1.0 1.0 1.0 1.0 1.0
65 00000 00000 00000 00000 1.0 1.0 1.0 1.0 1.0 1.0 1.0 1.0
66 00000 00000 00000 00000 1.0 1.0 1.0 1.0 1.0 1.0 1.0 1.0
67 00000 00000 00000 00000 1.0 1.0 1.0 1.0 1.0 1.0 1.0 1.0
68 00000 00000 00000 00000 1.0 1.0 1.0 1.0 1.0 1.0 1.0 1.0
69 00000 00000 00000 00000 1.0 1.0 1.0 1.0 1.0 1.0 1.0 1.0
70 00020 00000 00000 00000 1.0 1.0 1.0 1.0 1.0 1.0 1.0 1.0
71 00020 00000 00000 00000 1.0 1.0 1.0 1.0 1.0 1.0 1.0 1.0
72 00020 00000 00000 00000 1.0 1.0 1.0 1.0 1.0 1.0 1.0 1.0
73 00020 00000 00000 00000 1.0 1.0 1.0 1.0 1.0 1.0 1.0 1.0
74 00020 00000 00000 00000 1.0 1.0 1.0 1.0 1.0 1.0 1.0 1.0
75 00020 00000 00000 00000 1.0 1.0 1.0 1.0 1.0 1.0 1.0 1.0
76 00020 00000 00000 00000 1.0 1.0 1.0 1.0 1.0 1.0 1.0 1.0
77 00020 00000 00000 00000 1.0 1.0 1.0 1.0 1.0 1.0 1.0 1.0
78 00020 00000 00000 00000 1.0 1.0 1.0 1.0 1.0 1.0 1.0 1.0
79 00020 00000 00000 00000 1.0 1.0 1.0 1.0 1.0 1.0 1.0 1.0
80 00020 00000 00000 00000 1.0 1.0 1.0 1.0 1.0 1.0 1.0 1.0
81 00020 00000 00000 00000 1.0 1.0 1.0 1.0 1.0 1.0 1.0 1.0
82 00020 00000 00000 00000 1.0 1.0 1.0 1.0 1.0 1.0 1.0 1.0
83 00020 00000 00000 00000 1.0 1.0 1.0 1.0 1.0 1.0 1.0 1.0
84 00020 00000 00000 00000 1.0 1.0 1.0 1.0 1.0 1.0 1.0 1.0
85 00020 00000 00000 00000 1.0 1.0 1.0 1.0 1.0 1.0 1.0 1.0
86 00020 00000 00000 00000 1.0 1.0 1.0 1.0 1.0 1.0 1.0 1.0
87 00020 00000 00000 00000 1.0 1.0 1.0 1.0 1.0 1.0 1.0 1.0
88 00020 00000 00000 00000 1.0 1.0 1.0 1.0 1.0 1.0 1.0 1.0
89 00020 00000 00000 00000 1.0 1.0 1.0 1.0 1.0 1.0 1.0 1.0
90 00200 00000 00000 00000 1.0 1.0 1.0 1.0 1.0 1.0 1.0 1.0
91 00200 00000 00000 00000 1.0 1.0 1.0 1.0 1.0 1.0 1.0 1.0
92 00200 00000 00000 00000 1.0 1.0 1.0 1.0 1.0 1.0 1.0 1.0
93 00200 00000 00000 00000 1.0 1.0 1.0 1.0 1.0 1.0 1.0 1.0
94 00200 00000 00000 00000 1.0 1.0 1.0 1.0 1.0 1.0 1.0 1.0
95 00200 00000 00000 00000 1.0 1.0 1.0 1.0 1.0 1.0 1.0 1.0
96 00200 00000 00000 00000 1.0 1.0 1.0 1.0 1.0 1.0 1.0 1.0
97 00200 00000 00000 00000 1.0 1.0 1.0 1.0 1.0 1.0 1.0 1.0
98 00200 00000 00000 00000 1.0 1.0 1.0 1.0 1.0 1.0 1.0 1.0
99 00200 00000 00000 00000 1.0 1.0 1.0 1.0 1.0 1.0 1.0 1.0
100 00200 00200 00000 00200 .46 .46 .46 .46 .63 .63 .63 .63
101 00200 00200 00000 00200 .46 .46 .46 .46 .63 .63 .63 .63
102 00200 00200 00000 00200 .46 .46 .46 .46 .63 .63 .63 .63
103 00200 00200 00000 00200 .46 .46 .46 .46 .63 .63 .63 .63
104 00200 00200 00000 00200 .46 .46 .46 .46 .63 .63 .63 .63
105 00200 00200 00000 00200 .46 .46 .46 .46 .63 .63 .63 .63
106 00200 00200 00000 00200 .46 .46 .46 .46 .63 .63 .63 .63
107 00200 00200 00000 00200 .46 .46 .46 .46 .63 .63 .63 .63
108 00200 00200 00000 00200 .46 .46 .46 .46 .63 .63 .63 .63
109 00200 00200 00000 00200 .46 .46 .46 .46 .63 .63 .63 .63
110 00200 00200 00000 00200 .46 .46 .46 .46 .63 .63 .63 .63
111 00200 00200 00000 00200 .46 .46 .46 .46 .63 .63 .63 .63
112 00200 00200 00000 00200 .46 .46 .46 .46 .63 .63 .63 .63
113 00200 00200 00000 00200 .46 .46 .46 .46 .63 .63 .63 .63
114 00200 00200 00000 00200 .46 .46 .46 .46 .63 .63 .63 .63
115 00200 00200 00000 00200 .46 .46 .46 .46 .63 .63 .63 .63
116 00200 00200 00000 00200 .46 .46 .46 .46 .63 .63 .63 .63
117 00200 00200 00000 00200 .46 .46 .46 .46 .63 .63 .63 .63
118 00200 00200 00000 00200 .46 .46 .46 .46 .63 .63 .63 .63
119 00200 00200 00000 00200 .46 .46 .46 .46 .63 .63 .63 .63
120 00200 00200 00000 00200 .46 .46 .46 .46 .63 .63 .63 .63
121 00200 00200 00000 00200 .46 .46 .46 .46 .63 .63 .63 .63
122 00200 00200 00000 00200 .46 .46 .46 .46 .63 .63 .63 .63
123 00200 00200 00000 00200 .46 .46 .46 .46 .63 .63 .63 .63
124 00200 00200 00000 00200 .46 .46 .46 .46 .63 .63 .63 .63
125 00200 00200 00000 00200 .46 .46 .46 .46 .63 .63 .63 .63
126 00200 00200 00200 00200 1.00 1.00 1.00 1.00 1.00 1.00 1.00 1.00
127 00200 00200 00200 00200 1.00 1.00 1.00 1.00 1.00 1.00 1.00 1.00
128 00200 00200 00200 00200 1.00 1.00 1.00 1.00 1.00 1.00 1.00 1.00
129 00200 00200 00200 00200 1.00 1.00 1.00 1.00 1.00 1.00 1.00 1.00
130 00200 00200 00200 00200 1.00 1.00 1.00 1.00 1.00 1.00 1.00 1.00
131 00200 00200 00200 00200 1.00 1.00 1.00 1.00 1.00 1.00 1.00 1.00
132 00200 00200 00200 00200 1.00 1.00 1.00 1.00 1.00 1.00 1.00 1.00
133 00200 00200 00200 00200 1.00 1.00 1.00 1.00 1.00 1.00 1.00 1.00
134 00200 00200 00200 00200 1.00 1.00 1.00 1.00 1.00 1.00 1.00 1.00
135 00200 00200 00200 00200 1.00 1.00 1.00 1.00 1.00 1.00 1.00 1.00
136 00200 00200 00200 00200 1.00 1.00 1.00 1.00 1.00 1.00 1.00 1.00
137 00200 00200 00200 00200 1.00 1.00 1.00 1.00 1.00 1.00 1.00 1.00
138 00200 00200 00200 00200 1.00 1.00 1.00 1.00 1.00 1.00 1.00 1.00
139 00200 00200 00200 00200 1.00 1.00 1.00 1.00 1.00 1.00 1.00 1.00
140 00200 00200 00200 00200 1.00 1.00 1.00 1.00 1.00 1.00 1.00 1.00
141 00200 00200 00200 00200 1.00 1.00 1.00 1.00 1.00 1.00 1.00 1.00
142 00200 00200 00200 00200 1.00 1.00 1.00 1.00 1.00 1.00 1.00 1.00
143 00200 00200 00200 00200 1.00 1.00 1.00 1.00 1.00 1.00 1.00 1.00
144 00200 00200 00200 00200 1.00 1.00 1.00 1.00 1.00 1.00 1.00 1.00
145 00200 00200 00200 00200 1.00 1.00 1.00 1.00 1.00 1.00 1.00 1.00
146 00200 00200 00200 00200 1.00 1.00 1.00 1.00 1.00 1.00 1.00 1.00
147 00200 00200 00200 00200 1.00 1.00 1.00 1.00 1.00 1.00 1.00 1.00
148 00200 00200 00200 00200 1.00 1.00 1.00 1.00 1.00 1.00 1.00 1.00
149 00200 00200 00200 00200 1.00 1.00 1.00 1.00 1.00 1.00 1.00 1.00
150 00200 00200 00200 00200 1.00 1.00 1.00 1.00 1.00 1.00 1.00 1.00
151 00200 00200 00200 00200 1.00 1.00 1.00 1.00 1.00 1.00 1.00 1.00
152 00200 00200 00200 00200 1.00 1.00 1.00 1.00 1.00 1.00 1.00 1.00
153 00200 00200 00200 00200 1.00 1.00 1.00 1.00 1.00 1.00 1.00 1.00
154 00200 00200 00000 00200 .46 .46 .46 .46 .63 .63 .63 .63
155 00200 00200 00000 00200 .46 .46 .46 .46 .63 .63 .63 .63
156 00200 00200 00000 00200 .46 .46 .46 .46 .63 .63 .63 .63
157 00200 00200 00200 00200 1.00 1.00 1.00 1.00 1.00 1.00 1.00 1.00
158 00200 00200 00200 00200 1.00 1.00 1.00 1.00 1.00 1.00 1.00 1.00
159 00200 00200 00200 00200 1.00 1.00 1.00 1.00 1.00 1.00 1.00 1.00
160 00200 00200 00200 00200 1.00 1.00 1.00 1.00 1.00 1.00 1.00 1.00
161 00200 00200 00200 00200 1.00 1.00 1.00 1.00 1.00 1.00 1.00 1.00
162 00200 00200 00200 00200 1.00 1.00 1.00 1.00 1.00 1.00 1.00 1.00
163 00200 00200 00200 00200 1.00 1.00 1.00 1.00 1.00 1.00 1.00 1.00
164 00200 00200 00200 00200 1.00 1.00 1.00 1.00 1.00 1.00 1.00 1.00
165 00200 00200 00200 00200 1.00 1.00 1.00 1.00 1.00 1.00 1.00 1.00
166 00200 00200 00200 00200 1.00 1.00 1.00 1.00 1.00 1.00 1.00 1.00
167 00200 00200 00200 00200 1.00 1.00 1.00 1.00 1.00 1.00 1.00 1.00
168 00200 00200 00200 00200 1.00 1.00 1.00 1.00 1.00 1.00 1.00 1.00
169 00200 00200 00200 00200 1.00 1.00 1.00 1.00 1.00 1.00 1.00 1.00
170 00200 00200 00200 00200 1.00 1.00 1.00 1.00 1.00 1.00 1.00 1.00
171 00200 00200 00200 00200 1.00 1.00 1.00 1.00 1.00 1.00 1.00 1.00
172 00200 00200 00200 00200 1.00 1.00 1.00 1.00 1.00 1.00 1.00 1.00
173 00200 00200 00200 00200 1.00 1.00 1.00 1.00 1.00 1.00 1.00 1.00
174 00200 00200 00200 00200 1.00 1.00 1.00 1.00 1.00 1.00 1.00 1.00
175 00200 00200 00200 00200 1.00 1.00 1.00 1.00 1.00 1.00 1.00 1.00
176 00200 00200 00200 00200 1.00 1.00 1.00 1.00 1.00 1.00 1.00 1.00
177 00200 00200 00200 00200 1.00 1.00 1.00 1.00 1.00 1.00 1.00 1.00
178 00200 00200 00200 00200 1.00 1.00 1.00 1.00 1.00 1.00 1.00 1.00
179 00200 00200 00200 00200 1.00 1.00 1.00 1.00 1.00 1.00 1.00 1.00
180 00200 00200 00200 00200 1.00 1.00 1.00 1.00 1.00 1.00 1.00 1.00
181 00200 00200 00200 00200 1.00 1.00 1.00 1.00 1.00 1.00 1.00 1.00
182 00200 00200 00200 00200 1.00 1.00 1.00 1.00 1.00 1.00 1.00 1.00
183 00200 00200 00200 00200 1.00 1.00 1.00 1.00 1.00 1.00 1.00 1.00
184 00200 00200 00200 00200 1.00 1.00 1.00 1.00 1.00 1.00 1.00 1.00
185 00200 00200 00200 00200 1.00 1.00 1.00 1.00 1.00 1.00 1.00 1.00
186 00200 00200 00200 00200 1.00 1.00 1.00 1.00 1.00 1.00 1.00 1.00
187 00200 00200 02200 00200 .68 .68 .68 .68 .75 .75 .75 .75
188 00200 00200 02200 00200 .68 .68 .68 .68 .75 .75 .75 .75
189 00200 00200 02200 00200 .68 .68 .68 .68 .75 .75 .75 .75
190 00200 00200 02200 00200 .68 .68 .68 .68 .75 .75 .75 .75
191 00200 00200 02200 00200 .68 .68 .68 .68 .75 .75 .75 .75
192 00200 00200 02200 00200 .68 .68 .68 .68 .75 .75 .75 .75
193 00200 00200 02200 00200 .68 .68 .68 .68 .75 .75 .75 .75
194 00200 00200 02200 00200 .68 .68 .68 .68 .75 .75 .75 .75
195 00200 00200 02200 00200 .68 .68 .68 .68 .75 .75 .75 .75
196 00200 00200 02200 00200 .68 .68 .68 .68 .75 .75 .75 .75
197 00200 00200 02200 00200 .68 .68 .68 .68 .75 .75 .75 .75
198 00200 00200 02200 00200 .68 .68 .68 .68 .75 .75 .75 .75
199 00200 00200 02200 00200 .68 .68 .68 .68 .75 .75 .75 .75
200 00200 00200 02200 00200 .68 .68 .68 .68 .75 .75 .75 .75
201 00200 00200 02200 00200 .68 .68 .68 .68 .75 .75 .75 .75
202 00200 00200 02200 00200 .68 .68 .68 .68 .75 .75 .75 .75
203 00200 00200 02200 00200 .68 .68 .68 .68 .75 .75 .75 .75
204 00200 00200 02200 00200 .68 .68 .68 .68 .75 .75 .75 .75
205 00200 00200 02200 00200 .68 .68 .68 .68 .75 .75 .75 .75
206 00200 00200 02200 00200 .68 .68 .68 .68 .75 .75 .75 .75
207 00200 00200 02200 00200 .68 .68 .68 .68 .75 .75 .75 .75
208 00200 00200 02200 00200 .68 .68 .68 .68 .75 .75 .75 .75
209 00200 00200 02200 00200 .68 .68 .68 .68 .75 .75 .75 .75
210 02200 00200 02200 02200 .72 .72 .72 .72 .79 .79 .79 .79
211 02200 00200 02200 02200 .72 .72 .72 .72 .79 .79 .79 .79
212 02200 00200 02200 02200 .72 .72 .72 .72 .79 .79 .79 .79
213 02200 00200 02200 02200 .72 .72 .72 .72 .79 .79 .79 .79
214 02200 00200 02200 02200 .72 .72 .72 .72 .79 .79 .79 .79
215 02200 00200 02200 02200 .72 .72 .72 .72 .79 .79 .79 .79
216 02200 00200 02200 02200 .72 .72 .72 .72 .79 .79 .79 .79
217 02200 00200 02000 02200 .36 .36 .36 .36 .55 .55 .55 .55
218 02200 00200 02000 02200 .36 .36 .36 .36 .55 .55 .55 .55
219 02200 00200 02000 02200 .36 .36 .36 .36 .55 .55 .55 .55
220 02200 00200 02000 02200 .36 .36 .36 .36 .55 .55 .55 .55
221 02200 00200 02000 02200 .36 .36 .36 .36 .55 .55 .55 .55
222 02200 00200 02000 02200 .36 .36 .36 .36 .55 .55 .55 .55
223 02200 00200 02000 02200 .36 .36 .36 .36 .55 .55 .55 .55
224 02200 00200 02000 02200 .36 .36 .36 .36 .55 .55 .55 .55
225 02200 00200 02000 02200 .36 .36 .36 .36 .55 .55 .55 .55
226 02200 00200 02000 02200 .36 .36 .36 .36 .55 .55 .55 .55
227 02200 00200 02000 02200 .36 .36 .36 .36 .55 .55 .55 .55
228 02200 00200 02000 02200 .36 .36 .36 .36 .55 .55 .55 .55
229 02200 00200 02000 02200 .36 .36 .36 .36 .55 .55 .55 .55
230 20200 20200 02000 20200 .16 .16 .16 .16 .37 .37 .37 .37
231 20200 20200 02000 20200 .16 .16 .16 .16 .37 .37 .37 .37
232 20200 20200 20000 20200 .72 .72 .72 .72 .79 .79 .79 .79
233 20200 20200 20000 20200 .72 .72 .72 .72 .79 .79 .79 .79
234 20200 20200 20000 20200 .72 .72 .72 .72 .79 .79 .79 .79
235 20200 20200 20000 20200 .72 .72 .72 .72 .79 .79 .79 .79
236 20200 20200 20000 20200 .72 .72 .72 .72 .79 .79 .79 .79
237 20200 20200 20000 20200 .72 .72 .72 .72 .79 .79 .79 .79
238 20200 20200 20000 20200 .72 .72 .72 .72 .79 .79 .79 .79
239 20200 20200 20000 20200 .72 .72 .72 .72 .79 .79 .79 .79
240 20000 20000 20000 20000 1.00 1.00 1.00 1.00 1.00 1.00 1.00 1.00
241 20000 20000 20000 20000 1.00 1.00 1.00 1.00 1.00 1.00 1.00 1.00
242 20000 20000 20000 20000 1.00 1.00 1.00 1.00 1.00 1.00 1.00 1.00
243 20000 20000 20000 20000 1.00 1.00 1.00 1.00 1.00 1.00 1.00 1.00
244 20000 20000 20000 20000 1.00 1.00 1.00 1.00 1.00 1.00 1.00 1.00
245 20000 20000 20000 20000 1.00 1.00 1.00 1.00 1.00 1.00 1.00 1.00
246 20000 20000 20000 20000 1.00 1.00 1.00 1.00 1.00 1.00 1.00 1.00
247 20000 20000 20000 20000 1.00 1.00 1.00 1.00 1.00 1.00 1.00 1.00
248 20000 20000 20000 20000 1.00 1.00 1.00 1.00 1.00 1.00 1.00 1.00
249 20000 20000 20000 20000 1.00 1.00 1.00 1.00 1.00 1.00 1.00 1.00
250 20000 20000 20000 20000 1.00 1.00 1.00 1.00 1.00 1.00 1.00 1.00
251 20000 20000 20000 20000 1.00 1.00 1.00 1.00 1.00 1.00 1.00 1.00
252 20000 20000 20000 20000 1.00 1.00 1.00 1.00 1.00 1.00 1.00 1.00
253 20000 20000 20000 20000 1.00 1.00 1.00 1.00 1.00 1.00 1.00 1.00
254 20000 20000 20000 20000 1.00 1.00 1.00 1.00 1.00 1.00 1.00 1.00
255 20000 20000 20000 20000 1.00 1.00 1.00 1.00 1.00 1.00 1.00 1.00
256 20000 20000 20000 20000 1.00 1.00 1.00 1.00 1.00 1.00 1.00 1.00
257 20000 20000 20000 20000 1.00 1.00 1.00 1.00 1.00 1.00 1.00 1.00
258 20000 20000 20000 20000 1.00 1.00 1.00 1.00 1.00 1.00 1.00 1.00
259 20000 20000 20000 20000 1.00 1.00 1.00 1.00 1.00 1.00 1.00 1.00
260 20000 20000 20000 20000 1.00 1.00 1.00 1.00 1.00 1.00 1.00 1.00
261 20000 20000 20000 20000 1.00 1.00 1.00 1.00 1.00 1.00 1.00 1.00
262 20000 20000 20000 20000 1.00 1.00 1.00 1.00 1.00 1.00 1.00 1.00
263 20000 20000 20000 20000 1.00 1.00 1.00 1.00 1.00 1.00 1.00 1.00
264 20000 20000 20000 20000 1.00 1.00 1.00 1.00 1.00 1.00 1.00 1.00
265 20000 20000 20000 20000 1.00 1.00 1.00 1.00 1.00 1.00 1.00 1.00
266 20000 20000 20000 20000 1.00 1.00 1.00 1.00 1.00 1.00 1.00 1.00
267 20000 20000 20000 20000 1.00 1.00 1.00 1.00 1.00 1.00 1.00 1.00
268 20000 20000 20000 20000 1.00 1.00 1.00 1.00 1.00 1.00 1.00 1.00
269 20000 20000 20000 20000 1.00 1.00 1.00 1.00 1.00 1.00 1.00 1.00
270 20000 20000 20000 20000 1.00 1.00 1.00 1.00 1.00 1.00 1.00 1.00
271 20000 20000 20000 20000 1.00 1.00 1.00 1.00 1.00 1.00 1.00 1.00
272 20000 20000 20000 20000 1.00 1.00 1.00 1.00 1.00 1.00 1.00 1.00
273 20000 20000 20000 20000 1.00 1.00 1.00 1.00 1.00 1.00 1.00 1.00
274 20000 20000 20000 20000 1.00 1.00 1.00 1.00 1.00 1.00 1.00 1.00
275 20000 20000 20000 20000 1.00 1.00 1.00 1.00 1.00 1.00 1.00 1.00
276 20000 20000 20000 20000 1.00 1.00 1.00 1.00 1.00 1.00 1.00 1.00
277 20000 20000 20000 20000 1.00 1.00 1.00 1.00 1.00 1.00 1.00 1.00
278 20000 20000 20000 20000 1.00 1.00 1.00 1.00 1.00 1.00 1.00 1.00
279 20000 20000 20000 20000 1.00 1.00 1.00 1.00 1.00 1.00 1.00 1.00
280 20000 20000 20000 20000 1.00 1.00 1.00 1.00 1.00 1.00 1.00 1.00
281 20000 20000 20000 20000 1.00 1.00 1.00 1.00 1.00 1.00 1.00 1.00
282 20000 20000 20000 20000 1.00 1.00 1.00 1.00 1.00 1.00 1.00 1.00
283 20000 20000 20000 20000 1.00 1.00 1.00 1.00 1.00 1.00 1.00 1.00
284 20000 20000 20000 20000 1.00 1.00 1.00 1.00 1.00 1.00 1.00 1.00
285 20000 20000 20000 20000 1.00 1.00 1.00 1.00 1.00 1.00 1.00 1.00
286 20000 20000 20000 20000 1.00 1.00 1.00 1.00 1.00 1.00 1.00 1.00
287 20000 20000 20000 20000 1.00 1.00 1.00 1.00 1.00 1.00 1.00 1.00
288 20000 20000 20000 20000 1.00 1.00 1.00 1.00 1.00 1.00 1.00 1.00
289 20000 20000 20000 20000 1.00 1.00 1.00 1.00 1.00 1.00 1.00 1.00
290 20000 20000 20000 20000 1.00 1.00 1.00 1.00 1.00 1.00 1.00 1.00
291 20000 20000 20000 20000 1.00 1.00 1.00 1.00 1.00 1.00 1.00 1.00
292 20000 20000 20000 20000 1.00 1.00 1.00 1.00 1.00 1.00 1.00 1.00
293 20000 20000 20000 20000 1.00 1.00 1.00 1.00 1.00 1.00 1.00 1.00
294 20000 20000 20000 20000 1.00 1.00 1.00 1.00 1.00 1.00 1.00 1.00
295 20000 20000 20000 20000 1.00 1.00 1.00 1.00 1.00 1.00 1.00 1.00
296 20000 20000 20000 20000 1.00 1.00 1.00 1.00 1.00 1.00 1.00 1.00
297 20000 20000 20000 20000 1.00 1.00 1.00 1.00 1.00 1.00 1.00 1.00
298 20000 20000 20000 20000 1.00 1.00 1.00 1.00 1.00 1.00 1.00 1.00
299 20000 20000 20000 20000 1.00 1.00 1.00 1.00 1.00 1.00 1.00 1.00
300 20000 20000 20000 20000 1.00 1.00 1.00 1.00 1.00 1.00 1.00 1.00
301 20000 20000 20000 20000 1.00 1.00 1.00 1.00 1.00 1.00 1.00 1.00
302 20000 20000 20000 20000 1.00 1.00 1.00 1.00 1.00 1.00 1.00 1.00
303 20000 20000 20000 20000 1.00 1.00 1.00 1.00 1.00 1.00 1.00 1.00
304 20000 20000 20000 20000 1.00 1.00 1.00 1.00 1.00 1.00 1.00 1.00
305 20000 20000 20000 20000 1.00 1.00 1.00 1.00 1.00 1.00 1.00 1.00
306 20000 20000 20000 20000 1.00 1.00 1.00 1.00 1.00 1.00 1.00 1.00
307 20000 20000 20000 20000 1.00 1.00 1.00 1.00 1.00 1.00 1.00 1.00
308 20000 20000 20000 20000 1.00 1.00 1.00 1.00 1.00 1.00 1.00 1.00
309 20000 20000 20000 20000 1.00 1.00 1.00 1.00 1.00 1.00 1.00 1.00
310 20000 20000 20000 20000 1.00 1.00 1.00 1.00 1.00 1.00 1.00 1.00
311 20000 20000 20000 20000 1.00 1.00 1.00 1.00 1.00 1.00 1.00 1.00
312 20000 20000 20000 20000 1.00 1.00 1.00 1.00 1.00 1.00 1.00 1.00
313 20000 20000 20020 20000 .68 .68 .68 .68 .75 .75 .75 .75
314 20000 20000 20020 20000 .68 .68 .68 .68 .75 .75 .75 .75
315 20000 20000 20020 20000 .68 .68 .68 .68 .75 .75 .75 .75
316 20000 20000 00020 20000 .22 .22 .22 .22 .41 .41 .41 .41
317 20000 20000 00020 20000 .22 .22 .22 .22 .41 .41 .41 .41
318 20000 20000 00020 20000 .22 .22 .22 .22 .41 .41 .41 .41
319 20000 20000 00020 20000 .22 .22 .22 .22 .41 .41 .41 .41
320 20000 20000 00020 20000 .22 .22 .22 .22 .41 .41 .41 .41
321 20000 20000 00020 20000 .22 .22 .22 .22 .41 .41 .41 .41
322 20000 20000 00020 20000 .22 .22 .22 .22 .41 .41 .41 .41
323 20000 20000 00020 20000 .22 .22 .22 .22 .41 .41 .41 .41
324 20000 20000 00020 20000 .22 .22 .22 .22 .41 .41 .41 .41
325 20000 20000 00020 20000 .22 .22 .22 .22 .41 .41 .41 .41
326 20000 20000 00020 20000 .22 .22 .22 .22 .41 .41 .41 .41
327 20000 20000 00020 20000 .22 .22 .22 .22 .41 .41 .41 .41
328 20000 20000 00020 20000 .22 .22 .22 .22 .41 .41 .41 .41
329 20000 20000 00020 20000 .22 .22 .22 .22 .41 .41 .41 .41
330 20020 20000 00020 20020 .36 .36 .36 .36 .55 .55 .55 .55
331 20020 20000 20020 20020 .72 .72 .72 .72 .79 .79 .79 .79
332 20020 20000 20020 20020 .72 .72 .72 .72 .79 .79 .79 .79
333 20020 20000 20020 20020 .72 .72 .72 .72 .79 .79 .79 .79
334 20020 20000 20020 20020 .72 .72 .72 .72 .79 .79 .79 .79
335 20020 20000 20020 20020 .72 .72 .72 .72 .79 .79 .79 .79
336 20020 20000 20020 20020 .72 .72 .72 .72 .79 .79 .79 .79
337 20020 20000 20020 20020 .72 .72 .72 .72 .79 .79 .79 .79
338 20020 20000 20020 20020 .72 .72 .72 .72 .79 .79 .79 .79
339 20020 20000 20020 20020 .72 .72 .72 .72 .79 .79 .79 .79
340 20020 20000 20020 20020 .72 .72 .72 .72 .79 .79 .79 .79
341 20020 20000 20020 20020 .72 .72 .72 .72 .79 .79 .79 .79
342 20020 20000 20020 20020 .72 .72 .72 .72 .79 .79 .79 .79
343 20020 20000 20020 20020 .72 .72 .72 .72 .79 .79 .79 .79
344 20020 20000 20020 20020 .72 .72 .72 .72 .79 .79 .79 .79
345 20020 20000 20020 20020 .72 .72 .72 .72 .79 .79 .79 .79
346 20020 20000 00020 20020 .36 .36 .36 .36 .55 .55 .55 .55
347 20020 20000 00020 20020 .36 .36 .36 .36 .55 .55 .55 .55
348 20020 20000 00020 20020 .36 .36 .36 .36 .55 .55 .55 .55
349 20020 20000 00020 20020 .36 .36 .36 .36 .55 .55 .55 .55
350 20200 20000 00020 20000 .05 .05 .05 .05 .24 .24 .24 .24
351 20200 20000 00020 20000 .05 .05 .05 .05 .24 .24 .24 .24
352 20200 20000 00020 20000 .05 .05 .05 .05 .24 .24 .24 .24
353 20200 20000 00020 20000 .05 .05 .05 .05 .24 .24 .24 .24
354 20200 20000 00020 20000 .05 .05 .05 .05 .24 .24 .24 .24
355 20200 20000 00020 20000 .05 .05 .05 .05 .24 .24 .24 .24
356 20200 20000 00020 20000 .05 .05 .05 .05 .24 .24 .24 .24
357 20200 20000 00020 20000 .05 .05 .05 .05 .24 .24 .24 .24
358 20200 20000 00020 20000 .05 .05 .05 .05 .24 .24 .24 .24
359 20200 20000 00020 20000 .05 .05 .05 .05 .24 .24 .24 .24
360 20200 20200 00020 20200 .16 .16 .16 .16 .37 .37 .37 .37
361 20200 20200 00200 20200 .72 .72 .72 .72 .79 .79 .79 .79
362 20200 20200 00200 20200 .72 .72 .72 .72 .79 .79 .79 .79
363 20200 20200 00200 20200 .72 .72 .72 .72 .79 .79 .79 .79
364 20200 20200 00200 20200 .72 .72 .72 .72 .79 .79 .79 .79
365 20200 20200 00200 20200 .72 .72 .72 .72 .79 .79 .79 .79
366 20200 20200 00200 20200 .72 .72 .72 .72 .79 .79 .79 .79
367 20200 20200 00200 20200 .72 .72 .72 .72 .79 .79 .79 .79
368 20200 20200 00200 20200 .72 .72 .72 .72 .79 .79 .79 .79
369 20200 20200 00200 20200 .72 .72 .72 .72 .79 .79 .79 .79
370 00200 00200 00200 00200 1.00 1.00 1.00 1.00 1.00 1.00 1.00 1.00
371 00200 00200 00200 00200 1.00 1.00 1.00 1.00 1.00 1.00 1.00 1.00
372 00200 00200 00200 00200 1.00 1.00 1.00 1.00 1.00 1.00 1.00 1.00
373 00200 00200 00200 00200 1.00 1.00 1.00 1.00 1.00 1.00 1.00 1.00
374 00200 00200 00200 00200 1.00 1.00 1.00 1.00 1.00 1.00 1.00 1.00
375 00200 00200 00200 00200 1.00 1.00 1.00 1.00 1.00 1.00 1.00 1.00
376 00200 00200 00200 00200 1.00 1.00 1.00 1.00 1.00 1.00 1.00 1.00
377 00200 00200 00200 00200 1.00 1.00 1.00 1.00 1.00 1.00 1.00 1.00
378 00200 00200 00200 00200 1.00 1.00 1.00 1.00 1.00 1.00 1.00 1.00
379 00200 00200 00200 00200 1.00 1.00 1.00 1.00 1.00 1.00 1.00 1.00
380 00200 00200 00200 00200 1.00 1.00 1.00 1.00 1.00 1.00 1.00 1.00
381 00200 00200 00200 00200 1.00 1.00 1.00 1.00 1.00 1.00 1.00 1.00
382 00200 00200 00200 00200 1.00 1.00 1.00 1.00 1.00 1.00 1.00 1.00
383 00200 00200 00200 00200 1.00 1.00 1.00 1.00 1.00 1.00 1.00 1.00
384 00200 00200 00200 00200 1.00 1.00 1.00 1.00 1.00 1.00 1.00 1.00
385 00200 00200 00200 00200 1.00 1.00 1.00 1.00 1.00 1.00 1.00 1.00
386 00200 00200 00200 00200 1.00 1.00 1.00 1.00 1.00 1.00 1.00 1.00
387 00200 00200 00200 00200 1.00 1.00 1.00 1.00 1.00 1.00 1.00 1.00
388 00200 00200 00200 00200 1.00 1.00 1.00 1.00 1.00 1.00 1.00 1.00
389 00200 00200 00200 00200 1.00 1.00 1.00 1.00 1.00 1.00 1.00 1.00
390 00200 00200 00200 00200 1.00 1.00 1.00 1.00 1.00 1.00 1.00 1.00
391 00200 00200 00000 00200 .46 .46 .46 .46 .63 .63 .63 .63
392 00200 00200 00000 00200 .46 .46 .46 .46 .63 .63 .63 .63
393 00200 00200 00000 00200 .46 .46 .46 .46 .63 .63 .63 .63
394 00200 00200 00000 00200 .46 .46 .46 .46 .63 .63 .63 .63
395 00200 00200 00000 00200 .46 .46 .46 .46 .63 .63 .63 .63
396 00200 00200 00000 00200 .46 .46 .46 .46 .63 .63 .63 .63
397 00200 00200 00000 00200 .46 .46 .46 .46 .63 .63 .63 .63
398 00200 00200 00000 00200 .46 .46 .46 .46 .63 .63 .63 .63
399 00200 00200 00000 00200 .46 .46 .46 .46 .63 .63 .63 .63
400 00200 00200 00000 00200 .46 .46 .46 .46 .63 .63 .63 .63
401 00200 00200 00000 00200 .46 .46 .46 .46 .63 .63 .63 .63
402 00200 00200 00000 00200 .46 .46 .46 .46 .63 .63 .63 .63
403 00200 00200 00000 00200 .46 .46 .46 .46 .63 .63 .63 .63
404 00200 00200 00000 00200 .46 .46 .46 .46 .63 .63 .63 .63
405 00200 00200 00000 00200 .46 .46 .46 .46 .63 .63 .63 .63
406 00200 00200 00200 00200 1.00 1.00 1.00 1.00 1.00 1.00 1.00 1.00
407 00200 00200 00200 00200 1.00 1.00 1.00 1.00 1.00 1.00 1.00 1.00
408 00200 00200 00200 00200 1.00 1.00 1.00 1.00 1.00 1.00 1.00 1.00
409 00200 00200 00200 00200 1.00 1.00 1.00 1.00 1.00 1.00 1.00 1.00
410 00200 00200 00200 00200 1.00 1.00 1.00 1.00 1.00 1.00 1.00 1.00
411 00200 00200 00200 00200 1.00 1.00 1.00 1.00 1.00 1.00 1.00 1.00
412 00200 00200 00200 00200 1.00 1.00 1.00 1.00 1.00 1.00 1.00 1.00
413 00200 00200 00200 00200 1.00 1.00 1.00 1.00 1.00 1.00 1.00 1.00
414 00200 00200 00200 00200 1.00 1.00 1.00 1.00 1.00 1.00 1.00 1.00
415 00200 00200 00200 00200 1.00 1.00 1.00 1.00 1.00 1.00 1.00 1.00
416 00200 00200 00200 00200 1.00 1.00 1.00 1.00 1.00 1.00 1.00 1.00
417 00200 00200 00200 00200 1.00 1.00 1.00 1.00 1.00 1.00 1.00 1.00
418 00200 00200 00200 00200 1.00 1.00 1.00 1.00 1.00 1.00 1.00 1.00
419 00200 00200 00200 00200 1.00 1.00 1.00 1.00 1.00 1.00 1.00 1.00
420 00200 00200 00200 00200 1.00 1.00 1.00 1.00 1.00 1.00 1.00 1.00
421 00200 00200 00200 00200 1.00 1.00 1.00 1.00 1.00 1.00 1.00 1.00
422 00200 00200 00200 00200 1.00 1.00 1.00 1.00 1.00 1.00 1.00 1.00
423 00200 00200 00200 00200 1.00 1.00 1.00 1.00 1.00 1.00 1.00 1.00
424 00200 00200 00200 00200 1.00 1.00 1.00 1.00 1.00 1.00 1.00 1.00
425 00200 00200 00200 00200 1.00 1.00 1.00 1.00 1.00 1.00 1.00 1.00
426 00200 00200 00200 00200 1.00 1.00 1.00 1.00 1.00 1.00 1.00 1.00
427 00200 00200 00200 00200 1.00 1.00 1.00 1.00 1.00 1.00 1.00 1.00
428 00200 00200 00200 00200 1.00 1.00 1.00 1.00 1.00 1.00 1.00 1.00
429 00200 00200 00200 00200 1.00 1.00 1.00 1.00 1.00 1.00 1.00 1.00
430 00201 00201 00200 00201 .75 .83 .90 .72 .82 .87 .93 .79
431 00201 00201 00200 00201 .75 .83 .90 .72 .82 .87 .93 .79
432 00201 00201 00200 00201 .75 .83 .90 .72 .82 .87 .93 .79
