0 00000 00000 00000 00000 1.0 1.0 1.0 1.0 1.0 1.0 1.0 1.0
1 00000 00000 00000 00000 1.0 1.0 1.0 1.0 1.0 1.0 1.0 1.0
2 00000 00000 00000 00000 1.0 1.0 1.0 1.0 1.0 1.0 1.0 1.0
3 00000 00000 00000 00000 1.0 1.0 1.0 1.0 1.0 1.0 1.0 1.0
4 00000 00000 00000 00000 1.0 1.0 1.0 1.0 1.0 1.0 1.0 1.0
5 00000 00000 00000 00000 1.0 1.0 1.0 1.0 1.0 1.0 1.0 1.0
6 00000 00000 00000 00000 1.0 1.0 1.0 1.0 1.0 1.0 1.0 1.0
7 00000 00000 00000 00000 1.0 1.0 1.0 1.0 1.0 1.0 1.0 1.0
8 00000 00000 00000 00000 1.0 1.0 1.0 1.0 1.0 1.0 1.0 1.0
9 00000 00000 00000 00000 1.0 1.0 1.0 1.0 1.0 1.0 1.0 1.0
10 00000 00000 00000 00000 1.0 1.0 1.0 1.0 1.0 1.0 1.0 1.0
11 00000 00000 00000 00000 1.0 1.0 1.0 1.0 1.0 1.0 1.0 1.0
12 00000 00000 00000 00000 1.0 1.0 1.0 1.0 1.0 1.0 1.0 1.0
13 00000 00000 00000 00000 1.0 1.0 1.0 1.0 1.0 1.0 1.0 1.0
14 00000 00000 00000 00000 1.0 1.0 1.0 1.0 1.0 1.0 1.0 1.0
15 00000 00000 00000 00000 1.0 1.0 1.0 1.0 1.0 1.0 1.0 1.0
16 00000 00000 00000 00000 1.0 1.0 1.0 1.0 1.0 1.0 1.0 1.0
17 00000 00000 00000 00000 1.0 1.0 1.0 1.0 1.0 1.0 1.0 1.0
18 00000 00000 00000 00000 1.0 1.0 1.0 1.0 1.0 1.0 1.0 1.0
19 00000 00000 00000 00000 1.0 1.0 1.0 1.0 1.0 1.0 1.0 1.0
20 00000 00000 00000 00000 1.0 1.0 1.0 1.0 1.0 1.0 1.0 1.0
21 00000 00000 00000 00000 1.0 1.0 1.0 1.0 1.0 1.0 1.0 1.0
22 00000 00000 00000 00000 1.0 1.0 1.0 1.0 1.0 1.0 1.0 1.0
23 00000 00000 00000 00000 1.0 1.0 1.0 1.0 1.0 1.0 1.0 1.0
24 00000 00000 00000 00000 1.0 1.0 1.0 1.0 1.0 1.0 1.0 1.0
25 00000 00000 00000 00000 1.0 1.0 1.0 1.0 1.0 1.0 1.0 1.0
26 00000 00000 00000 00000 1.0 1.0 1.0 1.0 1.0 1.0 1.0 1.0
27 00000 00000 00000 00000 1.0 1.0 1.0 1.0 1.0 1.0 1.0 1.0
28 00000 00000 00000 00000 1.0 1.0 1.0 1.0 1.0 1.0 1.0 1.0
29 00000 00000 00000 00000 1.0 1.0 1.0 1.0 1.0 1.0 1.0 1.0
30 00000 00000 00000 00000 1.0 1.0 1.0 1.0 1.0 1.0 1.0 1.0
31 00000 00000 00000 00000 1.0 1.0 1.0 1.0 1.0 1.0 1.0 1.0
32 00000 00000 00000 00000 1.0 1.0 1.0 1.0 1.0 1.0 1.0 1.0
33 00000 00000 00000 00000 1.0 1.0 1.0 1.0 1.0 1.0 1.0 1.0
34 00000 00000 00000 00000 1.0 1.0 1.0 1.0 1.0 1.0 1.0 1.0
35 00000 00000 00000 00000 1.0 1.0 1.0 1.0 1.0 1.0 1.0 1.0
36 00000 00000 00000 00000 1.0 1.0 1.0 1.0 1.0 1.0 1.0 1.0
37 00000 00000 00000 00000 1.0 1.0 1.0 1.0 1.0 1.0 1.0 1.0
38 00000 00000 00000 00000 1.0 1.0 1.0 1.0 1.0 1.0 1.0 1.0
39 00000 00000 00000 00000 1.0 1.0 1.0 1.0 1.0 1.0 1.0 1.0
40 00000 00000 00000 00000 1.0 1.0 1.0 1.0 1.0 1.0 1.0 1.0
41 00000 00000 00000 00000 1.0 1.0 1.0 1.0 1.0 1.0 1.0 1.0
42 00000 00000 00000 00000 1.0 1.0 1.0 1.0 1.0 1.0 1.0 1.0
43 00000 00000 00000 00000 1.0 1.0 1.0 1.0 1.0 1.0 1.0 1.0
44 00000 00000 00000 00000 1.0 1.0 1.0 1.0 1.0 1.0 1.0 1.0
45 00000 00000 00000 00000 1.0 1.0 1.0 1.0 1.0 1.0 1.0 1.0
46 00000 00000 00000 00000 1.0 1.0 1.0 1.0 1.0 1.0 1.0 1.0
47 00000 00000 00000 00000 1.0 1.0 1.0 1.0 1.0 1.0 1.0 1.0
48 00000 00000 00000 00000 1.0 1.0 1.0 1.0 1.0 1.0 1.0 1.0
49 00000 00000 00000 00000 1.0 1.0 1.0 1.0 1.0 1.0 1.0 1.0
50 00000 00000 00000 00000 1.0 1.0 1.0 1.0 1.0 1.0 1.0 1.0
51 00000 00000 00000 00000 1.0 1.0 1.0 1.0 1.0 1.0 1.0 1.0
52 00000 00000 00000 00000 1.0 1.0 1.0 1.0 1.0 1.0 1.0 1.0
53 00000 00000 00000 00000 1.0 1.0 1.0 1.0 1.0 1.0 1.0 1.0
54 00000 00000 00000 00000 1.0 1.0 1.0 1.0 1.0 1.0 1.0 1.0
55 00000 00000 00000 00000 1.0 1.0 1.0 1.0 1.0 1.0 1.0 1.0
56 00000 00000 00000 00000 1.0 1.0 1.0 1.0 1.0 1.0 1.0 1.0
57 00000 00000 00000 00000 1.0 1.0 1.0 1.0 1.0 1.0 1.0 1.0
58 00000 00000 00000 00000 1.0 1.0 1.0 1.0 1.0 1.0 1.0 1.0
59 00000 00000 00000 00000 1.0 1.0 1.0 1.0 1.0 1.0 1.0 1.0
60 00000 00000 00000 00000 1.0 1.0 1.0 1.0 1.0 1.0 1.0 1.0
61 00000 00000 00000 00000 1.0 1.0 1.0 1.0 1.0 1.0 1.0 1.0
62 00000 00000 00000 00000 1.0 1.0 1.0 1.0 1.0 1.0 1.0 1.0
63 00000 00000 00000 00000 1.0 1.0 1.0 1.0 1.0 1.0 1.0 1.0
64 00000 00000 00000 00000 1.0 1.0 1.0 1.0 1.0 1.0 1.0 1.0
65 00000 00000 00000 00000 1.0 1.0 1.0 1.0 1.0 1.0 1.0 1.0
66 00000 00000 00000 00000 1.0 1.0 1.0 1.0 1.0 1.0 1.0 1.0
67 00000 00000 00000 00000 1.0 1.0 1.0 1.0 1.0 1.0 1.0 1.0
68 00000 00000 00000 00000 1.0 1.0 1.0 1.0 1.0 1.0 1.0 1.0
69 00000 00000 00000 00000 1.0 1.0 1.0 1.0 1.0 1.0 1.0 1.0
70 00000 00000 00000 00000 1.0 1.0 1.0 1.0 1.0 1.0 1.0 1.0
71 00000 00000 00000 00000 1.0 1.0 1.0 1.0 1.0 1.0 1.0 1.0
72 00000 00000 00000 00000 1.0 1.0 1.0 1.0 1.0 1.0 1.0 1.0
73 00000 00000 00000 00000 1.0 1.0 1.0 1.0 1.0 1.0 1.0 1.0
74 00000 00000 00000 00000 1.0 1.0 1.0 1.0 1.0 1.0 1.0 1.0
75 00000 00000 00000 00000 1.0 1.0 1.0 1.0 1.0 1.0 1.0 1.0
76 00000 00000 00000 00000 1.0 1.0 1.0 1.0 1.0 1.0 1.0 1.0
77 00000 00000 00000 00000 1.0 1.0 1.0 1.0 1.0 1.0 1.0 1.0
78 00000 00000 00000 00000 1.0 1.0 1.0 1.0 1.0 1.0 1.0 1.0
79 00000 00000 00000 00000 1.0 1.0 1.0 1.0 1.0 1.0 1.0 1.0
80 00020 00000 00000 00000 1.0 1.0 1.0 1.0 1.0 1.0 1.0 1.0
81 00020 00000 00000 00000 1.0 1.0 1.0 1.0 1.0 1.0 1.0 1.0
82 00020 00000 00000 00000 1.0 1.0 1.0 1.0 1.0 1.0 1.0 1.0
83 00020 00000 00000 00000 1.0 1.0 1.0 1.0 1.0 1.0 1.0 1.0
84 00020 00000 00000 00000 1.0 1.0 1.0 1.0 1.0 1.0 1.0 1.0
85 00020 00000 00000 00000 1.0 1.0 1.0 1.0 1.0 1.0 1.0 1.0
86 00020 00000 00000 00000 1.0 1.0 1.0 1.0 1.0 1.0 1.0 1.0
87 00020 00000 00000 00000 1.0 1.0 1.0 1.0 1.0 1.0 1.0 1.0
88 00020 00000 00000 00000 1.0 1.0 1.0 1.0 1.0 1.0 1.0 1.0
89 00020 00000 00000 00000 1.0 1.0 1.0 1.0 1.0 1.0 1.0 1.0
90 00020 00000 00000 00000 1.0 1.0 1.0 1.0 1.0 1.0 1.0 1.0
91 00020 00000 00000 00000 1.0 1.0 1.0 1.0 1.0 1.0 1.0 1.0
92 00020 00000 00000 00000 1.0 1.0 1.0 1.0 1.0 1.0 1.0 1.0
93 00020 00000 00000 00000 1.0 1.0 1.0 1.0 1.0 1.0 1.0 1.0
94 00020 00000 00000 00000 1.0 1.0 1.0 1.0 1.0 1.0 1.0 1.0
95 00020 00000 00000 00000 1.0 1.0 1.0 1.0 1.0 1.0 1.0 1.0
96 00020 00000 00000 00000 1.0 1.0 1.0 1.0 1.0 1.0 1.0 1.0
97 00020 00000 00000 00000 1.0 1.0 1.0 1.0 1.0 1.0 1.0 1.0
98 00020 00000 00000 00000 1.0 1.0 1.0 1.0 1.0 1.0 1.0 1.0
99 00020 00000 00000 00000 1.0 1.0 1.0 1.0 1.0 1.0 1.0 1.0
100 00020 00000 00000 00000 1.0 1.0 1.0 1.0 1.0 1.0 1.0 1.0
101 00020 00000 00000 00000 1.0 1.0 1.0 1.0 1.0 1.0 1.0 1.0
102 00020 00000 00000 00000 1.0 1.0 1.0 1.0 1.0 1.0 1.0 1.0
103 00020 00000 00000 00000 1.0 1.0 1.0 1.0 1.0 1.0 1.0 1.0
104 00020 00000 00000 00000 1.0 1.0 1.0 1.0 1.0 1.0 1.0 1.0
105 00020 00000 00000 00000 1.0 1.0 1.0 1.0 1.0 1.0 1.0 1.0
106 00020 00000 00000 00000 1.0 1.0 1.0 1.0 1.0 1.0 1.0 1.0
107 00020 00000 00000 00000 1.0 1.0 1.0 1.0 1.0 1.0 1.0 1.0
108 00020 00000 00000 00000 1.0 1.0 1.0 1.0 1.0 1.0 1.0 1.0
109 00020 00000 00000 00000 1.0 1.0 1.0 1.0 1.0 1.0 1.0 1.0
110 00020 00000 00000 00000 1.0 1.0 1.0 1.0 1.0 1.0 1.0 1.0
111 00020 00000 00000 00000 1.0 1.0 1.0 1.0 1.0 1.0 1.0 1.0
112 00020 00000 00000 00000 1.0 1.0 1.0 1.0 1.0 1.0 1.0 1.0
113 00020 00000 00000 00000 1.0 1.0 1.0 1.0 1.0 1.0 1.0 1.0
114 00020 00000 00000 00000 1.0 1.0 1.0 1.0 1.0 1.0 1.0 1.0
115 00020 00000 00000 00000 1.0 1.0 1.0 1.0 1.0 1.0 1.0 1.0
116 00020 00000 00000 00000 1.0 1.0 1.0 1.0 1.0 1.0 1.0 1.0
117 00020 00000 00000 00000 1.0 1.0 1.0 1.0 1.0 1.0 1.0 1.0
118 00020 00000 00000 00000 1.0 1.0 1.0 1.0 1.0 1.0 1.0 1.0
119 00020 00000 00000 00000 1.0 1.0 1.0 1.0 1.0 1.0 1.0 1.0
120 00200 00200 00000 00200 .46 .46 .46 .46 .63 .63 .63 .63
121 00200 00200 00000 00200 .46 .46 .46 .46 .63 .63 .63 .63
122 00200 00200 00000 00200 .46 .46 .46 .46 .63 .63 .63 .63
123 00200 00200 00000 00200 .46 .46 .46 .46 .63 .63 .63 .63
124 00200 00200 00000 00200 .46 .46 .46 .46 .63 .63 .63 .63
125 00200 00200 00000 00200 .46 .46 .46 .46 .63 .63 .63 .63
126 00200 00200 00000 00200 .46 .46 .46 .46 .63 .63 .63 .63
127 00200 00200 00000 00200 .46 .46 .46 .46 .63 .63 .63 .63
128 00200 00200 00000 00200 .46 .46 .46 .46 .63 .63 .63 .63
129 00200 00200 00000 00200 .46 .46 .46 .46 .63 .63 .63 .63
130 00200 00200 00000 00200 .46 .46 .46 .46 .63 .63 .63 .63
131 00200 00200 00000 00200 .46 .46 .46 .46 .63 .63 .63 .63
132 00200 00200 00000 00200 .46 .46 .46 .46 .63 .63 .63 .63
133 00200 00200 00000 00200 .46 .46 .46 .46 .63 .63 .63 .63
134 00200 00200 00000 00200 .46 .46 .46 .46 .63 .63 .63 .63
135 00200 00200 00000 00200 .46 .46 .46 .46 .63 .63 .63 .63
136 00200 00200 00000 00200 .46 .46 .46 .46 .63 .63 .63 .63
137 00200 00200 00000 00200 .46 .46 .46 .46 .63 .63 .63 .63
138 00200 00200 00000 00200 .46 .46 .46 .46 .63 .63 .63 .63
139 00200 00200 00000 00200 .46 .46 .46 .46 .63 .63 .63 .63
140 00200 00200 00000 00200 .46 .46 .46 .46 .63 .63 .63 .63
141 00200 00200 00000 00200 .46 .46 .46 .46 .63 .63 .63 .63
142 00200 00200 00000 00200 .46 .46 .46 .46 .63 .63 .63 .63
143 00200 00200 00000 00200 .46 .46 .46 .46 .63 .63 .63 .63
144 00200 00200 00000 00200 .46 .46 .46 .46 .63 .63 .63 .63
145 00200 00200 00000 00200 .46 .46 .46 .46 .63 .63 .63 .63
146 00200 00200 00000 00200 .46 .46 .46 .46 .63 .63 .63 .63
147 00200 00200 00000 00200 .46 .46 .46 .46 .63 .63 .63 .63
148 00200 00200 00000 00200 .46 .46 .46 .46 .63 .63 .63 .63
149 00200 00200 00000 00200 .46 .46 .46 .46 .63 .63 .63 .63
150 00200 00200 00000 00200 .46 .46 .46 .46 .63 .63 .63 .63
151 00200 00200 00000 00200 .46 .46 .46 .46 .63 .63 .63 .63
152 00200 00200 00000 00200 .46 .46 .46 .46 .63 .63 .63 .63
153 00200 00200 00000 00200 .46 .46 .46 .46 .63 .63 .63 .63
154 00200 00200 00000 00200 .46 .46 .46 .46 .63 .63 .63 .63
155 00200 00200 00000 00200 .46 .46 .46 .46 .63 .63 .63 .63
156 00200 00200 00000 00200 .46 .46 .46 .46 .63 .63 .63 .63
157 00200 00200 00000 00200 .46 .46 .46 .46 .63 .63 .63 .63
158 00200 00200 00000 00200 .46 .46 .46 .46 .63 .63 .63 .63
159 00200 00200 00000 00200 .46 .46 .46 .46 .63 .63 .63 .63
160 00200 00200 00000 00200 .46 .46 .46 .46 .63 .63 .63 .63
161 00200 00200 00000 00200 .46 .46 .46 .46 .63 .63 .63 .63
162 00200 00200 00000 00200 .46 .46 .46 .46 .63 .63 .63 .63
163 00200 00200 00000 00200 .46 .46 .46 .46 .63 .63 .63 .63
164 00200 00200 00000 00200 .46 .46 .46 .46 .63 .63 .63 .63
165 00200 00200 00000 00200 .46 .46 .46 .46 .63 .63 .63 .63
166 00200 00200 00000 00200 .46 .46 .46 .46 .63 .63 .63 .63
167 00200 00200 00000 00200 .46 .46 .46 .46 .63 .63 .63 .63
168 00200 00200 00000 00200 .46 .46 .46 .46 .63 .63 .63 .63
169 00200 00200 00000 00200 .46 .46 .46 .46 .63 .63 .63 .63
170 00200 00201 00000 00200 .26 .27 .36 .23 .43 .46 .55 .41
171 00200 00201 00000 00200 .26 .27 .36 .23 .43 .46 .55 .41
172 00200 00201 00000 00200 .26 .27 .36 .23 .43 .46 .55 .41
173 00200 00201 00000 00200 .26 .27 .36 .23 .43 .46 .55 .41
174 00200 00201 00000 00200 .26 .27 .36 .23 .43 .46 .55 .41
175 00200 00201 00000 00200 .26 .27 .36 .23 .43 .46 .55 .41
176 00200 00201 00000 00200 .26 .27 .36 .23 .43 .46 .55 .41
177 00200 00201 00000 00200 .26 .27 .36 .23 .43 .46 .55 .41
178 00200 00201 00000 00200 .26 .27 .36 .23 .43 .46 .55 .41
179 00200 00201 00000 00200 .26 .27 .36 .23 .43 .46 .55 .41
180 00200 00200 00000 00200 .46 .46 .46 .46 .63 .63 .63 .63
181 00200 00200 00000 00200 .46 .46 .46 .46 .63 .63 .63 .63
182 00200 00200 00000 00200 .46 .46 .46 .46 .63 .63 .63 .63
183 00200 00200 00000 00200 .46 .46 .46 .46 .63 .63 .63 .63
184 00200 00200 00000 00200 .46 .46 .46 .46 .63 .63 .63 .63
185 00200 00200 00000 00200 .46 .46 .46 .46 .63 .63 .63 .63
186 00200 00200 00000 00200 .46 .46 .46 .46 .63 .63 .63 .63
187 00200 00200 00000 00200 .46 .46 .46 .46 .63 .63 .63 .63
188 00200 00200 00000 00200 .46 .46 .46 .46 .63 .63 .63 .63
189 00200 00200 00200 00200 1.00 1.00 1.00 1.00 1.00 1.00 1.00 1.00
190 00200 00200 00200 00200 1.00 1.00 1.00 1.00 1.00 1.00 1.00 1.00
191 00200 00200 00200 00200 1.00 1.00 1.00 1.00 1.00 1.00 1.00 1.00
192 00200 00200 00200 00200 1.00 1.00 1.00 1.00 1.00 1.00 1.00 1.00
193 00200 00200 00200 00200 1.00 1.00 1.00 1.00 1.00 1.00 1.00 1.00
194 00200 00200 00200 00200 1.00 1.00 1.00 1.00 1.00 1.00 1.00 1.00
195 00200 00200 00200 00200 1.00 1.00 1.00 1.00 1.00 1.00 1.00 1.00
196 00200 00200 00200 00200 1.00 1.00 1.00 1.00 1.00 1.00 1.00 1.00
197 00200 00200 00200 00200 1.00 1.00 1.00 1.00 1.00 1.00 1.00 1.00
198 00200 00200 00200 00200 1.00 1.00 1.00 1.00 1.00 1.00 1.00 1.00
199 00200 00200 00200 00200 1.00 1.00 1.00 1.00 1.00 1.00 1.00 1.00
200 00200 00200 00200 00200 1.00 1.00 1.00 1.00 1.00 1.00 1.00 1.00
201 00200 00200 00200 00200 1.00 1.00 1.00 1.00 1.00 1.00 1.00 1.00
202 00200 00200 00200 00200 1.00 1.00 1.00 1.00 1.00 1.00 1.00 1.00
203 00200 00200 00200 00200 1.00 1.00 1.00 1.00 1.00 1.00 1.00 1.00
204 00200 00200 00200 00200 1.00 1.00 1.00 1.00 1.00 1.00 1.00 1.00
205 00200 00200 00200 00200 1.00 1.00 1.00 1.00 1.00 1.00 1.00 1.00
206 00200 00200 00200 00200 1.00 1.00 1.00 1.00 1.00 1.00 1.00 1.00
207 00200 00200 00200 00200 1.00 1.00 1.00 1.00 1.00 1.00 1.00 1.00
208 00200 00200 00200 00200 1.00 1.00 1.00 1.00 1.00 1.00 1.00 1.00
209 00200 00200 00200 00200 1.00 1.00 1.00 1.00 1.00 1.00 1.00 1.00
210 00200 00200 00200 00200 1.00 1.00 1.00 1.00 1.00 1.00 1.00 1.00
211 00200 00200 00200 00200 1.00 1.00 1.00 1.00 1.00 1.00 1.00 1.00
212 00200 00200 00200 00200 1.00 1.00 1.00 1.00 1.00 1.00 1.00 1.00
213 00200 00200 00200 00200 1.00 1.00 1.00 1.00 1.00 1.00 1.00 1.00
214 00200 00200 00200 00200 1.00 1.00 1.00 1.00 1.00 1.00 1.00 1.00
215 00200 00200 00200 00200 1.00 1.00 1.00 1.00 1.00 1.00 1.00 1.00
216 00200 00200 00200 00200 1.00 1.00 1.00 1.00 1.00 1.00 1.00 1.00
217 00200 00200 00200 00200 1.00 1.00 1.00 1.00 1.00 1.00 1.00 1.00
218 00200 00200 00200 00200 1.00 1.00 1.00 1.00 1.00 1.00 1.00 1.00
219 00200 00200 00200 00200 1.00 1.00 1.00 1.00 1.00 1.00 1.00 1.00
220 00200 00200 00200 00200 1.00 1.00 1.00 1.00 1.00 1.00 1.00 1.00
221 00200 00200 00200 00200 1.00 1.00 1.00 1.00 1.00 1.00 1.00 1.00
222 00200 00200 00200 00200 1.00 1.00 1.00 1.00 1.00 1.00 1.00 1.00
223 00200 00200 00200 00200 1.00 1.00 1.00 1.00 1.00 1.00 1.00 1.00
224 00200 00200 00200 00200 1.00 1.00 1.00 1.00 1.00 1.00 1.00 1.00
225 00200 00200 00200 00200 1.00 1.00 1.00 1.00 1.00 1.00 1.00 1.00
226 00200 00200 00200 00200 1.00 1.00 1.00 1.00 1.00 1.00 1.00 1.00
227 00200 00200 00200 00200 1.00 1.00 1.00 1.00 1.00 1.00 1.00 1.00
228 00200 00200 00200 00200 1.00 1.00 1.00 1.00 1.00 1.00 1.00 1.00
229 00200 00200 00200 00200 1.00 1.00 1.00 1.00 1.00 1.00 1.00 1.00
230 00200 00200 00200 00200 1.00 1.00 1.00 1.00 1.00 1.00 1.00 1.00
231 00200 00200 00200 00200 1.00 1.00 1.00 1.00 1.00 1.00 1.00 1.00
232 00200 00200 00200 00200 1.00 1.00 1.00 1.00 1.00 1.00 1.00 1.00
233 00200 00200 00200 00200 1.00 1.00 1.00 1.00 1.00 1.00 1.00 1.00
234 00200 00200 00000 00200 .46 .46 .46 .46 .63 .63 .63 .63
235 00200 00200 00000 00200 .46 .46 .46 .46 .63 .63 .63 .63
236 00200 00200 00000 00200 .46 .46 .46 .46 .63 .63 .63 .63
237 00200 00200 00000 00200 .46 .46 .46 .46 .63 .63 .63 .63
238 00200 00200 00000 00200 .46 .46 .46 .46 .63 .63 .63 .63
239 00200 00200 00000 00200 .46 .46 .46 .46 .63 .63 .63 .63
240 00200 00200 00000 00200 .46 .46 .46 .46 .63 .63 .63 .63
241 00200 00200 00000 00200 .46 .46 .46 .46 .63 .63 .63 .63
242 00200 00200 00000 00200 .46 .46 .46 .46 .63 .63 .63 .63
243 00200 00200 00000 00200 .46 .46 .46 .46 .63 .63 .63 .63
244 00200 00200 00000 00200 .46 .46 .46 .46 .63 .63 .63 .63
245 00200 00200 00000 00200 .46 .46 .46 .46 .63 .63 .63 .63
246 00200 00200 00000 00200 .46 .46 .46 .46 .63 .63 .63 .63
247 00200 00200 00000 00200 .46 .46 .46 .46 .63 .63 .63 .63
248 00200 00200 00000 00200 .46 .46 .46 .46 .63 .63 .63 .63
249 00200 00200 00200 00200 1.00 1.00 1.00 1.00 1.00 1.00 1.00 1.00
250 00200 00200 00200 00200 1.00 1.00 1.00 1.00 1.00 1.00 1.00 1.00
251 00200 00200 00200 00200 1.00 1.00 1.00 1.00 1.00 1.00 1.00 1.00
252 00200 00200 00200 00200 1.00 1.00 1.00 1.00 1.00 1.00 1.00 1.00
253 00200 00200 00200 00200 1.00 1.00 1.00 1.00 1.00 1.00 1.00 1.00
254 00200 00200 00200 00200 1.00 1.00 1.00 1.00 1.00 1.00 1.00 1.00
255 00200 00200 00200 00200 1.00 1.00 1.00 1.00 1.00 1.00 1.00 1.00
256 00200 00200 00200 00200 1.00 1.00 1.00 1.00 1.00 1.00 1.00 1.00
257 00200 00200 00200 00200 1.00 1.00 1.00 1.00 1.00 1.00 1.00 1.00
258 00200 00200 00200 00200 1.00 1.00 1.00 1.00 1.00 1.00 1.00 1.00
259 00200 00200 00200 00200 1.00 1.00 1.00 1.00 1.00 1.00 1.00 1.00
260 00200 00200 00200 00200 1.00 1.00 1.00 1.00 1.00 1.00 1.00 1.00
261 00200 00200 00200 00200 1.00 1.00 1.00 1.00 1.00 1.00 1.00 1.00
262 00200 00200 00200 00200 1.00 1.00 1.00 1.00 1.00 1.00 1.00 1.00
263 00200 00200 00200 00200 1.00 1.00 1.00 1.00 1.00 1.00 1.00 1.00
264 00200 00200 00200 00200 1.00 1.00 1.00 1.00 1.00 1.00 1.00 1.00
265 00200 00200 00200 00200 1.00 1.00 1.00 1.00 1.00 1.00 1.00 1.00
266 00200 00200 00200 00200 1.00 1.00 1.00 1.00 1.00 1.00 1.00 1.00
267 00200 00200 00200 00200 1.00 1.00 1.00 1.00 1.00 1.00 1.00 1.00
268 00200 00200 00200 00200 1.00 1.00 1.00 1.00 1.00 1.00 1.00 1.00
269 00200 00200 00200 00200 1.00 1.00 1.00 1.00 1.00 1.00 1.00 1.00
270 00200 00200 00200 00200 1.00 1.00 1.00 1.00 1.00 1.00 1.00 1.00
271 00200 00200 00200 00200 1.00 1.00 1.00 1.00 1.00 1.00 1.00 1.00
272 00200 00200 00200 00200 1.00 1.00 1.00 1.00 1.00 1.00 1.00 1.00
273 00200 00200 00200 00200 1.00 1.00 1.00 1.00 1.00 1.00 1.00 1.00
274 00200 00200 00200 00200 1.00 1.00 1.00 1.00 1.00 1.00 1.00 1.00
275 00200 00200 00200 00200 1.00 1.00 1.00 1.00 1.00 1.00 1.00 1.00
276 00200 00200 00200 00200 1.00 1.00 1.00 1.00 1.00 1.00 1.00 1.00
277 00200 00200 00200 00200 1.00 1.00 1.00 1.00 1.00 1.00 1.00 1.00
278 00200 00200 00200 00200 1.00 1.00 1.00 1.00 1.00 1.00 1.00 1.00
279 00200 00200 00000 00200 .46 .46 .46 .46 .63 .63 .63 .63
280 00200 00200 00000 00200 .46 .46 .46 .46 .63 .63 .63 .63
281 00200 00200 00000 00200 .46 .46 .46 .46 .63 .63 .63 .63
282 00200 00200 00000 00200 .46 .46 .46 .46 .63 .63 .63 .63
283 00200 00200 00000 00200 .46 .46 .46 .46 .63 .63 .63 .63
284 00200 00200 00000 00200 .46 .46 .46 .46 .63 .63 .63 .63
285 00200 00200 00000 00200 .46 .46 .46 .46 .63 .63 .63 .63
286 00200 00200 00000 00200 .46 .46 .46 .46 .63 .63 .63 .63
287 00200 00200 00000 00200 .46 .46 .46 .46 .63 .63 .63 .63
288 00200 00200 00000 00200 .46 .46 .46 .46 .63 .63 .63 .63
289 00200 00200 00000 00200 .46 .46 .46 .46 .63 .63 .63 .63
290 00200 00200 00000 00200 .46 .46 .46 .46 .63 .63 .63 .63
291 00200 00200 00000 00200 .46 .46 .46 .46 .63 .63 .63 .63
292 00200 00200 00000 00200 .46 .46 .46 .46 .63 .63 .63 .63
293 00200 00200 00000 00200 .46 .46 .46 .46 .63 .63 .63 .63
294 00200 00200 00200 00200 1.00 1.00 1.00 1.00 1.00 1.00 1.00 1.00
295 00200 00200 00200 00200 1.00 1.00 1.00 1.00 1.00 1.00 1.00 1.00
296 00200 00200 00200 00200 1.00 1.00 1.00 1.00 1.00 1.00 1.00 1.00
297 00200 00200 00200 00200 1.00 1.00 1.00 1.00 1.00 1.00 1.00 1.00
298 00200 00200 00200 00200 1.00 1.00 1.00 1.00 1.00 1.00 1.00 1.00
299 00200 00200 00200 00200 1.00 1.00 1.00 1.00 1.00 1.00 1.00 1.00
300 00200 00200 00200 00200 1.00 1.00 1.00 1.00 1.00 1.00 1.00 1.00
301 00200 00200 00200 00200 1.00 1.00 1.00 1.00 1.00 1.00 1.00 1.00
302 00200 00200 00200 00200 1.00 1.00 1.00 1.00 1.00 1.00 1.00 1.00
303 00200 00200 00200 00200 1.00 1.00 1.00 1.00 1.00 1.00 1.00 1.00
304 00200 00200 00200 00200 1.00 1.00 1.00 1.00 1.00 1.00 1.00 1.00
305 00200 00200 00200 00200 1.00 1.00 1.00 1.00 1.00 1.00 1.00 1.00
306 00200 00200 00200 00200 1.00 1.00 1.00 1.00 1.00 1.00 1.00 1.00
307 00200 00200 00200 00200 1.00 1.00 1.00 1.00 1.00 1.00 1.00 1.00
308 00200 00200 00200 00200 1.00 1.00 1.00 1.00 1.00 1.00 1.00 1.00
309 00200 00200 00200 00200 1.00 1.00 1.00 1.00 1.00 1.00 1.00 1.00
310 00200 00200 00200 00200 1.00 1.00 1.00 1.00 1.00 1.00 1.00 1.00
311 00200 00200 00200 00200 1.00 1.00 1.00 1.00 1.00 1.00 1.00 1.00
312 00200 00200 00200 00200 1.00 1.00 1.00 1.00 1.00 1.00 1.00 1.00
313 00200 00200 00200 00200 1.00 1.00 1.00 1.00 1.00 1.00 1.00 1.00
314 00200 00200 00200 00200 1.00 1.00 1.00 1.00 1.00 1.00 1.00 1.00
315 00200 00200 00200 00200 1.00 1.00 1.00 1.00 1.00 1.00 1.00 1.00
316 00200 00200 00200 00200 1.00 1.00 1.00 1.00 1.00 1.00 1.00 1.00
317 00200 00200 00200 00200 1.00 1.00 1.00 1.00 1.00 1.00 1.00 1.00
318 00200 00200 00200 00200 1.00 1.00 1.00 1.00 1.00 1.00 1.00 1.00
319 00200 00200 00200 00200 1.00 1.00 1.00 1.00 1.00 1.00 1.00 1.00
320 00200 00200 00200 00200 1.00 1.00 1.00 1.00 1.00 1.00 1.00 1.00
321 00200 00200 00200 00200 1.00 1.00 1.00 1.00 1.00 1.00 1.00 1.00
322 00200 00200 00200 00200 1.00 1.00 1.00 1.00 1.00 1.00 1.00 1.00
323 00200 00200 00200 00200 1.00 1.00 1.00 1.00 1.00 1.00 1.00 1.00
324 00200 00200 00200 00200 1.00 1.00 1.00 1.00 1.00 1.00 1.00 1.00
325 00200 00200 00200 00200 1.00 1.00 1.00 1.00 1.00 1.00 1.00 1.00
326 00200 00200 00200 00200 1.00 1.00 1.00 1.00 1.00 1.00 1.00 1.00
327 00200 00200 00200 00200 1.00 1.00 1.00 1.00 1.00 1.00 1.00 1.00
328 00200 00200 00200 00200 1.00 1.00 1.00 1.00 1.00 1.00 1.00 1.00
329 00200 00200 00200 00200 1.00 1.00 1.00 1.00 1.00 1.00 1.00 1.00
330 00200 00200 00200 00200 1.00 1.00 1.00 1.00 1.00 1.00 1.00 1.00
331 00200 00200 00200 00200 1.00 1.00 1.00 1.00 1.00 1.00 1.00 1.00
332 00200 00200 00200 00200 1.00 1.00 1.00 1.00 1.00 1.00 1.00 1.00
333 00200 00200 00200 00200 1.00 1.00 1.00 1.00 1.00 1.00 1.00 1.00
334 00200 00200 00200 00200 1.00 1.00 1.00 1.00 1.00 1.00 1.00 1.00
335 00200 00200 00200 00200 1.00 1.00 1.00 1.00 1.00 1.00 1.00 1.00
336 00200 00200 00200 00200 1.00 1.00 1.00 1.00 1.00 1.00 1.00 1.00
337 00200 00200 00200 00200 1.00 1.00 1.00 1.00 1.00 1.00 1.00 1.00
338 00200 00200 00200 00200 1.00 1.00 1.00 1.00 1.00 1.00 1.00 1.00
339 00200 00200 00200 00200 1.00 1.00 1.00 1.00 1.00 1.00 1.00 1.00
340 02200 00200 00200 00200 .68 .68 .68 .68 .75 .75 .75 .75
341 02200 00200 00200 00200 .68 .68 .68 .68 .75 .75 .75 .75
342 02200 00200 00200 00200 .68 .68 .68 .68 .75 .75 .75 .75
343 02200 00200 00200 00200 .68 .68 .68 .68 .75 .75 .75 .75
344 02200 00200 00200 00200 .68 .68 .68 .68 .75 .75 .75 .75
345 02200 00200 00200 00200 .68 .68 .68 .68 .75 .75 .75 .75
346 02200 00200 00200 00200 .68 .68 .68 .68 .75 .75 .75 .75
347 02200 00200 00200 00200 .68 .68 .68 .68 .75 .75 .75 .75
348 02200 00200 00200 00200 .68 .68 .68 .68 .75 .75 .75 .75
349 02200 00200 00200 00200 .68 .68 .68 .68 .75 .75 .75 .75
350 02200 00200 00200 00200 .68 .68 .68 .68 .75 .75 .75 .75
351 02200 00200 00200 00200 .68 .68 .68 .68 .75 .75 .75 .75
352 02200 00200 00200 00200 .68 .68 .68 .68 .75 .75 .75 .75
353 02200 00200 00200 00200 .68 .68 .68 .68 .75 .75 .75 .75
354 02200 00200 00200 00200 .68 .68 .68 .68 .75 .75 .75 .75
355 02200 00200 00200 00200 .68 .68 .68 .68 .75 .75 .75 .75
356 02200 00200 00200 00200 .68 .68 .68 .68 .75 .75 .75 .75
357 02200 00200 00200 00200 .68 .68 .68 .68 .75 .75 .75 .75
358 02200 00200 00200 00200 .68 .68 .68 .68 .75 .75 .75 .75
359 02200 00200 00200 00200 .68 .68 .68 .68 .75 .75 .75 .75
360 02200 00200 00200 00200 .68 .68 .68 .68 .75 .75 .75 .75
361 02200 00200 00200 00200 .68 .68 .68 .68 .75 .75 .75 .75
362 02200 00200 00200 00200 .68 .68 .68 .68 .75 .75 .75 .75
363 02200 00200 00200 00200 .68 .68 .68 .68 .75 .75 .75 .75
364 02200 00200 00200 00200 .68 .68 .68 .68 .75 .75 .75 .75
365 02200 00200 00200 00200 .68 .68 .68 .68 .75 .75 .75 .75
366 02200 00200 00200 00200 .68 .68 .68 .68 .75 .75 .75 .75
367 02200 00200 00200 00200 .68 .68 .68 .68 .75 .75 .75 .75
368 02200 00200 00200 00200 .68 .68 .68 .68 .75 .75 .75 .75
369 02200 00200 00000 00200 .22 .22 .22 .22 .41 .41 .41 .41
370 02200 00200 00000 00200 .22 .22 .22 .22 .41 .41 .41 .41
371 02200 00200 00000 00200 .22 .22 .22 .22 .41 .41 .41 .41
372 02200 00200 00000 00200 .22 .22 .22 .22 .41 .41 .41 .41
373 02200 00200 00000 00200 .22 .22 .22 .22 .41 .41 .41 .41
374 02200 00200 00000 00200 .22 .22 .22 .22 .41 .41 .41 .41
375 02200 00200 00000 00200 .22 .22 .22 .22 .41 .41 .41 .41
376 02200 00200 00000 00200 .22 .22 .22 .22 .41 .41 .41 .41
377 02200 00200 00000 00200 .22 .22 .22 .22 .41 .41 .41 .41
378 02200 00200 00000 00200 .22 .22 .22 .22 .41 .41 .41 .41
379 02200 00200 00000 00200 .22 .22 .22 .22 .41 .41 .41 .41
380 00200 00200 00000 00200 .46 .46 .46 .46 .63 .63 .63 .63
381 00200 00200 00000 00200 .46 .46 .46 .46 .63 .63 .63 .63
382 00200 00200 00000 00200 .46 .46 .46 .46 .63 .63 .63 .63
383 00200 00200 00000 00200 .46 .46 .46 .46 .63 .63 .63 .63
384 00200 00200 00000 00200 .46 .46 .46 .46 .63 .63 .63 .63
385 00200 00200 00000 00200 .46 .46 .46 .46 .63 .63 .63 .63
386 00200 00200 00000 00200 .46 .46 .46 .46 .63 .63 .63 .63
387 00200 00200 00000 00200 .46 .46 .46 .46 .63 .63 .63 .63
388 00200 00200 00000 00200 .46 .46 .46 .46 .63 .63 .63 .63
389 00200 00200 00000 00200 .46 .46 .46 .46 .63 .63 .63 .63
390 00200 00200 00000 00200 .46 .46 .46 .46 .63 .63 .63 .63
391 00200 00200 00000 00200 .46 .46 .46 .46 .63 .63 .63 .63
392 00200 00200 00000 00200 .46 .46 .46 .46 .63 .63 .63 .63
393 00200 00200 00000 00200 .46 .46 .46 .46 .63 .63 .63 .63
394 00200 00200 00000 00200 .46 .46 .46 .46 .63 .63 .63 .63
395 00200 00200 00000 00200 .46 .46 .46 .46 .63 .63 .63 .63
396 00200 00200 00000 00200 .46 .46 .46 .46 .63 .63 .63 .63
397 00200 00200 00000 00200 .46 .46 .46 .46 .63 .63 .63 .63
398 00200 00200 00000 00200 .46 .46 .46 .46 .63 .63 .63 .63
399 00200 00200 00000 00200 .46 .46 .46 .46 .63 .63 .63 .63
400 00200 00200 00000 00200 .46 .46 .46 .46 .63 .63 .63 .63
401 00200 00200 00000 00200 .46 .46 .46 .46 .63 .63 .63 .63
402 00200 00200 00000 00200 .46 .46 .46 .46 .63 .63 .63 .63
403 00200 00200 00000 00200 .46 .46 .46 .46 .63 .63 .63 .63
404 00200 00200 00000 00200 .46 .46 .46 .46 .63 .63 .63 .63
405 00200 00200 00000 00200 .46 .46 .46 .46 .63 .63 .63 .63
406 00200 00200 00000 00200 .46 .46 .46 .46 .63 .63 .63 .63
407 00200 00200 00000 00200 .46 .46 .46 .46 .63 .63 .63 .63
408 00200 00200 00000 00200 .46 .46 .46 .46 .63 .63 .63 .63
409 00200 00200 00000 00200 .46 .46 .46 .46 .63 .63 .63 .63
410 00200 00200 00000 00200 .46 .46 .46 .46 .63 .63 .63 .63
411 00200 00200 00000 00200 .46 .46 .46 .46 .63 .63 .63 .63
412 00200 00200 00000 00200 .46 .46 .46 .46 .63 .63 .63 .63
413 00200 00200 00000 00200 .46 .46 .46 .46 .63 .63 .63 .63
414 00200 00200 00000 00200 .46 .46 .46 .46 .63 .63 .63 .63
415 00200 00200 00000 00200 .46 .46 .46 .46 .63 .63 .63 .63
416 00200 00200 00000 00200 .46 .46 .46 .46 .63 .63 .63 .63
417 00200 00200 00000 00200 .46 .46 .46 .46 .63 .63 .63 .63
418 00200 00200 00000 00200 .46 .46 .46 .46 .63 .63 .63 .63
419 00200 00200 00000 00200 .46 .46 .46 .46 .63 .63 .63 .63
420 00200 00200 00000 00200 .46 .46 .46 .46 .63 .63 .63 .63
421 00200 00200 00000 00200 .46 .46 .46 .46 .63 .63 .63 .63
422 00200 00200 00000 00200 .46 .46 .46 .46 .63 .63 .63 .63
423 00200 00200 00000 00200 .46 .46 .46 .46 .63 .63 .63 .63
424 00200 00200 00000 00200 .46 .46 .46 .46 .63 .63 .63 .63
425 00200 00200 00000 00200 .46 .46 .46 .46 .63 .63 .63 .63
426 00200 00200 00000 00200 .46 .46 .46 .46 .63 .63 .63 .63
427 00200 00200 00000 00200 .46 .46 .46 .46 .63 .63 .63 .63
428 00200 00200 00000 00200 .46 .46 .46 .46 .63 .63 .63 .63
429 00200 00200 00000 00200 .46 .46 .46 .46 .63 .63 .63 .63
430 00200 00200 00000 00200 .46 .46 .46 .46 .63 .63 .63 .63
431 00200 00200 00000 00200 .46 .46 .46 .46 .63 .63 .63 .63
432 00200 00200 00000 00200 .46 .46 .46 .46 .63 .63 .63 .63
433 00200 00200 00000 00200 .46 .46 .46 .46 .63 .63 .63 .63
434 00200 00200 00000 00200 .46 .46 .46 .46 .63 .63 .63 .63
435 00200 00200 00000 00200 .46 .46 .46 .46 .63 .63 .63 .63
436 00200 00200 00000 00200 .46 .46 .46 .46 .63 .63 .63 .63
437 00200 00200 00000 00200 .46 .46 .46 .46 .63 .63 .63 .63
438 00200 00200 00000 00200 .46 .46 .46 .46 .63 .63 .63 .63
439 00200 00200 00000 00200 .46 .46 .46 .46 .63 .63 .63 .63
440 00200 00200 00000 00200 .46 .46 .46 .46 .63 .63 .63 .63
441 00200 00200 00000 00200 .46 .46 .46 .46 .63 .63 .63 .63
442 00200 00200 00000 00200 .46 .46 .46 .46 .63 .63 .63 .63
443 00200 00200 00020 00200 .22 .22 .22 .22 .41 .41 .41 .41
444 00200 00200 00020 00200 .22 .22 .22 .22 .41 .41 .41 .41
445 00200 00200 00020 00200 .22 .22 .22 .22 .41 .41 .41 .41
446 00200 00200 00020 00200 .22 .22 .22 .22 .41 .41 .41 .41
447 00200 00200 00020 00200 .22 .22 .22 .22 .41 .41 .41 .41
448 00200 00200 00020 00200 .22 .22 .22 .22 .41 .41 .41 .41
449 00200 00200 00020 00200 .22 .22 .22 .22 .41 .41 .41 .41
450 00200 00200 00020 00200 .22 .22 .22 .22 .41 .41 .41 .41
451 00200 00200 00020 00200 .22 .22 .22 .22 .41 .41 .41 .41
452 00200 00200 00020 00200 .22 .22 .22 .22 .41 .41 .41 .41
453 00200 00200 00020 00200 .22 .22 .22 .22 .41 .41 .41 .41
454 00200 00200 00020 00200 .22 .22 .22 .22 .41 .41 .41 .41
455 00200 00200 00020 00200 .22 .22 .22 .22 .41 .41 .41 .41
456 00200 00200 00020 00200 .22 .22 .22 .22 .41 .41 .41 .41
457 00200 00200 00020 00200 .22 .22 .22 .22 .41 .41 .41 .41
458 00200 00200 00200 00200 1.00 1.00 1.00 1.00 1.00 1.00 1.00 1.00
459 00200 00200 00200 00200 1.00 1.00 1.00 1.00 1.00 1.00 1.00 1.00
460 00200 00200 00200 00200 1.00 1.00 1.00 1.00 1.00 1.00 1.00 1.00
461 00200 00200 00200 00200 1.00 1.00 1.00 1.00 1.00 1.00 1.00 1.00
462 00200 00200 00200 00200 1.00 1.00 1.00 1.00 1.00 1.00 1.00 1.00
463 00200 00200 00200 00200 1.00 1.00 1.00 1.00 1.00 1.00 1.00 1.00
464 00200 00200 00200 00200 1.00 1.00 1.00 1.00 1.00 1.00 1.00 1.00
465 00200 00200 00200 00200 1.00 1.00 1.00 1.00 1.00 1.00 1.00 1.00
