0 00000 00000 00000 00000 1.0 1.0 1.0 1.0 1.0 1.0 1.0 1.0
1 00000 00000 00000 00000 1.0 1.0 1.0 1.0 1.0 1.0 1.0 1.0
2 00000 00000 00000 00000 1.0 1.0 1.0 1.0 1.0 1.0 1.0 1.0
3 00000 00000 00000 00000 1.0 1.0 1.0 1.0 1.0 1.0 1.0 1.0
4 00000 00000 00000 00000 1.0 1.0 1.0 1.0 1.0 1.0 1.0 1.0
5 00000 00000 00000 00000 1.0 1.0 1.0 1.0 1.0 1.0 1.0 1.0
6 00000 00000 00000 00000 1.0 1.0 1.0 1.0 1.0 1.0 1.0 1.0
7 00000 00000 00000 00000 1.0 1.0 1.0 1.0 1.0 1.0 1.0 1.0
8 00000 00000 00000 00000 1.0 1.0 1.0 1.0 1.0 1.0 1.0 1.0
9 00000 00000 00000 00000 1.0 1.0 1.0 1.0 1.0 1.0 1.0 1.0
10 00000 00000 00000 00000 1.0 1.0 1.0 1.0 1.0 1.0 1.0 1.0
11 00000 00000 00000 00000 1.0 1.0 1.0 1.0 1.0 1.0 1.0 1.0
12 00000 00000 00000 00000 1.0 1.0 1.0 1.0 1.0 1.0 1.0 1.0
13 00000 00000 00000 00000 1.0 1.0 1.0 1.0 1.0 1.0 1.0 1.0
14 00000 00000 00000 00000 1.0 1.0 1.0 1.0 1.0 1.0 1.0 1.0
15 00000 00000 00000 00000 1.0 1.0 1.0 1.0 1.0 1.0 1.0 1.0
16 00000 00000 00000 00000 1.0 1.0 1.0 1.0 1.0 1.0 1.0 1.0
17 00000 00000 00000 00000 1.0 1.0 1.0 1.0 1.0 1.0 1.0 1.0
18 00000 00000 00000 00000 1.0 1.0 1.0 1.0 1.0 1.0 1.0 1.0
19 00000 00000 00000 00000 1.0 1.0 1.0 1.0 1.0 1.0 1.0 1.0
20 00000 00000 00000 00000 1.0 1.0 1.0 1.0 1.0 1.0 1.0 1.0
21 00000 00000 00000 00000 1.0 1.0 1.0 1.0 1.0 1.0 1.0 1.0
22 00000 00000 00000 00000 1.0 1.0 1.0 1.0 1.0 1.0 1.0 1.0
23 00000 00000 00000 00000 1.0 1.0 1.0 1.0 1.0 1.0 1.0 1.0
24 00000 00000 00000 00000 1.0 1.0 1.0 1.0 1.0 1.0 1.0 1.0
25 00000 00000 00000 00000 1.0 1.0 1.0 1.0 1.0 1.0 1.0 1.0
26 00000 00000 00000 00000 1.0 1.0 1.0 1.0 1.0 1.0 1.0 1.0
27 00000 00000 00000 00000 1.0 1.0 1.0 1.0 1.0 1.0 1.0 1.0
28 00000 00000 00000 00000 1.0 1.0 1.0 1.0 1.0 1.0 1.0 1.0
29 00000 00000 00000 00000 1.0 1.0 1.0 1.0 1.0 1.0 1.0 1.0
30 00000 00000 00000 00000 1.0 1.0 1.0 1.0 1.0 1.0 1.0 1.0
31 00000 00000 00000 00000 1.0 1.0 1.0 1.0 1.0 1.0 1.0 1.0
32 00000 00000 00000 00000 1.0 1.0 1.0 1.0 1.0 1.0 1.0 1.0
33 00000 00000 00000 00000 1.0 1.0 1.0 1.0 1.0 1.0 1.0 1.0
34 00000 00000 00000 00000 1.0 1.0 1.0 1.0 1.0 1.0 1.0 1.0
35 00000 00000 00000 00000 1.0 1.0 1.0 1.0 1.0 1.0 1.0 1.0
36 00000 00000 00000 00000 1.0 1.0 1.0 1.0 1.0 1.0 1.0 1.0
37 00000 00000 00000 00000 1.0 1.0 1.0 1.0 1.0 1.0 1.0 1.0
38 00000 00000 00000 00000 1.0 1.0 1.0 1.0 1.0 1.0 1.0 1.0
39 00000 00000 00000 00000 1.0 1.0 1.0 1.0 1.0 1.0 1.0 1.0
40 00000 00000 00000 00000 1.0 1.0 1.0 1.0 1.0 1.0 1.0 1.0
41 00000 00000 00000 00000 1.0 1.0 1.0 1.0 1.0 1.0 1.0 1.0
42 00000 00000 00000 00000 1.0 1.0 1.0 1.0 1.0 1.0 1.0 1.0
43 00000 00000 00000 00000 1.0 1.0 1.0 1.0 1.0 1.0 1.0 1.0
44 00000 00000 00000 00000 1.0 1.0 1.0 1.0 1.0 1.0 1.0 1.0
45 00000 00000 00000 00000 1.0 1.0 1.0 1.0 1.0 1.0 1.0 1.0
46 00000 00000 00000 00000 1.0 1.0 1.0 1.0 1.0 1.0 1.0 1.0
47 00000 00000 00000 00000 1.0 1.0 1.0 1.0 1.0 1.0 1.0 1.0
48 00000 00000 00000 00000 1.0 1.0 1.0 1.0 1.0 1.0 1.0 1.0
49 00000 00000 00000 00000 1.0 1.0 1.0 1.0 1.0 1.0 1.0 1.0
50 00000 00000 00000 00000 1.0 1.0 1.0 1.0 1.0 1.0 1.0 1.0
51 00000 00000 00000 00000 1.0 1.0 1.0 1.0 1.0 1.0 1.0 1.0
52 00000 00000 00000 00000 1.0 1.0 1.0 1.0 1.0 1.0 1.0 1.0
53 00000 00000 00000 00000 1.0 1.0 1.0 1.0 1.0 1.0 1.0 1.0
54 00000 00000 00000 00000 1.0 1.0 1.0 1.0 1.0 1.0 1.0 1.0
55 00000 00000 00000 00000 1.0 1.0 1.0 1.0 1.0 1.0 1.0 1.0
56 00000 00000 00000 00000 1.0 1.0 1.0 1.0 1.0 1.0 1.0 1.0
57 00000 00000 00000 00000 1.0 1.0 1.0 1.0 1.0 1.0 1.0 1.0
58 00000 00000 00000 00000 1.0 1.0 1.0 1.0 1.0 1.0 1.0 1.0
59 00000 00000 00000 00000 1.0 1.0 1.0 1.0 1.0 1.0 1.0 1.0
60 00000 00000 00000 00000 1.0 1.0 1.0 1.0 1.0 1.0 1.0 1.0
61 00000 00000 00000 00000 1.0 1.0 1.0 1.0 1.0 1.0 1.0 1.0
62 00000 00000 00000 00000 1.0 1.0 1.0 1.0 1.0 1.0 1.0 1.0
63 00000 00000 00000 00000 1.0 1.0 1.0 1.0 1.0 1.0 1.0 1.0
64 00000 00000 00000 00000 1.0 1.0 1.0 1.0 1.0 1.0 1.0 1.0
65 00000 00000 00000 00000 1.0 1.0 1.0 1.0 1.0 1.0 1.0 1.0
66 00000 00000 00000 00000 1.0 1.0 1.0 1.0 1.0 1.0 1.0 1.0
67 00000 00000 00000 00000 1.0 1.0 1.0 1.0 1.0 1.0 1.0 1.0
68 00000 00000 00000 00000 1.0 1.0 1.0 1.0 1.0 1.0 1.0 1.0
69 00000 00000 00000 00000 1.0 1.0 1.0 1.0 1.0 1.0 1.0 1.0
70 00020 00000 00000 00000 1.0 1.0 1.0 1.0 1.0 1.0 1.0 1.0
71 00020 00000 00000 00000 1.0 1.0 1.0 1.0 1.0 1.0 1.0 1.0
72 00020 00000 00000 00000 1.0 1.0 1.0 1.0 1.0 1.0 1.0 1.0
73 00020 00000 00000 00000 1.0 1.0 1.0 1.0 1.0 1.0 1.0 1.0
74 00020 00000 00000 00000 1.0 1.0 1.0 1.0 1.0 1.0 1.0 1.0
75 00020 00000 00000 00000 1.0 1.0 1.0 1.0 1.0 1.0 1.0 1.0
76 00020 00000 00000 00000 1.0 1.0 1.0 1.0 1.0 1.0 1.0 1.0
77 00020 00000 00000 00000 1.0 1.0 1.0 1.0 1.0 1.0 1.0 1.0
78 00020 00000 00000 00000 1.0 1.0 1.0 1.0 1.0 1.0 1.0 1.0
79 00020 00000 00000 00000 1.0 1.0 1.0 1.0 1.0 1.0 1.0 1.0
80 00020 00020 00000 00020 .46 .46 .46 .46 .63 .63 .63 .63
81 00020 00020 00000 00020 .46 .46 .46 .46 .63 .63 .63 .63
82 00020 00020 00000 00020 .46 .46 .46 .46 .63 .63 .63 .63
83 00020 00020 00000 00020 .46 .46 .46 .46 .63 .63 .63 .63
84 00020 00020 00000 00020 .46 .46 .46 .46 .63 .63 .63 .63
85 00020 00020 00000 00020 .46 .46 .46 .46 .63 .63 .63 .63
86 00020 00020 00000 00020 .46 .46 .46 .46 .63 .63 .63 .63
87 00020 00020 00000 00020 .46 .46 .46 .46 .63 .63 .63 .63
88 00020 00020 00000 00020 .46 .46 .46 .46 .63 .63 .63 .63
89 00020 00020 00000 00020 .46 .46 .46 .46 .63 .63 .63 .63
90 00200 00200 00000 00200 .46 .46 .46 .46 .63 .63 .63 .63
91 00200 00200 00000 00200 .46 .46 .46 .46 .63 .63 .63 .63
92 00200 00200 00000 00200 .46 .46 .46 .46 .63 .63 .63 .63
93 00200 00200 00000 00200 .46 .46 .46 .46 .63 .63 .63 .63
94 00200 00200 00000 00200 .46 .46 .46 .46 .63 .63 .63 .63
95 00200 00200 00000 00200 .46 .46 .46 .46 .63 .63 .63 .63
96 00200 00200 00000 00200 .46 .46 .46 .46 .63 .63 .63 .63
97 00200 00200 00000 00200 .46 .46 .46 .46 .63 .63 .63 .63
98 00200 00200 00000 00200 .46 .46 .46 .46 .63 .63 .63 .63
99 00200 00200 00000 00200 .46 .46 .46 .46 .63 .63 .63 .63
100 00200 00200 00000 00200 .46 .46 .46 .46 .63 .63 .63 .63
101 00200 00200 00000 00200 .46 .46 .46 .46 .63 .63 .63 .63
102 00200 00200 00000 00200 .46 .46 .46 .46 .63 .63 .63 .63
103 00200 00200 00000 00200 .46 .46 .46 .46 .63 .63 .63 .63
104 00200 00200 00000 00200 .46 .46 .46 .46 .63 .63 .63 .63
105 00200 00200 00000 00200 .46 .46 .46 .46 .63 .63 .63 .63
106 00200 00200 00000 00200 .46 .46 .46 .46 .63 .63 .63 .63
107 00200 00200 00000 00200 .46 .46 .46 .46 .63 .63 .63 .63
108 00200 00200 00000 00200 .46 .46 .46 .46 .63 .63 .63 .63
109 00200 00200 00000 00200 .46 .46 .46 .46 .63 .63 .63 .63
110 00200 00200 00000 00200 .46 .46 .46 .46 .63 .63 .63 .63
111 00200 00200 00000 00200 .46 .46 .46 .46 .63 .63 .63 .63
112 00200 00200 00000 00200 .46 .46 .46 .46 .63 .63 .63 .63
113 00200 00200 00000 00200 .46 .46 .46 .46 .63 .63 .63 .63
114 00200 00200 00000 00200 .46 .46 .46 .46 .63 .63 .63 .63
115 00200 00200 00000 00200 .46 .46 .46 .46 .63 .63 .63 .63
116 00200 00200 00000 00200 .46 .46 .46 .46 .63 .63 .63 .63
117 00200 00200 00000 00200 .46 .46 .46 .46 .63 .63 .63 .63
118 00200 00200 00000 00200 .46 .46 .46 .46 .63 .63 .63 .63
119 00200 00200 00000 00200 .46 .46 .46 .46 .63 .63 .63 .63
120 00200 00200 00000 00200 .46 .46 .46 .46 .63 .63 .63 .63
121 00200 00200 00000 00200 .46 .46 .46 .46 .63 .63 .63 .63
122 00200 00200 00000 00200 .46 .46 .46 .46 .63 .63 .63 .63
123 00200 00200 00000 00200 .46 .46 .46 .46 .63 .63 .63 .63
124 00200 00200 00000 00200 .46 .46 .46 .46 .63 .63 .63 .63
125 00200 00200 00000 00200 .46 .46 .46 .46 .63 .63 .63 .63
126 00200 00200 00000 00200 .46 .46 .46 .46 .63 .63 .63 .63
127 00200 00200 00000 00200 .46 .46 .46 .46 .63 .63 .63 .63
128 00200 00200 00000 00200 .46 .46 .46 .46 .63 .63 .63 .63
129 00200 00200 00000 00200 .46 .46 .46 .46 .63 .63 .63 .63
130 00200 00200 00022 00200 .05 .05 .05 .05 .24 .24 .24 .24
131 00200 00200 00022 00200 .05 .05 .05 .05 .24 .24 .24 .24
132 00200 00200 00022 00200 .05 .05 .05 .05 .24 .24 .24 .24
133 00200 00200 00022 00200 .05 .05 .05 .05 .24 .24 .24 .24
134 00200 00200 00022 00200 .05 .05 .05 .05 .24 .24 .24 .24
135 00200 00200 00022 00200 .05 .05 .05 .05 .24 .24 .24 .24
136 00200 00200 00022 00200 .05 .05 .05 .05 .24 .24 .24 .24
137 00200 00200 00022 00200 .05 .05 .05 .05 .24 .24 .24 .24
138 00200 00200 00022 00200 .05 .05 .05 .05 .24 .24 .24 .24
139 00200 00200 00022 00200 .05 .05 .05 .05 .24 .24 .24 .24
140 00200 00200 00022 00200 .05 .05 .05 .05 .24 .24 .24 .24
141 00200 00200 00022 00200 .05 .05 .05 .05 .24 .24 .24 .24
142 00200 00200 00022 00200 .05 .05 .05 .05 .24 .24 .24 .24
143 00200 00200 00022 00200 .05 .05 .05 .05 .24 .24 .24 .24
144 00200 00200 00022 00200 .05 .05 .05 .05 .24 .24 .24 .24
145 00200 00200 00020 00200 .22 .22 .22 .22 .41 .41 .41 .41
146 00200 00200 00020 00200 .22 .22 .22 .22 .41 .41 .41 .41
147 00200 00200 00020 00200 .22 .22 .22 .22 .41 .41 .41 .41
148 00200 00200 00020 00200 .22 .22 .22 .22 .41 .41 .41 .41
149 00200 00200 00020 00200 .22 .22 .22 .22 .41 .41 .41 .41
150 00200 00200 00020 00200 .22 .22 .22 .22 .41 .41 .41 .41
151 00200 00200 00020 00200 .22 .22 .22 .22 .41 .41 .41 .41
152 00200 00200 00020 00200 .22 .22 .22 .22 .41 .41 .41 .41
153 00200 00200 00020 00200 .22 .22 .22 .22 .41 .41 .41 .41
154 00200 00200 00020 00200 .22 .22 .22 .22 .41 .41 .41 .41
155 00200 00200 00020 00200 .22 .22 .22 .22 .41 .41 .41 .41
156 00200 00200 00020 00200 .22 .22 .22 .22 .41 .41 .41 .41
157 00200 00200 00020 00200 .22 .22 .22 .22 .41 .41 .41 .41
158 00200 00200 00020 00200 .22 .22 .22 .22 .41 .41 .41 .41
159 00200 00200 00020 00200 .22 .22 .22 .22 .41 .41 .41 .41
160 00200 00200 00000 00200 .46 .46 .46 .46 .63 .63 .63 .63
161 00200 00200 00000 00200 .46 .46 .46 .46 .63 .63 .63 .63
162 00200 00200 00000 00200 .46 .46 .46 .46 .63 .63 .63 .63
163 00200 00200 00000 00200 .46 .46 .46 .46 .63 .63 .63 .63
164 00200 00200 00000 00200 .46 .46 .46 .46 .63 .63 .63 .63
165 00200 00200 00000 00200 .46 .46 .46 .46 .63 .63 .63 .63
166 00200 00200 00000 00200 .46 .46 .46 .46 .63 .63 .63 .63
167 00200 00200 00000 00200 .46 .46 .46 .46 .63 .63 .63 .63
168 00200 00200 00000 00200 .46 .46 .46 .46 .63 .63 .63 .63
169 00200 00200 00000 00200 .46 .46 .46 .46 .63 .63 .63 .63
170 00200 00200 00000 00200 .46 .46 .46 .46 .63 .63 .63 .63
171 00200 00200 00000 00200 .46 .46 .46 .46 .63 .63 .63 .63
172 00200 00200 00000 00200 .46 .46 .46 .46 .63 .63 .63 .63
173 00200 00200 00000 00200 .46 .46 .46 .46 .63 .63 .63 .63
174 00200 00200 00000 00200 .46 .46 .46 .46 .63 .63 .63 .63
175 00200 00200 00020 00200 .22 .22 .22 .22 .41 .41 .41 .41
176 00200 00200 00020 00200 .22 .22 .22 .22 .41 .41 .41 .41
177 00200 00200 00020 00200 .22 .22 .22 .22 .41 .41 .41 .41
178 00200 00200 00020 00200 .22 .22 .22 .22 .41 .41 .41 .41
179 00200 00200 00020 00200 .22 .22 .22 .22 .41 .41 .41 .41
