0 00000 00000 00000 00000 1.0 1.0 1.0 1.0 1.0 1.0 1.0 1.0
1 00000 00000 00000 00000 1.0 1.0 1.0 1.0 1.0 1.0 1.0 1.0
2 00000 00000 00000 00000 1.0 1.0 1.0 1.0 1.0 1.0 1.0 1.0
3 00000 00000 00000 00000 1.0 1.0 1.0 1.0 1.0 1.0 1.0 1.0
4 00000 00000 00000 00000 1.0 1.0 1.0 1.0 1.0 1.0 1.0 1.0
5 00000 00000 00000 00000 1.0 1.0 1.0 1.0 1.0 1.0 1.0 1.0
6 00000 00000 00000 00000 1.0 1.0 1.0 1.0 1.0 1.0 1.0 1.0
7 00000 00000 00000 00000 1.0 1.0 1.0 1.0 1.0 1.0 1.0 1.0
8 00000 00000 00000 00000 1.0 1.0 1.0 1.0 1.0 1.0 1.0 1.0
9 00000 00000 00000 00000 1.0 1.0 1.0 1.0 1.0 1.0 1.0 1.0
10 00000 00000 00000 00000 1.0 1.0 1.0 1.0 1.0 1.0 1.0 1.0
11 00000 00000 00000 00000 1.0 1.0 1.0 1.0 1.0 1.0 1.0 1.0
12 00000 00000 00000 00000 1.0 1.0 1.0 1.0 1.0 1.0 1.0 1.0
13 00000 00000 00000 00000 1.0 1.0 1.0 1.0 1.0 1.0 1.0 1.0
14 00000 00000 00000 00000 1.0 1.0 1.0 1.0 1.0 1.0 1.0 1.0
15 00000 00000 00000 00000 1.0 1.0 1.0 1.0 1.0 1.0 1.0 1.0
16 00000 00000 00000 00000 1.0 1.0 1.0 1.0 1.0 1.0 1.0 1.0
17 00000 00000 00000 00000 1.0 1.0 1.0 1.0 1.0 1.0 1.0 1.0
18 00000 00000 00000 00000 1.0 1.0 1.0 1.0 1.0 1.0 1.0 1.0
19 00000 00000 00000 00000 1.0 1.0 1.0 1.0 1.0 1.0 1.0 1.0
20 00000 00000 00000 00000 1.0 1.0 1.0 1.0 1.0 1.0 1.0 1.0
21 00000 00000 00000 00000 1.0 1.0 1.0 1.0 1.0 1.0 1.0 1.0
22 00000 00000 00000 00000 1.0 1.0 1.0 1.0 1.0 1.0 1.0 1.0
23 00000 00000 00000 00000 1.0 1.0 1.0 1.0 1.0 1.0 1.0 1.0
24 00000 00000 00000 00000 1.0 1.0 1.0 1.0 1.0 1.0 1.0 1.0
25 00000 00000 00000 00000 1.0 1.0 1.0 1.0 1.0 1.0 1.0 1.0
26 00000 00000 00000 00000 1.0 1.0 1.0 1.0 1.0 1.0 1.0 1.0
27 00000 00000 00000 00000 1.0 1.0 1.0 1.0 1.0 1.0 1.0 1.0
28 00000 00000 00000 00000 1.0 1.0 1.0 1.0 1.0 1.0 1.0 1.0
29 00000 00000 00000 00000 1.0 1.0 1.0 1.0 1.0 1.0 1.0 1.0
30 00000 00000 00000 00000 1.0 1.0 1.0 1.0 1.0 1.0 1.0 1.0
31 00000 00000 00000 00000 1.0 1.0 1.0 1.0 1.0 1.0 1.0 1.0
32 00000 00000 00000 00000 1.0 1.0 1.0 1.0 1.0 1.0 1.0 1.0
33 00000 00000 00000 00000 1.0 1.0 1.0 1.0 1.0 1.0 1.0 1.0
34 00000 00000 00000 00000 1.0 1.0 1.0 1.0 1.0 1.0 1.0 1.0
35 00000 00000 00000 00000 1.0 1.0 1.0 1.0 1.0 1.0 1.0 1.0
36 00000 00000 00000 00000 1.0 1.0 1.0 1.0 1.0 1.0 1.0 1.0
37 00000 00000 00000 00000 1.0 1.0 1.0 1.0 1.0 1.0 1.0 1.0
38 00000 00000 00000 00000 1.0 1.0 1.0 1.0 1.0 1.0 1.0 1.0
39 00000 00000 00000 00000 1.0 1.0 1.0 1.0 1.0 1.0 1.0 1.0
40 00000 00000 00000 00000 1.0 1.0 1.0 1.0 1.0 1.0 1.0 1.0
41 00000 00000 00000 00000 1.0 1.0 1.0 1.0 1.0 1.0 1.0 1.0
42 00000 00000 00000 00000 1.0 1.0 1.0 1.0 1.0 1.0 1.0 1.0
43 00000 00000 00000 00000 1.0 1.0 1.0 1.0 1.0 1.0 1.0 1.0
44 00000 00000 00000 00000 1.0 1.0 1.0 1.0 1.0 1.0 1.0 1.0
45 00000 00000 00000 00000 1.0 1.0 1.0 1.0 1.0 1.0 1.0 1.0
46 00000 00000 00000 00000 1.0 1.0 1.0 1.0 1.0 1.0 1.0 1.0
47 00000 00000 00000 00000 1.0 1.0 1.0 1.0 1.0 1.0 1.0 1.0
48 00000 00000 00000 00000 1.0 1.0 1.0 1.0 1.0 1.0 1.0 1.0
49 00000 00000 00000 00000 1.0 1.0 1.0 1.0 1.0 1.0 1.0 1.0
50 00000 00000 00000 00000 1.0 1.0 1.0 1.0 1.0 1.0 1.0 1.0
51 00000 00000 00000 00000 1.0 1.0 1.0 1.0 1.0 1.0 1.0 1.0
52 00000 00000 00000 00000 1.0 1.0 1.0 1.0 1.0 1.0 1.0 1.0
53 00000 00000 00000 00000 1.0 1.0 1.0 1.0 1.0 1.0 1.0 1.0
54 00000 00000 00000 00000 1.0 1.0 1.0 1.0 1.0 1.0 1.0 1.0
55 00000 00000 00000 00000 1.0 1.0 1.0 1.0 1.0 1.0 1.0 1.0
56 00000 00000 00000 00000 1.0 1.0 1.0 1.0 1.0 1.0 1.0 1.0
57 00000 00000 00000 00000 1.0 1.0 1.0 1.0 1.0 1.0 1.0 1.0
58 00000 00000 00000 00000 1.0 1.0 1.0 1.0 1.0 1.0 1.0 1.0
59 00000 00000 00000 00000 1.0 1.0 1.0 1.0 1.0 1.0 1.0 1.0
60 00000 00000 00000 00000 1.0 1.0 1.0 1.0 1.0 1.0 1.0 1.0
61 00000 00000 00000 00000 1.0 1.0 1.0 1.0 1.0 1.0 1.0 1.0
62 00000 00000 00000 00000 1.0 1.0 1.0 1.0 1.0 1.0 1.0 1.0
63 00000 00000 00000 00000 1.0 1.0 1.0 1.0 1.0 1.0 1.0 1.0
64 00000 00000 00000 00000 1.0 1.0 1.0 1.0 1.0 1.0 1.0 1.0
65 00000 00000 00000 00000 1.0 1.0 1.0 1.0 1.0 1.0 1.0 1.0
66 00000 00000 00000 00000 1.0 1.0 1.0 1.0 1.0 1.0 1.0 1.0
67 00000 00000 00000 00000 1.0 1.0 1.0 1.0 1.0 1.0 1.0 1.0
68 00000 00000 00000 00000 1.0 1.0 1.0 1.0 1.0 1.0 1.0 1.0
69 00000 00000 00000 00000 1.0 1.0 1.0 1.0 1.0 1.0 1.0 1.0
70 00000 00000 00000 00000 1.0 1.0 1.0 1.0 1.0 1.0 1.0 1.0
71 00000 00000 00000 00000 1.0 1.0 1.0 1.0 1.0 1.0 1.0 1.0
72 00000 00000 00000 00000 1.0 1.0 1.0 1.0 1.0 1.0 1.0 1.0
73 00000 00000 00000 00000 1.0 1.0 1.0 1.0 1.0 1.0 1.0 1.0
74 00000 00000 00000 00000 1.0 1.0 1.0 1.0 1.0 1.0 1.0 1.0
75 00000 00000 00000 00000 1.0 1.0 1.0 1.0 1.0 1.0 1.0 1.0
76 00000 00000 00000 00000 1.0 1.0 1.0 1.0 1.0 1.0 1.0 1.0
77 00000 00000 00000 00000 1.0 1.0 1.0 1.0 1.0 1.0 1.0 1.0
78 00000 00000 00000 00000 1.0 1.0 1.0 1.0 1.0 1.0 1.0 1.0
79 00000 00000 00000 00000 1.0 1.0 1.0 1.0 1.0 1.0 1.0 1.0
80 00000 00000 00000 00000 1.0 1.0 1.0 1.0 1.0 1.0 1.0 1.0
81 00000 00000 00000 00000 1.0 1.0 1.0 1.0 1.0 1.0 1.0 1.0
82 00000 00000 00000 00000 1.0 1.0 1.0 1.0 1.0 1.0 1.0 1.0
83 00000 00000 00000 00000 1.0 1.0 1.0 1.0 1.0 1.0 1.0 1.0
84 00000 00000 00000 00000 1.0 1.0 1.0 1.0 1.0 1.0 1.0 1.0
85 00000 00000 00000 00000 1.0 1.0 1.0 1.0 1.0 1.0 1.0 1.0
86 00000 00000 00000 00000 1.0 1.0 1.0 1.0 1.0 1.0 1.0 1.0
87 00000 00000 00000 00000 1.0 1.0 1.0 1.0 1.0 1.0 1.0 1.0
88 00000 00000 00000 00000 1.0 1.0 1.0 1.0 1.0 1.0 1.0 1.0
89 00000 00000 00000 00000 1.0 1.0 1.0 1.0 1.0 1.0 1.0 1.0
90 00000 00000 00000 00000 1.0 1.0 1.0 1.0 1.0 1.0 1.0 1.0
91 00000 00000 00000 00000 1.0 1.0 1.0 1.0 1.0 1.0 1.0 1.0
92 00000 00000 00000 00000 1.0 1.0 1.0 1.0 1.0 1.0 1.0 1.0
93 00000 00000 00000 00000 1.0 1.0 1.0 1.0 1.0 1.0 1.0 1.0
94 00000 00000 00000 00000 1.0 1.0 1.0 1.0 1.0 1.0 1.0 1.0
95 00000 00000 00000 00000 1.0 1.0 1.0 1.0 1.0 1.0 1.0 1.0
96 00000 00000 00000 00000 1.0 1.0 1.0 1.0 1.0 1.0 1.0 1.0
97 00000 00000 00000 00000 1.0 1.0 1.0 1.0 1.0 1.0 1.0 1.0
98 00000 00000 00000 00000 1.0 1.0 1.0 1.0 1.0 1.0 1.0 1.0
99 00000 00000 00000 00000 1.0 1.0 1.0 1.0 1.0 1.0 1.0 1.0
100 00000 00000 00000 00000 1.0 1.0 1.0 1.0 1.0 1.0 1.0 1.0
101 00000 00000 00000 00000 1.0 1.0 1.0 1.0 1.0 1.0 1.0 1.0
102 00000 00000 00000 00000 1.0 1.0 1.0 1.0 1.0 1.0 1.0 1.0
103 00000 00000 00000 00000 1.0 1.0 1.0 1.0 1.0 1.0 1.0 1.0
104 00000 00000 00000 00000 1.0 1.0 1.0 1.0 1.0 1.0 1.0 1.0
105 00000 00000 00000 00000 1.0 1.0 1.0 1.0 1.0 1.0 1.0 1.0
106 00000 00000 00000 00000 1.0 1.0 1.0 1.0 1.0 1.0 1.0 1.0
107 00000 00000 00000 00000 1.0 1.0 1.0 1.0 1.0 1.0 1.0 1.0
108 00000 00000 00000 00000 1.0 1.0 1.0 1.0 1.0 1.0 1.0 1.0
109 00000 00000 00000 00000 1.0 1.0 1.0 1.0 1.0 1.0 1.0 1.0
110 00000 00000 00000 00000 1.0 1.0 1.0 1.0 1.0 1.0 1.0 1.0
111 00000 00000 00000 00000 1.0 1.0 1.0 1.0 1.0 1.0 1.0 1.0
112 00000 00000 00000 00000 1.0 1.0 1.0 1.0 1.0 1.0 1.0 1.0
113 00000 00000 00000 00000 1.0 1.0 1.0 1.0 1.0 1.0 1.0 1.0
114 00000 00000 00000 00000 1.0 1.0 1.0 1.0 1.0 1.0 1.0 1.0
115 00000 00000 00000 00000 1.0 1.0 1.0 1.0 1.0 1.0 1.0 1.0
116 00000 00000 00000 00000 1.0 1.0 1.0 1.0 1.0 1.0 1.0 1.0
117 00000 00000 00000 00000 1.0 1.0 1.0 1.0 1.0 1.0 1.0 1.0
118 00000 00000 00000 00000 1.0 1.0 1.0 1.0 1.0 1.0 1.0 1.0
119 00000 00000 00000 00000 1.0 1.0 1.0 1.0 1.0 1.0 1.0 1.0
120 00000 00000 00000 00000 1.0 1.0 1.0 1.0 1.0 1.0 1.0 1.0
121 00000 00000 00000 00000 1.0 1.0 1.0 1.0 1.0 1.0 1.0 1.0
122 00000 00000 00000 00000 1.0 1.0 1.0 1.0 1.0 1.0 1.0 1.0
123 00000 00000 00000 00000 1.0 1.0 1.0 1.0 1.0 1.0 1.0 1.0
124 00000 00000 00000 00000 1.0 1.0 1.0 1.0 1.0 1.0 1.0 1.0
125 00000 00000 00000 00000 1.0 1.0 1.0 1.0 1.0 1.0 1.0 1.0
126 00000 00000 00000 00000 1.0 1.0 1.0 1.0 1.0 1.0 1.0 1.0
127 00000 00000 00000 00000 1.0 1.0 1.0 1.0 1.0 1.0 1.0 1.0
128 00000 00000 00000 00000 1.0 1.0 1.0 1.0 1.0 1.0 1.0 1.0
129 00000 00000 00000 00000 1.0 1.0 1.0 1.0 1.0 1.0 1.0 1.0
130 00020 00020 00000 00020 .46 .46 .46 .46 .63 .63 .63 .63
131 00020 00020 00000 00020 .46 .46 .46 .46 .63 .63 .63 .63
132 00020 00020 00000 00020 .46 .46 .46 .46 .63 .63 .63 .63
133 00020 00020 00000 00020 .46 .46 .46 .46 .63 .63 .63 .63
134 00020 00020 00000 00020 .46 .46 .46 .46 .63 .63 .63 .63
135 00020 00020 00000 00020 .46 .46 .46 .46 .63 .63 .63 .63
136 00020 00020 00000 00020 .46 .46 .46 .46 .63 .63 .63 .63
137 00020 00020 00000 00020 .46 .46 .46 .46 .63 .63 .63 .63
138 00020 00020 00000 00020 .46 .46 .46 .46 .63 .63 .63 .63
139 00020 00020 00000 00020 .46 .46 .46 .46 .63 .63 .63 .63
140 00200 00020 00000 00000 -0.08 -0.08 -0.08 -0.08 -0.06 -0.06 -0.06 -0.06
141 00200 00020 00000 00000 -0.08 -0.08 -0.08 -0.08 -0.06 -0.06 -0.06 -0.06
142 00200 00020 00200 00200 .22 .22 .22 .22 .41 .41 .41 .41
143 00200 00020 00200 00200 .22 .22 .22 .22 .41 .41 .41 .41
144 00200 00020 00200 00200 .22 .22 .22 .22 .41 .41 .41 .41
145 00200 00020 00200 00200 .22 .22 .22 .22 .41 .41 .41 .41
146 00200 00020 00200 00200 .22 .22 .22 .22 .41 .41 .41 .41
147 00200 00020 00200 00200 .22 .22 .22 .22 .41 .41 .41 .41
148 00200 00020 00200 00200 .22 .22 .22 .22 .41 .41 .41 .41
149 00200 00020 00200 00200 .22 .22 .22 .22 .41 .41 .41 .41
150 00200 00200 00200 00200 1.00 1.00 1.00 1.00 1.00 1.00 1.00 1.00
151 00200 00200 00200 00200 1.00 1.00 1.00 1.00 1.00 1.00 1.00 1.00
152 00200 00200 00200 00200 1.00 1.00 1.00 1.00 1.00 1.00 1.00 1.00
153 00200 00200 00200 00200 1.00 1.00 1.00 1.00 1.00 1.00 1.00 1.00
154 00200 00200 00200 00200 1.00 1.00 1.00 1.00 1.00 1.00 1.00 1.00
155 00200 00200 00200 00200 1.00 1.00 1.00 1.00 1.00 1.00 1.00 1.00
156 00200 00200 00200 00200 1.00 1.00 1.00 1.00 1.00 1.00 1.00 1.00
157 00200 00200 00000 00200 .46 .46 .46 .46 .63 .63 .63 .63
158 00200 00200 00000 00200 .46 .46 .46 .46 .63 .63 .63 .63
159 00200 00200 00000 00200 .46 .46 .46 .46 .63 .63 .63 .63
160 00200 00200 00000 00200 .46 .46 .46 .46 .63 .63 .63 .63
161 00200 00200 00000 00200 .46 .46 .46 .46 .63 .63 .63 .63
162 00200 00200 00000 00200 .46 .46 .46 .46 .63 .63 .63 .63
163 00200 00200 00000 00200 .46 .46 .46 .46 .63 .63 .63 .63
164 00200 00200 00000 00200 .46 .46 .46 .46 .63 .63 .63 .63
165 00200 00200 00000 00200 .46 .46 .46 .46 .63 .63 .63 .63
166 00200 00200 00000 00200 .46 .46 .46 .46 .63 .63 .63 .63
167 00200 00200 00000 00200 .46 .46 .46 .46 .63 .63 .63 .63
168 00200 00200 00000 00200 .46 .46 .46 .46 .63 .63 .63 .63
169 00200 00200 00000 00200 .46 .46 .46 .46 .63 .63 .63 .63
170 00200 00200 00000 00200 .46 .46 .46 .46 .63 .63 .63 .63
171 00200 00200 00000 00200 .46 .46 .46 .46 .63 .63 .63 .63
172 00200 00200 00000 00200 .46 .46 .46 .46 .63 .63 .63 .63
173 00200 00200 00000 00200 .46 .46 .46 .46 .63 .63 .63 .63
174 00200 00200 00000 00200 .46 .46 .46 .46 .63 .63 .63 .63
175 00200 00200 00000 00200 .46 .46 .46 .46 .63 .63 .63 .63
176 00200 00200 00000 00200 .46 .46 .46 .46 .63 .63 .63 .63
177 00200 00200 00000 00200 .46 .46 .46 .46 .63 .63 .63 .63
178 00200 00200 00000 00200 .46 .46 .46 .46 .63 .63 .63 .63
179 00200 00200 00000 00200 .46 .46 .46 .46 .63 .63 .63 .63
180 00200 00200 00000 00200 .46 .46 .46 .46 .63 .63 .63 .63
181 00200 00200 00000 00200 .46 .46 .46 .46 .63 .63 .63 .63
182 00200 00200 00000 00200 .46 .46 .46 .46 .63 .63 .63 .63
183 00200 00200 00000 00200 .46 .46 .46 .46 .63 .63 .63 .63
184 00200 00200 00000 00200 .46 .46 .46 .46 .63 .63 .63 .63
185 00200 00200 00000 00200 .46 .46 .46 .46 .63 .63 .63 .63
186 00200 00200 00000 00200 .46 .46 .46 .46 .63 .63 .63 .63
187 00200 00200 00200 00200 1.00 1.00 1.00 1.00 1.00 1.00 1.00 1.00
188 00200 00200 00200 00200 1.00 1.00 1.00 1.00 1.00 1.00 1.00 1.00
189 00200 00200 00200 00200 1.00 1.00 1.00 1.00 1.00 1.00 1.00 1.00
190 00200 00200 00200 00200 1.00 1.00 1.00 1.00 1.00 1.00 1.00 1.00
191 00200 00200 00200 00200 1.00 1.00 1.00 1.00 1.00 1.00 1.00 1.00
192 00200 00200 00200 00200 1.00 1.00 1.00 1.00 1.00 1.00 1.00 1.00
193 00200 00200 00200 00200 1.00 1.00 1.00 1.00 1.00 1.00 1.00 1.00
194 00200 00200 00200 00200 1.00 1.00 1.00 1.00 1.00 1.00 1.00 1.00
195 00200 00200 00200 00200 1.00 1.00 1.00 1.00 1.00 1.00 1.00 1.00
196 00200 00200 00200 00200 1.00 1.00 1.00 1.00 1.00 1.00 1.00 1.00
197 00200 00200 00200 00200 1.00 1.00 1.00 1.00 1.00 1.00 1.00 1.00
198 00200 00200 00200 00200 1.00 1.00 1.00 1.00 1.00 1.00 1.00 1.00
199 00200 00200 00200 00200 1.00 1.00 1.00 1.00 1.00 1.00 1.00 1.00
200 00200 00200 00200 00200 1.00 1.00 1.00 1.00 1.00 1.00 1.00 1.00
201 00200 00200 00200 00200 1.00 1.00 1.00 1.00 1.00 1.00 1.00 1.00
202 00200 00200 00000 00200 .46 .46 .46 .46 .63 .63 .63 .63
203 00200 00200 00000 00200 .46 .46 .46 .46 .63 .63 .63 .63
204 00200 00200 00000 00200 .46 .46 .46 .46 .63 .63 .63 .63
205 00200 00200 00000 00200 .46 .46 .46 .46 .63 .63 .63 .63
206 00200 00200 00000 00200 .46 .46 .46 .46 .63 .63 .63 .63
207 00200 00200 00000 00200 .46 .46 .46 .46 .63 .63 .63 .63
208 00200 00200 00000 00200 .46 .46 .46 .46 .63 .63 .63 .63
209 00200 00200 00000 00200 .46 .46 .46 .46 .63 .63 .63 .63
210 00200 00200 00000 00200 .46 .46 .46 .46 .63 .63 .63 .63
211 00200 00200 00000 00200 .46 .46 .46 .46 .63 .63 .63 .63
212 00200 00200 00000 00200 .46 .46 .46 .46 .63 .63 .63 .63
213 00200 00200 00000 00200 .46 .46 .46 .46 .63 .63 .63 .63
214 00200 00200 00000 00200 .46 .46 .46 .46 .63 .63 .63 .63
215 00200 00200 00000 00200 .46 .46 .46 .46 .63 .63 .63 .63
216 00200 00200 00000 00200 .46 .46 .46 .46 .63 .63 .63 .63
217 00200 00200 00000 00200 .46 .46 .46 .46 .63 .63 .63 .63
218 00200 00200 00000 00200 .46 .46 .46 .46 .63 .63 .63 .63
219 00200 00200 00000 00200 .46 .46 .46 .46 .63 .63 .63 .63
220 00200 00200 00000 00200 .46 .46 .46 .46 .63 .63 .63 .63
221 00200 00200 00000 00200 .46 .46 .46 .46 .63 .63 .63 .63
222 00200 00200 00000 00200 .46 .46 .46 .46 .63 .63 .63 .63
223 00200 00200 00000 00200 .46 .46 .46 .46 .63 .63 .63 .63
224 00200 00200 00000 00200 .46 .46 .46 .46 .63 .63 .63 .63
225 00200 00200 00000 00200 .46 .46 .46 .46 .63 .63 .63 .63
226 00200 00200 00000 00200 .46 .46 .46 .46 .63 .63 .63 .63
227 00200 00200 00000 00200 .46 .46 .46 .46 .63 .63 .63 .63
228 00200 00200 00000 00200 .46 .46 .46 .46 .63 .63 .63 .63
229 00200 00200 00000 00200 .46 .46 .46 .46 .63 .63 .63 .63
230 00200 00200 00000 00200 .46 .46 .46 .46 .63 .63 .63 .63
231 00200 00200 00000 00200 .46 .46 .46 .46 .63 .63 .63 .63
232 00200 00200 00200 00200 1.00 1.00 1.00 1.00 1.00 1.00 1.00 1.00
233 00200 00200 00200 00200 1.00 1.00 1.00 1.00 1.00 1.00 1.00 1.00
234 00200 00200 00200 00200 1.00 1.00 1.00 1.00 1.00 1.00 1.00 1.00
235 00200 00200 00200 00200 1.00 1.00 1.00 1.00 1.00 1.00 1.00 1.00
236 00200 00200 00200 00200 1.00 1.00 1.00 1.00 1.00 1.00 1.00 1.00
237 00200 00200 00200 00200 1.00 1.00 1.00 1.00 1.00 1.00 1.00 1.00
238 00200 00200 00200 00200 1.00 1.00 1.00 1.00 1.00 1.00 1.00 1.00
239 00200 00200 00200 00200 1.00 1.00 1.00 1.00 1.00 1.00 1.00 1.00
240 00200 00200 00200 00200 1.00 1.00 1.00 1.00 1.00 1.00 1.00 1.00
241 00200 00200 00200 00200 1.00 1.00 1.00 1.00 1.00 1.00 1.00 1.00
242 00200 00200 00200 00200 1.00 1.00 1.00 1.00 1.00 1.00 1.00 1.00
243 00200 00200 00200 00200 1.00 1.00 1.00 1.00 1.00 1.00 1.00 1.00
244 00200 00200 00200 00200 1.00 1.00 1.00 1.00 1.00 1.00 1.00 1.00
245 00200 00200 02000 00200 .22 .22 .22 .22 .41 .41 .41 .41
246 00200 00200 02000 00200 .22 .22 .22 .22 .41 .41 .41 .41
247 00200 00200 02000 00200 .22 .22 .22 .22 .41 .41 .41 .41
248 00200 00200 02200 00200 .68 .68 .68 .68 .75 .75 .75 .75
249 00200 00200 02200 00200 .68 .68 .68 .68 .75 .75 .75 .75
250 00200 00200 02200 00200 .68 .68 .68 .68 .75 .75 .75 .75
251 00200 00200 02200 00200 .68 .68 .68 .68 .75 .75 .75 .75
252 00200 00200 02200 00200 .68 .68 .68 .68 .75 .75 .75 .75
253 00200 00200 02200 00200 .68 .68 .68 .68 .75 .75 .75 .75
254 00200 00200 02200 00200 .68 .68 .68 .68 .75 .75 .75 .75
255 00200 00200 02200 00200 .68 .68 .68 .68 .75 .75 .75 .75
256 00200 00200 02200 00200 .68 .68 .68 .68 .75 .75 .75 .75
257 00200 00200 02200 00200 .68 .68 .68 .68 .75 .75 .75 .75
258 00200 00200 02200 00200 .68 .68 .68 .68 .75 .75 .75 .75
259 00200 00200 02200 00200 .68 .68 .68 .68 .75 .75 .75 .75
260 02200 20200 02200 02200 .48 .48 .48 .48 .60 .60 .60 .60
261 02200 20200 02200 02200 .48 .48 .48 .48 .60 .60 .60 .60
262 02200 20200 02200 02200 .48 .48 .48 .48 .60 .60 .60 .60
263 02200 20200 02200 02200 .48 .48 .48 .48 .60 .60 .60 .60
264 02200 20200 02200 02200 .48 .48 .48 .48 .60 .60 .60 .60
265 02200 20200 02200 02200 .48 .48 .48 .48 .60 .60 .60 .60
266 02200 20200 02200 02200 .48 .48 .48 .48 .60 .60 .60 .60
267 02200 20200 02200 02200 .48 .48 .48 .48 .60 .60 .60 .60
268 02200 20200 02200 02200 .48 .48 .48 .48 .60 .60 .60 .60
269 02200 20200 02200 02200 .48 .48 .48 .48 .60 .60 .60 .60
270 20200 20200 02200 20200 .48 .48 .48 .48 .60 .60 .60 .60
271 20200 20200 02200 20200 .48 .48 .48 .48 .60 .60 .60 .60
272 20200 20200 02200 20200 .48 .48 .48 .48 .60 .60 .60 .60
273 20200 20200 02200 20200 .48 .48 .48 .48 .60 .60 .60 .60
274 20200 20200 02200 20200 .48 .48 .48 .48 .60 .60 .60 .60
275 20200 20200 02200 20200 .48 .48 .48 .48 .60 .60 .60 .60
276 20200 20200 02200 20200 .48 .48 .48 .48 .60 .60 .60 .60
277 20200 20200 02200 20200 .48 .48 .48 .48 .60 .60 .60 .60
278 20200 20200 02200 20200 .48 .48 .48 .48 .60 .60 .60 .60
279 20200 20200 02200 20200 .48 .48 .48 .48 .60 .60 .60 .60
280 20200 20200 02200 20200 .48 .48 .48 .48 .60 .60 .60 .60
281 20200 20200 02200 20200 .48 .48 .48 .48 .60 .60 .60 .60
282 20200 20200 02200 20200 .48 .48 .48 .48 .60 .60 .60 .60
283 20200 20200 02200 20200 .48 .48 .48 .48 .60 .60 .60 .60
284 20200 20200 02200 20200 .48 .48 .48 .48 .60 .60 .60 .60
285 20200 20200 02200 20200 .48 .48 .48 .48 .60 .60 .60 .60
286 20200 20200 02200 20200 .48 .48 .48 .48 .60 .60 .60 .60
287 20200 20200 02200 20200 .48 .48 .48 .48 .60 .60 .60 .60
288 20200 20200 02200 20200 .48 .48 .48 .48 .60 .60 .60 .60
289 20200 20200 02200 20200 .48 .48 .48 .48 .60 .60 .60 .60
290 20020 20200 02200 20200 -0.04 -0.04 -0.04 -0.04 .21 .21 .21 .21
291 20020 20200 02200 20200 -0.04 -0.04 -0.04 -0.04 .21 .21 .21 .21
292 20020 20200 02200 20200 -0.04 -0.04 -0.04 -0.04 .21 .21 .21 .21
293 20020 20200 20020 20020 .48 .48 .48 .48 .60 .60 .60 .60
294 20020 20200 20020 20020 .48 .48 .48 .48 .60 .60 .60 .60
295 20020 20200 20020 20020 .48 .48 .48 .48 .60 .60 .60 .60
296 20020 20200 20020 20020 .48 .48 .48 .48 .60 .60 .60 .60
297 20020 20200 20020 20020 .48 .48 .48 .48 .60 .60 .60 .60
298 20020 20200 20020 20020 .48 .48 .48 .48 .60 .60 .60 .60
299 20020 20200 20020 20020 .48 .48 .48 .48 .60 .60 .60 .60
300 20000 20000 20020 20000 .68 .68 .68 .68 .75 .75 .75 .75
301 20000 20000 20020 20000 .68 .68 .68 .68 .75 .75 .75 .75
302 20000 20000 20020 20000 .68 .68 .68 .68 .75 .75 .75 .75
303 20000 20000 20020 20000 .68 .68 .68 .68 .75 .75 .75 .75
304 20000 20000 20020 20000 .68 .68 .68 .68 .75 .75 .75 .75
305 20000 20000 20020 20000 .68 .68 .68 .68 .75 .75 .75 .75
306 20000 20000 20020 20000 .68 .68 .68 .68 .75 .75 .75 .75
307 20000 20000 20020 20000 .68 .68 .68 .68 .75 .75 .75 .75
308 20000 20000 20000 20000 1.00 1.00 1.00 1.00 1.00 1.00 1.00 1.00
309 20000 20000 20000 20000 1.00 1.00 1.00 1.00 1.00 1.00 1.00 1.00
310 20000 20000 20000 20000 1.00 1.00 1.00 1.00 1.00 1.00 1.00 1.00
311 20000 20000 20000 20000 1.00 1.00 1.00 1.00 1.00 1.00 1.00 1.00
312 20000 20000 20000 20000 1.00 1.00 1.00 1.00 1.00 1.00 1.00 1.00
313 20000 20000 20000 20000 1.00 1.00 1.00 1.00 1.00 1.00 1.00 1.00
314 20000 20000 20000 20000 1.00 1.00 1.00 1.00 1.00 1.00 1.00 1.00
315 20000 20000 20000 20000 1.00 1.00 1.00 1.00 1.00 1.00 1.00 1.00
316 20000 20000 20000 20000 1.00 1.00 1.00 1.00 1.00 1.00 1.00 1.00
317 20000 20000 20000 20000 1.00 1.00 1.00 1.00 1.00 1.00 1.00 1.00
318 20000 20000 20000 20000 1.00 1.00 1.00 1.00 1.00 1.00 1.00 1.00
319 20000 20000 20000 20000 1.00 1.00 1.00 1.00 1.00 1.00 1.00 1.00
320 20000 20000 20000 20000 1.00 1.00 1.00 1.00 1.00 1.00 1.00 1.00
321 20000 20000 20000 20000 1.00 1.00 1.00 1.00 1.00 1.00 1.00 1.00
322 20000 20000 20000 20000 1.00 1.00 1.00 1.00 1.00 1.00 1.00 1.00
323 20000 20000 20000 20000 1.00 1.00 1.00 1.00 1.00 1.00 1.00 1.00
324 20000 20000 20000 20000 1.00 1.00 1.00 1.00 1.00 1.00 1.00 1.00
325 20000 20000 20000 20000 1.00 1.00 1.00 1.00 1.00 1.00 1.00 1.00
326 20000 20000 20000 20000 1.00 1.00 1.00 1.00 1.00 1.00 1.00 1.00
327 20000 20000 20000 20000 1.00 1.00 1.00 1.00 1.00 1.00 1.00 1.00
328 20000 20000 20000 20000 1.00 1.00 1.00 1.00 1.00 1.00 1.00 1.00
329 20000 20000 20000 20000 1.00 1.00 1.00 1.00 1.00 1.00 1.00 1.00
330 20000 20000 20000 20000 1.00 1.00 1.00 1.00 1.00 1.00 1.00 1.00
331 20000 20000 20000 20000 1.00 1.00 1.00 1.00 1.00 1.00 1.00 1.00
332 20000 20000 20000 20000 1.00 1.00 1.00 1.00 1.00 1.00 1.00 1.00
333 20000 20000 20000 20000 1.00 1.00 1.00 1.00 1.00 1.00 1.00 1.00
334 20000 20000 20000 20000 1.00 1.00 1.00 1.00 1.00 1.00 1.00 1.00
335 20000 20000 20000 20000 1.00 1.00 1.00 1.00 1.00 1.00 1.00 1.00
336 20000 20000 20000 20000 1.00 1.00 1.00 1.00 1.00 1.00 1.00 1.00
337 20000 20000 20000 20000 1.00 1.00 1.00 1.00 1.00 1.00 1.00 1.00
338 20000 20000 20000 20000 1.00 1.00 1.00 1.00 1.00 1.00 1.00 1.00
339 20000 20000 20000 20000 1.00 1.00 1.00 1.00 1.00 1.00 1.00 1.00
340 20000 20000 20000 20000 1.00 1.00 1.00 1.00 1.00 1.00 1.00 1.00
341 20000 20000 20000 20000 1.00 1.00 1.00 1.00 1.00 1.00 1.00 1.00
342 20000 20000 20000 20000 1.00 1.00 1.00 1.00 1.00 1.00 1.00 1.00
343 20000 20000 20000 20000 1.00 1.00 1.00 1.00 1.00 1.00 1.00 1.00
344 20000 20000 20000 20000 1.00 1.00 1.00 1.00 1.00 1.00 1.00 1.00
345 20000 20000 20000 20000 1.00 1.00 1.00 1.00 1.00 1.00 1.00 1.00
346 20000 20000 20000 20000 1.00 1.00 1.00 1.00 1.00 1.00 1.00 1.00
347 20000 20000 20000 20000 1.00 1.00 1.00 1.00 1.00 1.00 1.00 1.00
348 20000 20000 20000 20000 1.00 1.00 1.00 1.00 1.00 1.00 1.00 1.00
349 20000 20000 20000 20000 1.00 1.00 1.00 1.00 1.00 1.00 1.00 1.00
350 20000 20000 20000 20000 1.00 1.00 1.00 1.00 1.00 1.00 1.00 1.00
351 20000 20000 20000 20000 1.00 1.00 1.00 1.00 1.00 1.00 1.00 1.00
352 20000 20000 20000 20000 1.00 1.00 1.00 1.00 1.00 1.00 1.00 1.00
353 20000 20000 20000 20000 1.00 1.00 1.00 1.00 1.00 1.00 1.00 1.00
354 20000 20000 20000 20000 1.00 1.00 1.00 1.00 1.00 1.00 1.00 1.00
355 20000 20000 20000 20000 1.00 1.00 1.00 1.00 1.00 1.00 1.00 1.00
356 20000 20000 20000 20000 1.00 1.00 1.00 1.00 1.00 1.00 1.00 1.00
357 20000 20000 20000 20000 1.00 1.00 1.00 1.00 1.00 1.00 1.00 1.00
358 20000 20000 20000 20000 1.00 1.00 1.00 1.00 1.00 1.00 1.00 1.00
359 20000 20000 20000 20000 1.00 1.00 1.00 1.00 1.00 1.00 1.00 1.00
360 20000 20000 20000 20000 1.00 1.00 1.00 1.00 1.00 1.00 1.00 1.00
361 20000 20000 20000 20000 1.00 1.00 1.00 1.00 1.00 1.00 1.00 1.00
362 20000 20000 20000 20000 1.00 1.00 1.00 1.00 1.00 1.00 1.00 1.00
