1 0 0 0 0 4
16 0 0 0 2 4
31 0 0 0 2 4
46 0 0 0 0 4
61 0 0 0 2 4
76 0 0 0 2 4
88 0 0 0 2 4
91 0 0 0 2 4
106 0 0 0 2 4
121 0 0 0 2 4
136 0 0 0 2 4
151 0 0 0 2 4
166 0 0 0 2 4
181 0 0 0 2 4
196 0 0 0 2 4
211 0 2 0 2 4
226 0 0 0 2 4
243 0 2 0 0 4
246 0 2 0 2 4
261 0 0 0 2 4
276 2 0 0 0 4
291 0 0 0 0 4
306 0 0 0 0 4
321 2 0 0 0 4
336 2 0 0 2 4
351 2 0 0 2 4
366 2 0 0 2 4
381 2 0 0 2 4
396 2 0 0 2 4
411 2 0 0 2 4
426 0 2 0 2 4
432 0 2 0 2 4
435 0 2 0 2 4
450 0 0 2 0 4
465 0 0 2 0 4
480 0 0 2 0 4
495 0 0 2 0 4
510 0 0 2 0 4
525 0 0 2 0 4
540 0 0 2 0 4
550 0 0 0 0 4
553 0 0 2 0 4
568 0 0 2 0 4
583 0 0 2 0 4
598 0 0 2 0 4
613 0 0 2 0 4
628 0 0 2 0 4
643 0 0 2 0 4
658 0 0 2 0 4
673 0 0 2 0 4
688 0 0 2 0 4
703 0 0 2 0 4
718 0 0 0 2 4
733 0 0 2 0 4
748 0 0 2 0 4
763 0 0 2 0 4
778 0 0 0 2 4
793 0 2 2 0 4
808 0 2 2 0 4
823 0 2 2 0 4
838 2 0 2 0 4
853 0 2 2 0 4
868 0 0 2 0 4
883 0 2 2 0 4
898 0 0 0 2 4
906 0 2 0 2 4
909 0 2 0 2 4
924 0 0 0 0 4
939 0 0 0 0 4
954 0 0 0 0 4
969 0 0 0 0 4
984 0 0 0 0 4
999 0 0 0 0 4
1014 0 0 0 0 4
1029 0 0 0 0 4
1044 0 0 0 0 4
1059 0 0 0 0 4
1074 0 0 0 0 4
1089 0 0 0 0 4
1104 0 0 0 0 4
1111 0 0 0 0 4
1114 0 0 0 0 4
1129 0 0 0 0 4
1144 0 0 0 0 4
1160 0 0 0 0 4
1163 0 0 0 0 4
1178 0 0 0 0 4
1193 0 0 0 0 4
1208 0 0 0 0 4
1223 0 0 0 0 4
1238 0 0 0 0 4
1253 0 0 0 2 4
1268 0 0 0 2 4
1283 0 0 0 2 4
1298 0 0 0 2 4
1313 0 0 0 2 4
1328 0 0 0 2 4
1345 0 0 0 2 4
1348 0 0 0 2 4
1363 0 0 2 0 4
1378 0 0 2 0 4
1393 0 0 2 0 4
1408 0 0 2 0 4
1423 0 0 2 0 4
1438 0 0 2 0 4
1453 0 0 2 0 4
1468 0 0 2 0 4
1483 0 0 2 0 4
1490 0 0 2 0 4
1493 0 0 2 0 4
1508 0 0 2 0 4
1523 0 0 2 0 4
1538 0 0 2 0 4
1553 0 0 2 0 4
1568 0 0 2 0 4
1583 0 0 2 0 4
1598 0 0 2 0 4
1613 0 0 2 0 4
1628 0 0 2 0 4
1643 0 0 2 0 4
1658 0 0 2 0 4
1673 0 2 2 0 4
1688 0 2 2 0 4
1706 0 2 0 2 4
1709 0 0 0 2 4
1724 2 0 0 0 4
1739 0 0 0 0 4
1754 0 0 0 0 4
1769 0 0 0 0 4
1784 0 0 0 0 4
1799 0 0 0 0 4
1814 0 0 0 0 4
1829 0 0 0 0 4
1844 0 0 0 0 4
1859 0 0 0 0 4
1871 0 0 0 0 4
1874 0 0 0 0 4
1889 0 0 0 0 4
1904 2 0 0 0 4
1919 2 0 0 0 4
1934 2 0 0 0 4
1949 2 0 0 2 4
1964 2 0 0 2 4
1979 0 2 0 2 4
1989 0 2 2 0 4
1992 0 2 2 0 4
2007 0 0 2 0 4
2022 0 0 2 0 4
2037 0 0 2 0 4
2052 0 0 2 0 4
2067 0 0 2 0 4
2082 0 0 2 0 4
2088 0 0 2 0 4
2091 0 0 2 0 4
2106 0 0 2 0 4
2121 0 0 2 0 4
2136 0 0 2 0 4
2151 0 0 2 0 4
2166 0 0 2 0 4
2181 0 0 2 0 4
2196 0 0 2 0 4
2211 0 0 2 0 4
2226 0 0 2 0 4
2241 0 0 2 0 4
2256 0 0 2 0 4
2271 0 0 2 0 4
2286 0 0 2 0 4
2301 0 0 2 0 4
2316 0 0 2 0 4
2331 0 0 2 0 4
2346 0 0 2 0 4
2361 0 0 2 0 4
2376 0 0 2 0 4
2391 0 0 2 0 4
2406 0 2 2 0 4
2421 0 0 0 2 4
2430 0 0 0 2 4
2433 0 2 0 2 4
2448 0 0 0 0 4
2463 0 0 0 0 4
2478 0 0 0 0 4
2493 0 0 0 0 4
2508 0 0 0 0 4
2523 0 0 0 0 4
2538 0 0 0 0 4
2547 0 0 0 0 4
2550 0 0 0 0 4
2565 2 0 0 0 4
2580 0 0 0 0 4
2595 0 0 0 0 4
2610 0 0 0 2 4
2625 0 0 0 0 4
2640 0 0 0 2 4
2655 2 0 0 2 4
2670 0 2 0 2 4
2680 0 0 0 2 4
2683 0 0 0 2 4
2698 0 0 2 0 4
2713 0 0 2 0 4
2728 0 2 2 0 4
2743 0 0 2 0 4
2758 0 0 2 0 4
2773 0 0 2 0 4
2788 0 0 2 0 4
2805 0 0 2 0 4
2808 0 0 2 0 4
2823 0 0 2 0 4
2838 0 0 2 0 4
2853 0 0 2 0 4
2868 0 0 2 0 4
2883 0 0 2 0 4
2898 0 0 2 0 4
2913 0 0 2 0 4
2928 0 0 2 0 4
2943 0 2 2 0 4
2958 0 0 2 0 4
2973 0 2 2 0 4
2988 0 2 2 0 4
3006 0 2 2 0 4
3009 0 2 0 2 4
3024 0 2 0 2 4
3039 2 0 0 2 4
3054 2 0 0 0 4
3069 0 0 0 0 4
3084 0 0 0 0 4
3099 0 0 0 0 4
3114 0 0 0 0 4
3129 0 0 0 0 4
3147 0 0 0 0 4
3150 0 0 0 0 4
3165 0 0 0 0 4
3180 0 0 0 0 4
3195 0 0 0 0 4
3210 0 0 0 0 4
3225 0 0 0 0 4
3240 0 0 0 0 4
3255 0 0 0 0 4
3270 0 0 0 0 4
3285 0 0 0 0 4
3300 0 0 0 0 4
3318 0 0 0 0 4
