2 0 0 0 0 4
14 0 0 0 0 4
28 0 0 0 2 4
31 0 0 2 0 4
46 0 0 2 0 4
61 0 0 2 0 4
76 0 0 2 0 4
91 0 0 2 0 4
106 0 0 2 0 4
121 0 2 2 0 4
139 0 0 2 0 4
142 0 2 2 0 4
157 2 0 0 2 4
172 2 0 0 0 4
187 2 0 0 0 4
202 2 0 0 0 4
217 2 0 0 0 4
232 2 0 0 2 4
247 2 0 2 0 4
255 0 2 2 0 4
258 0 2 2 0 4
273 0 0 2 0 4
288 0 0 2 0 4
303 0 0 2 0 4
311 0 0 2 0 4
314 0 0 2 0 4
329 0 0 2 0 4
344 0 0 2 0 4
359 0 0 2 0 4
374 0 0 2 0 4
389 0 0 2 0 4
404 0 0 2 0 4
419 0 0 2 0 4
434 0 2 2 0 4
449 0 2 2 0 4
456 0 2 0 2 4
459 2 0 0 2 4
474 2 0 0 0 4
489 2 0 0 0 4
504 2 0 0 0 4
519 0 0 0 0 4
534 0 0 0 0 4
549 0 0 0 0 4
564 0 0 0 0 4
581 0 0 0 0 4
584 0 0 0 0 4
599 0 0 0 0 4
614 2 0 0 0 4
629 2 0 0 0 4
644 2 0 0 2 4
659 2 0 0 2 4
674 2 0 0 2 4
689 2 0 0 2 4
708 0 2 2 0 4
711 0 2 2 0 4
726 0 0 2 0 4
741 0 0 2 0 4
756 0 0 2 0 4
771 0 0 2 0 4
786 0 0 2 0 4
801 0 0 2 0 4
816 0 0 2 0 4
831 0 0 2 0 4
841 0 0 2 0 4
844 0 0 2 0 4
859 0 0 2 0 4
874 0 0 2 0 4
889 0 0 2 0 4
904 0 0 2 0 4
919 0 0 2 0 4
934 0 0 2 0 4
949 0 0 2 0 4
964 0 0 2 0 4
979 0 0 2 0 4
994 0 0 2 0 4
1009 0 0 2 0 4
1024 0 0 2 0 4
1039 0 2 2 0 4
1054 0 2 2 0 4
1071 0 2 2 0 4
1074 0 2 0 2 4
1089 2 0 0 2 4
1104 2 0 0 0 4
1119 2 0 0 0 4
1134 0 0 0 0 4
1149 0 0 0 0 4
1164 0 0 0 0 4
1179 0 0 0 0 4
1197 0 0 0 0 4
1200 0 0 0 0 4
1215 0 0 0 0 4
1230 0 0 0 0 4
1245 2 0 0 0 4
1260 2 0 0 0 4
1275 2 0 0 0 4
1290 2 0 0 2 4
1305 2 0 0 2 4
1320 0 2 2 0 4
1323 0 2 2 0 4
1338 0 0 2 0 4
1353 0 0 2 0 4
1368 0 0 2 0 4
1383 0 0 2 0 4
1398 0 0 2 0 4
1409 0 0 2 0 4
1412 0 0 2 0 4
1427 0 0 2 0 4
1442 0 0 2 0 4
1457 0 0 2 0 4
1472 0 0 2 0 4
1487 0 0 2 0 4
1502 0 0 2 0 4
1517 0 0 2 0 4
1532 0 0 2 0 4
1547 0 0 2 0 4
1562 0 0 2 0 4
1577 0 2 2 0 4
1592 0 2 2 0 4
1600 0 2 0 2 4
1603 2 0 0 2 4
1618 2 0 0 0 4
1633 0 0 0 0 4
1648 0 0 0 0 4
1663 0 0 0 0 4
1678 0 0 0 0 4
1693 0 0 0 0 4
1700 0 0 0 0 4
1703 0 0 0 0 4
1718 0 0 0 0 4
1733 2 0 0 0 4
1748 2 0 0 0 4
1763 2 0 0 2 4
1773 0 2 2 0 4
1776 0 2 2 0 4
1791 0 0 2 0 4
1806 0 0 2 0 4
1821 0 0 2 0 4
1836 0 0 2 0 4
1851 0 0 2 0 4
1866 0 0 2 0 4
1874 0 0 2 0 4
1877 0 0 2 0 4
1892 0 0 2 0 4
1907 0 0 2 0 4
1922 0 0 2 0 4
1937 0 0 2 0 4
1952 0 0 2 0 4
1967 0 0 2 0 4
1982 0 0 2 0 4
1997 0 0 2 0 4
2012 0 0 2 0 4
2027 0 0 2 0 4
2042 0 2 2 0 4
2048 0 2 0 2 4
2051 2 0 0 2 4
2066 0 0 0 0 4
2081 2 0 0 0 4
2096 2 0 0 0 4
2111 0 0 0 0 4
2126 0 0 0 0 4
2141 0 0 0 0 4
2156 0 0 0 0 4
2171 0 0 0 0 4
2186 0 0 0 0 4
2201 0 0 0 0 4
2216 2 0 0 0 4
2231 2 0 0 2 4
2248 0 2 2 0 4
2251 0 2 2 0 4
2266 0 0 2 0 4
2281 0 0 2 0 4
2296 0 0 2 0 4
2311 0 0 2 0 4
2326 0 0 2 0 4
2341 0 0 0 2 4
2356 0 0 0 0 4
2371 0 0 0 0 4
2386 0 0 0 0 4
2401 0 0 0 0 4
2416 0 0 0 0 4
2431 0 0 0 0 4
2448 0 0 0 0 4
