11 0 0 0 0 4
26 0 0 0 0 4
41 0 0 0 2 4
56 0 0 0 2 4
65 0 0 0 2 4
68 0 0 0 2 4
83 0 0 0 2 4
98 0 0 0 2 4
113 0 2 0 2 4
131 0 2 0 2 4
134 0 0 0 2 4
149 0 2 0 0 4
164 0 2 0 0 4
179 0 2 0 2 4
194 0 2 0 2 4
201 0 2 0 2 4
204 0 0 0 2 4
219 0 0 0 2 4
234 0 0 2 0 4
247 0 0 2 0 4
250 0 0 2 0 4
265 0 0 2 0 4
280 0 0 2 0 4
295 0 0 2 0 4
310 0 0 2 0 4
325 0 0 2 0 4
340 0 0 2 0 4
355 0 0 2 0 4
370 0 0 2 0 4
385 0 0 0 2 4
400 0 0 2 0 4
415 0 2 2 0 4
434 0 2 2 0 4
437 0 2 2 0 4
452 0 2 0 0 4
467 0 0 0 0 4
482 0 0 0 0 4
497 0 0 0 0 4
512 0 0 0 0 4
517 0 0 0 0 4
520 0 0 0 0 4
535 0 0 0 0 4
550 2 0 0 0 4
565 2 0 0 0 4
580 2 0 0 2 4
599 0 2 0 2 4
602 0 2 2 0 4
617 0 0 2 0 4
632 0 0 2 0 4
647 0 0 2 0 4
657 0 0 2 0 4
660 0 0 2 0 4
675 0 0 2 0 4
690 0 0 2 0 4
705 0 0 2 0 4
720 0 0 2 0 4
735 0 0 2 0 4
750 0 0 2 0 4
765 0 0 2 0 4
780 0 2 2 0 4
795 0 2 2 0 4
811 0 2 0 2 4
814 0 2 0 2 4
829 0 0 0 0 4
844 0 0 0 0 4
863 0 0 0 0 4
866 0 0 0 0 4
881 0 0 0 0 4
896 2 0 0 0 4
911 2 0 0 0 4
926 2 0 0 2 4
941 2 0 0 2 4
960 0 2 0 2 4
963 0 2 0 2 4
978 0 0 0 2 4
993 0 0 0 2 4
1008 0 0 0 2 4
1023 0 0 2 0 4
1038 0 0 0 0 4
1048 0 0 0 0 4
1051 0 0 0 0 4
1066 0 0 0 0 4
1081 0 0 0 0 4
1096 0 0 0 0 4
1111 0 0 2 0 4
1126 0 0 2 0 4
1141 0 0 2 0 4
1156 0 0 0 2 4
1171 0 0 0 2 4
1186 0 0 0 2 4
1201 0 2 0 2 4
1219 0 2 0 2 4
1222 0 2 0 2 4
1237 0 0 0 0 4
1252 0 0 0 0 4
1267 0 0 0 0 4
1282 0 0 0 0 4
1287 0 0 0 0 4
1290 0 0 0 0 4
1305 0 0 0 0 4
1320 2 0 0 2 4
1335 2 0 0 0 4
1350 2 0 0 2 4
1365 2 0 0 2 4
1374 0 2 2 0 4
1377 0 2 0 2 4
1392 0 0 0 2 4
1407 0 0 0 2 4
1422 0 0 0 2 4
1437 0 0 0 2 4
1452 0 0 0 2 4
1468 0 0 2 0 4
1471 0 0 0 0 4
1486 0 0 0 0 4
1501 0 0 0 0 4
1516 0 0 0 0 4
1531 0 0 0 0 4
1546 0 0 2 0 4
1561 0 0 2 0 4
1576 0 0 2 0 4
1591 0 0 2 0 4
1606 0 0 0 2 4
1621 0 0 2 0 4
1636 0 0 0 2 4
1651 0 2 2 0 4
1666 0 2 2 0 4
1673 0 2 2 0 4
1676 0 2 0 0 4
1691 0 0 0 0 4
1706 0 0 0 0 4
1721 0 0 0 0 4
1732 0 0 0 0 4
1735 0 0 0 0 4
1750 0 0 0 0 4
1765 0 2 0 0 4
1780 2 0 0 0 4
1795 0 2 0 2 4
1810 0 0 0 2 4
1825 0 0 0 2 4
1840 0 0 0 2 4
1855 0 0 0 2 4
1870 0 0 0 2 4
1885 0 0 0 2 4
1900 0 0 0 0 4
1915 0 0 0 0 4
1930 0 0 0 0 4
1945 0 0 0 0 4
1960 0 0 0 0 4
1975 0 0 0 0 4
1990 0 0 0 0 4
2005 0 2 0 0 4
2020 0 0 0 0 4
2037 0 0 0 0 4
