10 0 0 0 2 4
25 0 0 0 0 4
40 0 0 0 0 4
55 0 0 0 0 4
70 0 0 0 0 4
85 0 0 0 2 4
100 0 0 0 2 4
117 0 0 0 2 4
120 0 0 0 0 4
135 0 0 0 0 4
150 0 0 0 0 4
165 0 0 2 0 4
180 0 0 2 0 4
195 0 0 2 0 4
210 0 0 2 0 4
225 0 0 2 0 4
243 0 2 2 0 4
246 0 2 2 0 4
261 0 0 2 0 4
276 0 0 2 0 4
291 0 0 2 0 4
306 0 0 2 0 4
321 0 0 2 0 4
339 0 0 2 0 4
342 0 0 2 0 4
357 0 0 2 0 4
372 0 0 2 0 4
387 0 0 2 0 4
402 0 0 2 0 4
417 0 0 2 0 4
432 0 0 2 0 4
447 0 0 2 0 4
462 0 0 2 0 4
477 0 0 2 0 4
492 0 0 2 0 4
507 0 0 2 0 4
522 0 0 2 0 4
537 0 0 2 0 4
552 0 0 2 0 4
567 0 0 2 0 4
582 0 0 2 0 4
597 0 0 2 0 4
612 0 0 2 0 4
627 0 0 2 0 4
642 0 0 2 0 4
657 0 0 2 0 4
672 0 2 0 0 4
687 0 0 0 0 4
702 0 2 2 0 4
717 0 2 2 0 4
732 0 2 2 0 4
750 2 0 0 2 4
753 2 0 0 2 4
768 2 0 0 0 4
783 0 0 0 0 4
798 0 0 0 0 4
813 0 0 0 0 4
828 0 0 0 0 4
843 2 0 0 0 4
858 0 0 0 0 4
873 0 0 0 0 4
888 0 0 0 0 4
900 0 0 0 0 4
903 0 0 0 0 4
918 0 0 0 0 4
933 2 0 0 0 4
948 2 0 0 0 4
963 2 0 0 0 4
978 2 0 0 0 4
993 2 0 0 0 4
1008 2 0 0 0 4
1023 2 0 0 0 4
1038 2 0 0 2 4
1053 2 0 0 2 4
1068 2 0 0 2 4
1074 0 2 2 0 4
1077 0 2 2 0 4
1092 0 0 2 0 4
1107 0 0 2 0 4
1122 0 0 2 0 4
1137 0 0 2 0 4
1144 0 0 2 0 4
1147 0 0 2 0 4
1162 0 0 2 0 4
1177 0 0 2 0 4
1192 0 0 2 0 4
1207 0 0 2 0 4
1222 0 0 2 0 4
1237 0 0 2 0 4
1252 0 0 2 0 4
1267 0 0 2 0 4
1282 0 0 2 0 4
1297 0 0 2 0 4
1312 0 0 2 0 4
1327 0 0 0 0 4
1342 0 0 2 0 4
1357 0 0 2 0 4
1372 0 0 2 0 4
1387 0 2 2 0 4
1402 0 2 2 0 4
1417 0 2 2 0 4
1432 0 2 2 0 4
1447 0 2 0 2 4
1460 0 2 0 2 4
1463 0 2 0 2 4
1478 2 0 0 2 4
1493 2 0 0 0 4
1508 0 0 0 0 4
1523 0 0 0 0 4
1538 0 0 0 0 4
1553 2 0 0 0 4
1568 2 0 0 0 4
1583 0 0 0 0 4
1598 0 0 0 0 4
1613 0 0 0 0 4
1628 0 0 0 0 4
1635 0 0 0 0 4
1638 0 0 0 0 4
1653 0 0 0 0 4
1668 0 0 0 0 4
1683 0 0 0 0 4
1698 0 0 0 0 4
1713 0 0 0 0 4
1728 0 0 0 0 4
1743 0 0 0 2 4
1761 0 0 2 0 4
1764 0 0 2 0 4
1779 0 2 2 0 4
1794 0 0 2 0 4
1809 0 0 2 0 4
1824 0 0 2 0 4
1841 0 0 2 0 4
1844 0 0 2 0 4
1859 0 0 2 0 4
1874 0 0 2 0 4
1889 0 0 2 0 4
1904 0 0 2 0 4
1919 0 0 2 0 4
1934 0 0 2 0 4
1949 0 0 2 0 4
1964 0 0 2 0 4
1979 0 0 2 0 4
1994 0 0 2 0 4
2009 0 2 2 0 4
2024 0 2 2 0 4
2034 2 0 0 2 4
2037 2 0 0 2 4
2052 0 2 2 0 4
2067 2 0 2 0 4
2082 0 2 2 0 4
2097 0 0 2 0 4
2112 0 0 2 0 4
2127 0 2 2 0 4
2142 0 2 2 0 4
2157 0 2 2 0 4
2172 0 2 2 0 4
2187 0 2 2 0 4
2202 2 0 0 2 4
2217 2 0 0 2 4
2232 2 0 0 0 4
2247 0 0 0 0 4
2262 0 0 0 0 4
2277 0 0 0 0 4
2292 0 0 0 0 4
2307 2 0 0 0 4
2322 2 0 0 0 4
2337 2 0 0 0 4
2345 2 0 0 0 4
2348 2 0 0 0 4
2363 2 0 0 0 4
2378 2 0 0 0 4
2393 2 0 0 0 4
2408 0 0 0 0 4
2423 0 0 0 0 4
2438 0 0 0 2 4
2453 0 0 0 2 4
2468 0 0 0 2 4
2483 0 0 0 0 4
2498 0 0 0 0 4
2513 0 0 0 2 4
2528 0 0 0 2 4
2543 0 0 0 2 4
2558 0 0 2 0 4
2571 0 0 2 0 4
2574 0 2 2 0 4
2589 0 2 2 0 4
2604 0 0 2 0 4
2619 0 0 2 0 4
2634 0 0 2 0 4
2640 0 0 2 0 4
2643 0 0 2 0 4
2658 0 0 2 0 4
2673 0 0 2 0 4
2688 0 0 2 0 4
2703 0 0 2 0 4
2718 0 0 2 0 4
2733 0 0 2 0 4
2748 0 0 2 0 4
2763 0 0 2 0 4
2778 0 0 2 0 4
2793 0 0 2 0 4
2808 0 0 0 0 4
2823 0 0 2 0 4
2838 0 0 2 0 4
2853 0 0 2 0 4
2868 0 2 2 0 4
2883 0 2 2 0 4
2898 0 2 2 0 4
2913 2 0 0 2 4
2918 2 0 0 2 4
2921 2 0 0 2 4
2936 2 0 0 2 4
2951 0 0 0 0 4
2966 0 0 0 0 4
2981 0 0 0 0 4
2996 0 0 0 0 4
3011 2 0 0 0 4
3026 0 0 0 0 4
3041 0 0 0 0 4
3056 0 0 0 0 4
3074 0 0 0 0 4
3077 2 0 0 0 4
3092 0 0 0 0 4
3107 0 0 0 0 4
3122 0 0 0 0 4
3137 0 0 0 0 4
3152 0 0 0 0 4
3167 0 0 0 0 4
3182 0 2 0 0 4
3197 0 0 0 0 4
3212 0 2 0 0 4
3227 0 2 0 0 4
3242 0 0 0 0 4
3257 0 2 0 0 4
3272 2 0 0 2 4
3287 0 0 0 2 4
3302 2 0 0 0 4
3317 2 0 0 0 4
3332 2 0 0 0 4
3347 0 0 0 0 4
3362 0 0 0 0 4
3377 2 0 0 0 4
3392 0 0 0 0 4
3407 0 0 0 0 4
3422 0 0 0 0 4
3437 0 0 0 0 4
3452 0 0 0 0 4
3467 0 2 0 0 4
3482 0 0 0 0 4
3497 0 0 0 0 4
3512 0 0 0 0 4
3527 0 0 0 0 4
3542 0 0 0 0 4
3557 0 0 0 0 4
3572 0 0 0 0 4
3591 0 0 0 0 4
