21 0 0 0 2 4
33 0 0 0 2 4
45 0 0 0 2 4
55 0 0 0 2 4
58 0 0 2 0 4
73 0 0 2 0 4
88 0 0 2 0 4
103 0 0 2 0 4
118 0 0 2 0 4
132 0 2 2 0 4
135 0 2 2 0 4
150 2 0 0 2 4
165 2 0 0 0 4
180 2 0 0 0 4
195 2 0 0 2 4
210 2 0 0 2 4
219 0 2 2 0 4
222 0 2 2 0 4
237 0 0 2 0 4
252 0 0 2 0 4
267 0 0 2 0 4
282 0 0 2 0 4
292 0 0 2 0 4
295 0 0 2 0 4
310 0 0 2 0 4
325 0 0 2 0 4
340 0 0 2 0 4
355 0 0 2 0 4
370 0 0 2 0 4
385 0 2 2 0 4
400 0 2 2 0 4
403 2 0 2 0 4
418 2 0 0 0 4
433 0 0 0 0 4
448 0 0 0 0 4
464 0 0 0 0 4
467 0 0 0 0 4
482 0 0 0 0 4
497 0 0 0 0 4
512 0 0 0 0 4
526 0 0 0 0 4
529 0 0 0 0 4
544 0 0 0 0 4
559 0 0 0 0 4
574 0 0 0 2 4
589 0 0 0 2 4
604 0 0 0 2 4
619 0 0 2 0 4
622 0 0 2 0 4
637 0 0 2 0 4
652 0 0 2 0 4
667 0 0 2 0 4
682 0 0 2 0 4
687 0 0 2 0 4
690 0 0 2 0 4
705 0 0 2 0 4
720 0 0 0 0 4
735 0 0 2 0 4
750 0 0 2 0 4
765 0 0 2 0 4
780 0 0 2 0 4
795 0 2 2 0 4
810 2 0 0 2 4
818 2 0 0 2 4
821 2 0 0 2 4
836 0 0 0 0 4
851 2 0 0 0 4
866 2 0 0 0 4
873 2 0 0 0 4
876 0 0 0 0 4
891 2 0 0 0 4
906 0 0 0 0 4
921 2 0 0 0 4
928 0 0 0 0 4
931 0 0 0 0 4
946 0 0 0 0 4
961 0 0 0 2 4
976 0 0 0 2 4
991 0 0 2 0 4
1009 0 0 2 0 4
1012 0 0 2 0 4
1027 0 0 2 0 4
1042 0 0 2 0 4
1057 0 0 2 0 4
1072 0 0 2 0 4
1087 0 0 2 0 4
1102 0 0 2 0 4
1113 0 0 2 0 4
1116 0 0 2 0 4
1131 0 0 2 0 4
1146 0 0 2 0 4
1161 0 0 2 0 4
1176 0 0 2 0 4
1191 0 0 2 0 4
1206 0 2 2 0 4
1221 0 2 2 0 4
1236 0 2 2 0 4
1247 2 0 0 2 4
1250 0 0 0 2 4
1265 0 0 0 2 4
1280 0 0 0 0 4
1295 0 0 0 0 4
1310 0 0 0 0 4
1325 0 0 0 0 4
1334 0 0 0 0 4
1337 0 0 0 0 4
1349 0 0 0 0 4
1361 0 0 0 0 4
1371 0 0 0 0 4
1374 0 0 0 0 4
1389 0 0 0 0 4
1404 0 0 0 2 4
1419 0 2 2 0 4
1431 0 0 2 0 4
1434 0 0 2 0 4
1449 0 0 2 0 4
1464 0 0 2 0 4
1479 0 0 2 0 4
1494 0 0 2 0 4
1497 0 0 2 0 4
1512 0 0 2 0 4
1527 0 0 0 0 4
1542 0 0 2 0 4
1557 0 0 2 0 4
1572 0 0 2 0 4
1587 0 0 2 0 4
1602 0 2 2 0 4
1617 2 0 0 2 4
1623 2 0 0 2 4
1626 2 0 0 2 4
1641 2 0 0 0 4
1656 2 0 0 0 4
1671 0 0 0 0 4
1676 0 0 0 0 4
1679 0 0 0 0 4
1691 0 0 0 0 4
1703 0 0 0 0 4
1712 0 0 0 0 4
1715 0 0 0 0 4
1730 0 0 0 0 4
1745 0 0 0 0 4
1760 0 0 0 0 4
1777 0 0 0 0 4
