1 0 0 0 0 4
16 0 0 0 0 4
31 0 0 0 0 4
46 0 0 0 0 4
59 0 0 0 2 4
62 0 0 0 2 4
77 0 0 0 2 4
92 0 0 2 0 4
107 0 0 0 2 4
122 0 0 0 2 4
137 0 2 0 2 4
152 0 0 0 2 4
167 0 0 0 2 4
176 0 2 2 0 4
179 0 2 0 2 4
194 0 2 0 2 4
209 0 2 0 2 4
224 0 2 0 2 4
239 0 2 0 0 4
254 0 2 0 0 4
269 0 2 0 0 4
284 2 0 0 0 4
299 2 0 0 0 4
314 2 0 0 0 4
329 2 0 0 0 4
344 2 0 0 2 4
359 2 0 0 2 4
374 2 0 0 2 4
392 0 2 0 2 4
395 0 2 0 2 4
410 0 2 0 2 4
425 0 0 2 0 4
440 0 0 2 0 4
455 0 0 2 0 4
470 0 0 2 0 4
485 0 0 2 0 4
500 0 0 2 0 4
515 0 0 2 0 4
530 0 0 2 0 4
539 0 0 2 0 4
542 0 0 2 0 4
557 0 0 2 0 4
572 0 0 2 0 4
587 0 0 2 0 4
602 0 0 2 0 4
617 0 0 2 0 4
632 0 0 2 0 4
647 0 0 2 0 4
662 0 0 2 0 4
677 0 0 2 0 4
692 0 0 2 0 4
707 0 0 2 0 4
722 0 0 2 0 4
737 0 0 2 0 4
752 0 2 2 0 4
767 0 0 2 0 4
782 0 2 2 0 4
798 0 2 2 0 4
801 0 2 2 0 4
816 0 2 0 2 4
831 0 2 0 0 4
846 0 2 0 0 4
861 2 0 0 0 4
876 2 0 0 0 4
891 2 0 0 0 4
906 2 0 0 0 4
921 2 0 0 0 4
936 0 0 0 0 4
951 0 0 0 0 4
966 0 0 0 0 4
981 0 0 0 0 4
996 0 0 0 0 4
1011 0 0 0 0 4
1026 0 0 0 0 4
1041 0 0 0 0 4
1055 0 0 0 0 4
1058 0 0 0 0 4
1073 0 0 0 0 4
1088 0 0 0 0 4
1103 2 0 0 0 4
1118 0 0 0 0 4
1124 2 0 0 0 4
1127 0 0 0 0 4
1139 2 0 0 0 4
1151 0 0 0 0 4
1161 0 0 0 0 4
1164 0 0 0 0 4
1179 0 0 0 0 4
1194 2 0 0 0 4
1209 2 0 0 0 4
1224 0 0 0 0 4
1239 0 0 0 0 4
1254 0 0 0 2 4
1269 0 0 0 2 4
1284 2 0 0 2 4
1299 2 0 0 2 4
1310 0 2 2 0 4
1313 0 2 2 0 4
1328 0 0 2 0 4
1343 0 0 2 0 4
1358 0 0 2 0 4
1373 0 0 0 0 4
1388 0 0 2 0 4
1403 0 0 2 0 4
1418 0 0 2 0 4
1433 0 0 2 0 4
1448 0 0 2 0 4
1463 0 0 2 0 4
1478 0 0 2 0 4
1493 0 0 2 0 4
1508 0 0 2 0 4
1518 0 0 2 0 4
1521 0 0 2 0 4
1536 0 0 2 0 4
1551 0 0 2 0 4
1566 0 0 0 0 4
1581 0 0 0 0 4
1596 0 0 2 0 4
1611 0 0 2 0 4
1626 0 0 2 0 4
1641 0 0 2 0 4
1656 0 0 2 0 4
1671 0 0 2 0 4
1686 0 0 2 0 4
1701 0 0 2 0 4
1716 0 0 2 0 4
1731 0 0 2 0 4
1746 0 0 2 0 4
1761 0 0 2 0 4
1776 0 2 2 0 4
1791 0 2 2 0 4
1806 0 0 2 0 4
1821 0 2 2 0 4
1836 0 0 2 0 4
1851 0 0 0 2 4
1863 0 0 0 2 4
1866 0 0 0 2 4
1881 2 0 0 0 4
1896 0 0 0 0 4
1911 2 0 0 0 4
1926 2 0 0 0 4
1941 2 0 0 0 4
1956 0 0 0 0 4
1971 0 0 0 0 4
1986 0 0 0 0 4
2001 0 0 0 0 4
2016 0 0 0 0 4
2025 0 0 0 0 4
2028 0 0 0 0 4
2043 0 0 0 0 4
2058 0 0 0 0 4
2073 2 0 0 0 4
2088 2 0 0 2 4
2103 2 0 0 0 4
2118 0 0 0 2 4
2133 2 0 0 2 4
2148 2 0 0 2 4
2163 2 0 0 2 4
2178 2 0 0 2 4
2193 2 0 0 2 4
2208 0 2 0 2 4
2223 0 2 0 2 4
2232 0 2 0 2 4
2235 0 2 0 2 4
2250 0 0 2 0 4
2265 0 0 2 0 4
2280 0 0 2 0 4
2295 0 0 2 0 4
2310 0 0 2 0 4
2325 0 0 2 0 4
2340 0 0 2 0 4
2355 0 0 2 0 4
2370 0 0 2 0 4
2385 0 0 2 0 4
2400 0 0 2 0 4
2415 0 0 2 0 4
2430 0 0 2 0 4
2445 0 0 2 0 4
2460 0 0 2 0 4
2475 0 0 2 0 4
2490 0 0 2 0 4
2493 0 0 2 0 4
2508 0 0 2 0 4
2523 2 0 2 0 4
2538 0 0 0 0 4
2553 0 0 2 0 4
2568 0 0 0 0 4
2583 0 0 2 0 4
2598 0 0 2 0 4
2613 0 0 2 0 4
2628 0 0 2 0 4
2643 0 0 2 0 4
2658 0 0 2 0 4
2673 0 0 2 0 4
2688 0 0 0 0 4
2703 0 0 2 0 4
2718 0 0 2 0 4
2733 0 0 2 0 4
2748 0 0 2 0 4
2763 0 0 2 0 4
2778 0 2 2 0 4
2793 0 2 2 0 4
2808 0 2 2 0 4
2823 0 2 2 0 4
2838 0 2 0 2 4
2853 0 2 0 2 4
2868 0 2 0 2 4
2883 0 2 0 0 4
2891 2 0 0 0 4
2894 2 0 0 0 4
2909 2 0 0 0 4
2924 0 0 0 0 4
2939 0 0 0 0 4
2954 0 0 0 0 4
2969 2 0 0 0 4
2984 0 0 0 0 4
2999 0 0 0 0 4
3014 0 0 0 0 4
3029 0 0 0 0 4
3048 0 0 0 0 4
3051 0 0 0 0 4
3066 2 0 0 0 4
3081 2 0 0 0 4
3096 2 0 0 0 4
3111 2 0 0 2 4
3126 2 0 0 2 4
3141 2 0 0 0 4
3156 2 0 0 2 4
3171 2 0 0 2 4
3186 0 0 0 2 4
3201 0 2 0 2 4
3217 0 0 0 2 4
3220 0 0 0 2 4
3235 0 2 2 0 4
3250 0 0 2 0 4
3265 0 0 2 0 4
3280 0 0 2 0 4
3295 0 0 2 0 4
3310 0 0 2 0 4
3325 0 0 2 0 4
3336 0 0 2 0 4
3339 0 0 2 0 4
3354 0 0 2 0 4
3369 0 0 0 0 4
3384 0 0 0 0 4
3399 0 0 2 0 4
3414 0 0 2 0 4
3429 0 0 2 0 4
3444 0 0 2 0 4
3459 0 0 2 0 4
3474 0 2 2 0 4
3489 0 2 2 0 4
3504 0 2 2 0 4
3519 0 2 2 0 4
3534 0 2 0 2 4
3550 0 2 0 2 4
3553 0 2 0 2 4
3568 0 2 0 0 4
3583 0 0 0 0 4
3598 2 0 0 0 4
3613 0 0 0 0 4
3619 0 0 0 0 4
3622 0 0 0 0 4
3637 0 0 0 0 4
3652 0 0 0 0 4
3667 0 0 0 0 4
3682 0 0 0 0 4
3697 0 0 0 0 4
3712 0 0 0 0 4
3728 0 0 0 0 4
