1 0 0 0 2 4
16 0 0 0 2 4
31 0 0 0 2 4
46 0 0 2 0 4
61 0 0 2 0 4
76 0 0 2 0 4
86 0 0 2 0 4
89 0 0 2 0 4
104 0 0 0 2 4
119 0 2 0 2 4
134 0 2 0 2 4
149 0 2 0 2 4
167 0 2 0 2 4
170 0 2 0 2 4
185 0 0 2 0 4
200 0 0 2 0 4
219 0 0 2 0 4
222 0 0 2 0 4
237 0 0 2 0 4
252 0 0 2 0 4
267 0 0 2 0 4
282 0 0 2 0 4
297 0 0 2 0 4
312 0 0 2 0 4
327 0 0 2 0 4
342 0 0 0 2 4
357 0 0 0 2 4
372 0 0 0 2 4
387 0 2 0 2 4
400 0 2 0 2 4
403 0 2 0 2 4
418 2 0 0 2 4
433 0 0 0 0 4
448 0 0 0 0 4
463 0 0 0 0 4
478 0 0 0 0 4
487 0 0 0 0 4
490 0 0 0 0 4
505 0 0 0 0 4
520 0 0 0 0 4
535 0 2 0 0 4
550 2 0 0 2 4
565 2 0 0 2 4
580 0 2 0 2 4
587 0 0 0 2 4
590 0 0 0 2 4
605 0 0 0 2 4
620 0 0 2 0 4
635 0 0 2 0 4
643 0 0 2 0 4
646 0 0 2 0 4
661 0 0 2 0 4
676 0 0 0 0 4
691 0 0 2 0 4
706 0 0 2 0 4
721 0 0 2 0 4
736 0 0 2 0 4
751 0 0 2 0 4
766 0 0 2 0 4
781 0 0 2 0 4
796 0 0 0 2 4
811 0 0 2 0 4
826 0 0 0 2 4
841 0 0 0 2 4
856 0 2 0 2 4
875 0 2 0 2 4
878 0 2 0 2 4
893 2 0 0 2 4
908 0 0 0 0 4
923 0 0 0 0 4
938 0 0 0 0 4
950 0 0 0 0 4
953 0 0 0 0 4
968 0 0 0 0 4
983 0 0 0 0 4
998 0 0 0 0 4
1013 2 0 0 0 4
1028 2 0 0 0 4
1043 2 0 0 2 4
1058 2 0 0 2 4
1073 2 0 0 2 4
1088 2 0 0 2 4
1103 0 2 0 2 4
1112 0 2 0 2 4
1115 0 2 0 2 4
1130 0 0 2 0 4
1145 0 0 2 0 4
1160 0 0 0 0 4
1175 0 0 0 0 4
1190 0 0 0 0 4
1203 0 0 0 0 4
1206 0 0 0 0 4
1221 0 0 0 0 4
1236 0 0 0 0 4
1251 0 0 0 0 4
1266 0 0 0 0 4
1281 0 0 2 0 4
1296 0 0 0 2 4
1311 0 0 2 0 4
1326 0 0 2 0 4
1341 0 0 0 2 4
1356 0 0 0 2 4
1371 0 0 0 2 4
1386 0 2 0 2 4
1395 0 2 0 2 4
1398 0 2 0 2 4
1413 0 0 0 2 4
1428 0 0 0 0 4
1443 0 0 0 0 4
1458 0 0 0 0 4
1473 0 0 0 0 4
1482 0 0 0 0 4
1485 0 0 0 0 4
1500 0 0 0 0 4
1515 0 0 0 2 4
1530 0 0 0 0 4
1545 0 0 0 2 4
1563 0 0 2 0 4
1566 0 0 2 0 4
1581 0 0 2 0 4
1596 0 0 2 0 4
1611 0 0 0 0 4
1626 0 0 0 0 4
1641 0 0 0 0 4
1656 0 0 0 0 4
1671 0 0 0 0 4
1677 0 0 0 0 4
1680 0 0 0 0 4
1695 0 0 0 0 4
1710 0 0 0 0 4
1725 0 0 2 0 4
1740 0 0 2 0 4
1755 0 0 2 0 4
1770 0 0 2 0 4
1785 0 0 0 2 4
1800 0 2 0 2 4
1815 0 2 0 2 4
1830 0 2 0 2 4
1838 0 2 0 2 4
1841 0 2 0 2 4
1856 0 0 0 0 4
1871 0 0 0 0 4
1886 0 2 0 0 4
1901 0 0 0 0 4
1910 0 0 0 0 4
1913 0 0 0 0 4
1928 2 0 0 2 4
1943 2 0 0 2 4
1958 2 0 0 2 4
1973 0 2 0 2 4
1988 0 0 0 2 4
2003 0 0 0 2 4
2018 0 0 0 2 4
2033 0 0 0 2 4
2048 0 0 0 2 4
2063 0 0 0 2 4
2078 0 0 0 0 4
2093 0 0 0 0 4
2108 0 0 0 0 4
2123 0 0 0 0 4
2138 0 0 0 0 4
2153 0 0 0 0 4
2168 0 0 0 0 4
2183 0 0 0 0 4
2198 0 0 0 0 4
2213 0 0 0 0 4
2228 0 0 0 0 4
2233 0 0 0 0 4
