1 0 0 0 2 4
16 0 0 0 2 4
31 0 0 0 2 4
46 0 0 0 2 4
61 0 0 0 2 4
76 0 0 0 2 4
91 0 2 0 2 4
97 0 2 0 2 4
100 0 2 0 2 4
115 0 0 0 2 4
130 0 2 0 2 4
145 0 2 0 0 4
160 0 0 0 0 4
175 0 0 0 0 4
190 0 2 0 2 4
200 0 2 0 2 4
203 0 2 0 2 4
218 0 0 0 2 4
233 0 0 2 0 4
246 0 0 0 2 4
249 0 0 0 2 4
264 0 0 2 0 4
279 0 0 2 0 4
294 0 0 2 0 4
309 0 0 0 2 4
324 0 0 0 2 4
339 0 0 2 0 4
354 0 0 2 0 4
369 0 0 2 0 4
384 0 0 2 0 4
399 0 0 2 0 4
414 0 0 2 0 4
429 0 2 2 0 4
443 0 0 2 0 4
446 0 0 2 0 4
461 0 0 0 2 4
476 0 2 0 2 4
491 2 0 0 0 4
506 2 0 0 0 4
521 0 0 0 0 4
536 0 0 0 0 4
551 2 0 0 0 4
566 0 0 0 0 4
581 0 0 0 0 4
596 0 0 0 0 4
608 0 0 0 0 4
611 0 0 0 0 4
626 0 0 0 0 4
641 0 0 0 0 4
656 0 0 0 0 4
671 2 0 0 0 4
686 0 0 0 2 4
701 0 0 0 2 4
716 0 0 0 2 4
724 0 2 0 2 4
727 0 2 0 2 4
742 0 0 0 2 4
757 0 0 0 2 4
772 0 0 0 2 4
787 0 0 0 2 4
803 0 0 0 2 4
806 0 0 0 2 4
821 0 0 0 2 4
836 0 0 0 2 4
851 0 0 0 2 4
866 0 0 0 2 4
881 0 0 0 2 4
896 0 0 0 2 4
911 0 0 0 2 4
926 0 2 0 2 4
931 0 2 0 2 4
934 0 2 0 2 4
949 0 2 0 2 4
964 2 0 0 0 4
979 2 0 0 0 4
994 2 0 0 0 4
1009 0 0 0 0 4
1024 0 0 0 0 4
1039 0 0 0 0 4
1054 0 0 0 0 4
1059 0 0 0 0 4
1062 0 0 0 0 4
1077 0 0 0 0 4
1092 0 2 0 0 4
1107 0 2 0 2 4
1122 0 2 0 2 4
1137 0 0 0 0 4
1152 0 2 0 2 4
1167 0 2 0 2 4
1178 0 0 0 2 4
1181 0 0 0 0 4
1196 0 0 0 2 4
1211 0 0 0 2 4
1226 0 0 0 2 4
1233 0 0 0 2 4
1236 0 0 0 2 4
1251 0 0 0 2 4
1266 0 0 0 2 4
1281 0 0 0 2 4
1296 0 0 0 2 4
1311 0 0 0 2 4
1326 0 0 0 2 4
1341 0 0 0 2 4
1356 0 0 0 2 4
1371 0 0 0 2 4
1386 0 0 0 2 4
1401 0 0 0 2 4
1416 0 0 2 0 4
1431 0 0 2 0 4
1446 0 0 0 0 4
1461 0 0 2 0 4
1476 0 0 2 0 4
1491 0 0 2 0 4
1506 0 0 0 2 4
1521 0 0 2 0 4
1536 0 2 2 0 4
1551 0 2 2 0 4
1560 0 2 2 0 4
1563 0 2 2 0 4
1578 0 2 0 2 4
1593 0 2 0 0 4
1608 0 0 0 0 4
1623 0 0 0 0 4
1638 0 0 0 0 4
1653 0 0 0 0 4
1668 0 0 0 0 4
1683 0 0 0 0 4
1698 0 0 0 0 4
1713 0 0 0 0 4
1728 0 0 0 0 4
1747 0 0 0 0 4
1750 0 0 0 0 4
1765 0 0 0 0 4
1780 0 0 0 0 4
1795 0 2 0 2 4
1810 0 0 0 2 4
1825 0 0 0 2 4
1840 0 0 0 2 4
1855 0 0 0 2 4
1871 0 2 0 2 4
1874 0 2 0 2 4
1889 0 0 0 2 4
1904 0 0 0 2 4
1923 0 0 2 0 4
1926 0 0 2 0 4
1941 0 0 2 0 4
1956 0 0 2 0 4
1971 0 0 2 0 4
1986 0 0 2 0 4
2001 0 0 2 0 4
2016 0 0 2 0 4
2031 0 0 0 2 4
2046 0 0 0 2 4
2061 0 0 0 2 4
2076 0 0 0 2 4
2091 0 0 0 2 4
2106 0 2 2 0 4
2121 0 2 2 0 4
2136 0 2 0 2 4
2146 0 2 0 2 4
2149 0 2 0 2 4
2164 0 2 0 0 4
2179 0 0 0 0 4
2194 0 0 0 0 4
2209 0 0 0 0 4
2224 0 0 0 0 4
2239 0 0 0 0 4
2254 0 2 0 0 4
2272 0 0 0 0 4
2275 0 2 0 0 4
2290 0 2 0 0 4
2305 0 0 0 0 4
2320 0 0 0 0 4
2335 0 0 0 0 4
2350 0 0 0 0 4
2365 0 0 0 0 4
2380 0 0 0 0 4
2395 0 0 0 0 4
2410 0 0 0 0 4
2425 0 0 0 0 4
2440 0 0 0 0 4
2452 0 0 0 0 4
