90 0 0 0 0 4
105 0 0 0 0 4
120 0 0 0 0 4
135 0 0 0 0 4
150 0 0 0 0 4
163 0 0 0 0 4
166 0 0 0 2 4
181 0 0 0 2 4
196 0 0 0 2 4
211 0 0 2 0 4
226 0 2 2 0 4
241 0 2 2 0 4
256 0 2 2 0 4
271 0 2 2 0 4
286 0 2 2 0 4
301 0 0 2 0 4
315 0 2 2 0 4
318 0 2 2 0 4
333 0 2 0 2 4
348 2 0 0 2 4
363 2 0 0 0 4
378 2 0 0 0 4
393 2 0 0 0 4
408 2 0 0 0 4
423 2 0 0 0 4
438 2 0 0 0 4
453 2 0 0 2 4
468 2 0 0 2 4
483 2 0 0 2 4
498 2 0 0 2 4
513 2 0 0 2 4
528 2 0 0 2 4
543 0 2 0 2 4
550 0 2 0 2 4
553 0 2 0 2 4
568 0 0 2 0 4
583 0 0 2 0 4
598 0 0 2 0 4
613 0 0 2 0 4
628 0 0 2 0 4
643 0 0 2 0 4
658 0 0 2 0 4
673 0 0 2 0 4
688 0 0 2 0 4
703 0 0 2 0 4
708 0 0 2 0 4
711 0 0 2 0 4
726 0 0 2 0 4
741 0 0 2 0 4
756 0 0 2 0 4
771 0 0 2 0 4
786 0 0 0 2 4
801 0 0 0 0 4
816 0 0 0 2 4
831 0 0 0 2 4
846 0 0 0 2 4
861 0 0 0 2 4
876 0 0 0 2 4
891 0 0 0 2 4
906 0 0 0 2 4
921 0 0 0 2 4
936 0 0 0 2 4
951 0 0 0 2 4
966 0 0 0 2 4
981 0 0 0 2 4
996 0 0 0 2 4
1011 0 0 2 0 4
1026 0 2 0 2 4
1041 0 2 2 0 4
1056 0 2 2 0 4
1071 0 2 2 0 4
1086 0 2 2 0 4
1101 0 2 2 0 4
1116 0 2 0 2 4
1131 0 2 0 0 4
1146 0 2 0 2 4
1161 0 2 0 2 4
1176 0 0 0 0 4
1191 0 0 0 2 4
1206 0 0 0 2 4
1221 0 2 0 2 4
1236 0 0 0 2 4
1251 0 0 0 2 4
1266 0 0 0 2 4
1281 0 0 0 0 4
1296 0 0 2 0 4
1311 0 0 2 0 4
1326 0 0 2 0 4
1341 0 0 2 0 4
1356 0 0 0 2 4
1371 0 0 0 2 4
1386 0 0 0 2 4
1401 0 0 0 2 4
1416 0 0 2 0 4
1431 0 0 2 0 4
1446 0 0 2 0 4
1460 0 2 2 0 4
1463 0 2 2 0 4
1478 0 2 0 2 4
1493 2 0 0 0 4
1508 2 0 0 0 4
1523 0 0 0 0 4
1538 0 0 0 0 4
1553 0 0 0 0 4
1568 0 0 0 0 4
1583 0 0 0 0 4
1598 0 0 0 0 4
1613 0 0 0 0 4
1628 0 0 0 0 4
1633 0 0 0 0 4
1636 0 0 0 0 4
1651 0 0 0 0 4
1666 0 0 0 0 4
1681 0 0 0 0 4
1696 2 0 0 0 4
1711 2 0 0 0 4
1726 0 0 0 0 4
1741 0 0 0 2 4
1756 0 0 0 0 4
1771 0 0 0 0 4
1786 0 0 0 2 4
1801 0 0 0 2 4
1815 0 0 0 2 4
1818 0 0 0 2 4
1833 0 0 2 0 4
1848 0 0 2 0 4
1863 0 0 2 0 4
1878 0 0 2 0 4
1893 0 0 2 0 4
1908 0 0 2 0 4
1923 0 0 0 0 4
1938 0 0 2 0 4
1953 0 0 2 0 4
1968 0 0 2 0 4
1983 0 0 2 0 4
1998 0 0 0 0 4
2005 0 0 2 0 4
2008 0 0 0 0 4
2023 0 0 2 0 4
2038 0 0 2 0 4
2053 0 0 2 0 4
2068 0 0 2 0 4
2083 0 0 2 0 4
2098 0 0 2 0 4
2113 0 0 2 0 4
2128 0 0 2 0 4
2143 0 0 2 0 4
2158 0 0 2 0 4
2173 0 2 2 0 4
2188 0 0 2 0 4
2203 0 2 2 0 4
2218 0 0 2 0 4
2233 0 0 2 0 4
2248 0 0 2 0 4
2263 0 0 2 0 4
2273 0 0 2 0 4
2276 0 2 2 0 4
2291 2 0 0 2 4
2306 2 0 0 0 4
2321 2 0 0 0 4
2336 0 0 0 0 4
2351 0 0 0 0 4
2366 2 0 0 2 4
2381 2 0 0 0 4
2396 2 0 0 0 4
2411 2 0 0 0 4
2426 2 0 0 0 4
2441 2 0 0 0 4
2456 2 0 0 0 4
2471 0 0 0 0 4
2486 0 0 0 0 4
2501 0 0 0 0 4
2516 0 0 0 0 4
2535 0 0 0 0 4
2538 0 0 0 0 4
2553 0 0 0 0 4
2568 0 0 0 0 4
2583 0 0 0 0 4
2598 0 0 0 0 4
2613 0 0 0 0 4
2628 2 0 0 0 4
2641 2 0 0 0 4
2644 0 0 0 0 4
2659 0 0 0 0 4
2674 0 0 0 0 4
2689 0 0 0 0 4
2704 0 0 0 0 4
2719 0 0 0 0 4
2734 0 0 0 0 4
2739 0 0 0 0 4
2742 0 0 0 0 4
2757 0 0 0 0 4
2772 0 0 0 0 4
2790 0 0 0 0 4
2793 0 0 0 0 4
2808 0 0 0 0 4
2823 0 0 0 0 4
2838 0 0 0 0 4
2853 0 0 0 0 4
2868 0 0 0 0 4
2883 0 0 0 0 4
2898 0 0 0 0 4
2913 0 0 0 0 4
2928 0 0 0 0 4
2943 2 0 0 0 4
2949 2 0 0 0 4
2952 0 0 0 0 4
2967 0 0 0 0 4
2982 0 0 0 0 4
2993 0 0 0 0 4
2996 0 0 0 0 4
3011 0 0 0 0 4
3026 0 0 0 0 4
3041 0 0 0 0 4
3056 0 0 0 0 4
3071 0 0 0 0 4
3082 0 0 0 0 4
3085 0 0 0 0 4
3100 0 0 0 0 4
3115 0 0 0 0 4
3130 0 0 0 0 4
3149 0 0 0 0 4
3152 0 0 0 0 4
3167 2 0 0 0 4
3182 0 0 0 0 4
3197 2 0 0 0 4
3212 2 0 0 0 4
3227 2 0 0 0 4
3242 2 0 0 0 4
3257 2 0 0 0 4
3272 0 0 0 2 4
3287 2 0 0 2 4
3302 0 0 0 0 4
3317 2 0 0 2 4
3332 2 0 0 0 4
3347 2 0 0 2 4
3362 0 0 0 2 4
3377 0 0 0 2 4
3392 0 0 0 2 4
3397 0 2 2 0 4
3400 0 0 2 0 4
3415 0 0 2 0 4
3430 0 0 2 0 4
3445 0 0 2 0 4
3460 0 0 0 0 4
3475 0 0 2 0 4
3490 0 0 2 0 4
3505 0 0 2 0 4
3520 0 0 2 0 4
3535 0 0 2 0 4
3550 0 0 2 0 4
3565 0 0 2 0 4
3580 0 0 2 0 4
3595 0 0 2 0 4
3610 0 0 2 0 4
3620 0 0 2 0 4
3623 0 0 2 0 4
3638 0 0 2 0 4
3653 0 0 2 0 4
3668 0 0 2 0 4
3683 0 0 2 0 4
3698 0 0 2 0 4
3713 0 0 2 0 4
3728 0 0 2 0 4
3743 0 0 2 0 4
3758 0 0 2 0 4
3773 0 0 2 0 4
3788 0 0 2 0 4
3803 0 0 2 0 4
3818 0 0 2 0 4
3833 0 0 2 0 4
3848 0 0 2 0 4
3863 0 0 2 0 4
3878 0 0 2 0 4
3893 0 0 2 0 4
3908 0 0 2 0 4
3923 0 0 2 0 4
3938 0 0 2 0 4
3953 0 0 2 0 4
3961 0 0 2 0 4
3964 0 0 2 0 4
3979 0 0 0 2 4
3994 0 0 0 2 4
4009 2 0 0 2 4
4024 2 0 0 0 4
4039 0 0 0 0 4
4054 0 0 0 0 4
4069 2 0 0 0 4
4084 2 0 0 0 4
4099 0 0 0 0 4
4114 0 0 0 0 4
4129 0 0 0 0 4
4144 0 0 0 0 4
4162 0 0 0 0 4
4165 0 0 0 0 4
4180 0 0 0 0 4
4195 0 0 0 0 4
4210 0 0 0 0 4
4225 0 0 0 0 4
4240 2 0 0 0 4
4255 0 0 0 0 4
4270 2 0 0 0 4
4285 0 0 0 0 4
4300 2 0 0 2 4
4315 0 0 0 2 4
4330 0 0 0 2 4
4345 0 0 0 2 4
4360 2 0 0 2 4
4366 0 0 0 2 4
4369 0 2 0 2 4
4384 0 0 2 0 4
4399 0 0 2 0 4
4414 0 0 2 0 4
4429 0 0 2 0 4
4444 0 0 2 0 4
4459 0 0 2 0 4
4474 0 0 2 0 4
4489 0 0 2 0 4
4504 0 0 2 0 4
4519 0 0 2 0 4
4534 0 0 2 0 4
4549 0 0 2 0 4
4566 0 0 2 0 4
4569 0 0 2 0 4
4584 0 0 2 0 4
4599 0 0 2 0 4
4614 0 0 2 0 4
4629 0 0 2 0 4
4644 0 0 2 0 4
4659 0 0 2 0 4
4674 0 0 2 0 4
4689 0 0 2 0 4
4704 0 0 2 0 4
4719 0 0 2 0 4
4734 0 0 0 0 4
4749 0 0 2 0 4
4764 0 0 2 0 4
4779 0 0 2 0 4
4794 0 0 2 0 4
4809 0 0 2 0 4
4824 0 0 2 0 4
4839 0 0 2 0 4
4854 0 0 2 0 4
4869 0 0 2 0 4
4884 0 0 2 0 4
4899 0 0 2 0 4
4914 0 0 2 0 4
4929 0 0 2 0 4
4944 0 0 2 0 4
4959 0 0 2 0 4
4973 0 0 2 0 4
4976 0 0 0 0 4
4991 0 0 0 2 4
5006 0 0 0 2 4
5021 0 0 0 0 4
5036 0 0 0 0 4
5051 0 0 0 0 4
5066 2 0 0 0 4
5081 2 0 0 0 4
5096 0 0 0 0 4
5111 0 0 0 0 4
5126 0 0 0 0 4
5141 0 0 0 0 4
5156 0 0 0 0 4
5171 0 0 0 0 4
5186 0 0 0 0 4
5192 0 0 0 0 4
5195 0 0 0 0 4
5210 0 0 0 0 4
5225 0 0 0 0 4
5240 0 0 0 0 4
5255 0 0 0 0 4
5270 0 0 0 0 4
5285 0 0 0 0 4
5300 0 0 0 0 4
5315 0 0 0 0 4
5330 0 0 0 0 4
5345 0 0 0 0 4
5361 0 0 0 0 4
