57 0 0 0 0 4
72 0 0 0 0 4
87 0 0 0 0 4
102 0 0 0 2 4
117 0 0 0 2 4
128 0 0 2 0 4
131 0 0 2 0 4
146 0 0 2 0 4
161 0 0 2 0 4
168 0 0 2 0 4
171 0 0 2 0 4
186 0 0 2 0 4
201 0 0 2 0 4
216 0 0 2 0 4
235 0 0 2 0 4
238 0 0 2 0 4
253 0 0 2 0 4
268 0 0 2 0 4
283 0 0 2 0 4
298 0 0 2 0 4
313 0 0 2 0 4
328 0 0 2 0 4
343 0 0 2 0 4
358 0 0 2 0 4
373 0 0 2 0 4
388 0 0 2 0 4
403 0 0 2 0 4
418 0 0 2 0 4
433 0 0 2 0 4
448 0 0 2 0 4
463 0 0 2 0 4
478 0 2 2 0 4
493 0 2 2 0 4
508 0 0 2 0 4
523 0 2 2 0 4
535 0 2 0 2 4
538 2 0 0 2 4
553 2 0 0 0 4
568 2 0 0 0 4
583 0 0 0 0 4
598 2 0 0 0 4
613 2 0 0 0 4
628 0 0 0 0 4
643 2 0 0 0 4
658 2 0 0 0 4
673 0 0 0 0 4
688 0 0 0 0 4
693 0 0 0 0 4
696 0 0 0 0 4
711 0 0 0 0 4
726 2 0 0 0 4
741 0 0 0 0 4
756 0 0 0 0 4
771 0 0 0 2 4
786 2 0 0 2 4
802 0 2 2 0 4
805 0 2 2 0 4
820 0 0 2 0 4
835 0 0 2 0 4
850 0 0 2 0 4
865 0 0 2 0 4
868 0 0 2 0 4
883 0 0 2 0 4
898 0 0 2 0 4
913 0 0 2 0 4
928 0 0 2 0 4
943 0 0 2 0 4
958 0 0 2 0 4
973 0 0 2 0 4
988 0 0 0 0 4
1003 0 0 2 0 4
1018 0 0 0 0 4
1033 0 0 2 0 4
1048 0 0 2 0 4
1063 0 0 2 0 4
1078 0 0 2 0 4
1093 0 2 2 0 4
1108 0 2 2 0 4
1119 0 2 0 0 4
1122 2 0 0 2 4
1137 2 0 0 2 4
1152 2 0 0 0 4
1167 2 0 0 0 4
1182 0 0 0 0 4
1197 2 0 0 0 4
1212 2 0 0 0 4
1227 2 0 0 0 4
1242 0 0 0 0 4
1259 0 0 0 0 4
1262 0 0 0 0 4
1277 2 0 0 0 4
1292 2 0 0 0 4
1307 2 0 0 0 4
1322 2 0 0 2 4
1337 2 0 0 2 4
1352 2 0 0 2 4
1367 2 0 0 2 4
1382 2 0 0 2 4
1397 2 0 0 2 4
1412 2 0 0 2 4
1427 2 0 2 0 4
1433 0 2 2 0 4
1436 0 2 2 0 4
1451 0 0 2 0 4
1466 0 0 2 0 4
1482 0 0 2 0 4
1485 0 0 2 0 4
1500 0 0 2 0 4
1515 0 0 2 0 4
1530 0 0 2 0 4
1545 0 0 2 0 4
1560 0 0 2 0 4
1575 0 0 2 0 4
1590 0 0 2 0 4
1605 0 0 0 0 4
1620 0 2 2 0 4
1635 0 2 2 0 4
1650 0 0 2 0 4
1666 0 2 2 0 4
1669 0 2 2 0 4
1684 2 0 0 2 4
1699 2 0 0 0 4
1714 2 0 0 0 4
1729 2 0 0 0 4
1744 0 0 0 0 4
1759 0 0 0 0 4
1774 0 0 0 0 4
1789 2 0 0 0 4
1807 0 0 0 0 4
1810 2 0 0 0 4
1825 2 0 0 0 4
1840 2 0 0 0 4
1855 0 0 0 0 4
1870 0 0 0 0 4
1885 0 0 0 0 4
1900 0 0 0 0 4
1903 0 0 0 0 4
1918 0 0 0 0 4
1933 2 0 0 0 4
1948 2 0 0 0 4
1963 2 0 0 0 4
1974 2 0 0 0 4
1977 2 0 0 0 4
1992 2 0 0 0 4
2007 0 0 0 0 4
2022 0 0 0 0 4
2037 0 0 0 0 4
2052 0 0 0 0 4
2067 0 0 0 2 4
2082 0 0 0 2 4
2097 0 0 0 2 4
2112 2 0 0 2 4
2127 2 0 0 2 4
2139 0 2 2 0 4
2142 0 2 2 0 4
2157 0 2 2 0 4
2172 0 0 2 0 4
2186 0 0 2 0 4
2189 0 0 2 0 4
2204 0 0 2 0 4
2219 0 0 2 0 4
2234 0 0 2 0 4
2249 0 0 2 0 4
2264 0 0 2 0 4
2279 0 0 2 0 4
2294 0 0 2 0 4
2309 0 0 2 0 4
2324 0 0 2 0 4
2339 0 0 2 0 4
2354 0 0 2 0 4
2369 0 2 2 0 4
2384 0 2 2 0 4
2399 0 2 0 2 4
2413 0 2 0 2 4
2416 2 0 0 0 4
2431 2 0 0 0 4
2446 2 0 0 0 4
2461 0 2 0 0 4
2476 0 2 0 0 4
2491 0 2 0 0 4
2506 2 0 0 0 4
2525 2 0 0 0 4
2528 2 0 0 0 4
2543 2 0 0 0 4
2558 2 0 0 0 4
2573 2 0 0 0 4
2588 2 0 0 2 4
2603 2 0 0 2 4
2618 0 2 0 2 4
2633 0 2 2 0 4
2648 0 0 2 0 4
2663 0 0 0 0 4
2678 0 0 0 0 4
2693 0 0 2 0 4
2708 0 2 2 0 4
2723 0 2 2 0 4
2738 0 2 2 0 4
2753 0 2 0 2 4
2768 2 0 0 0 4
2783 2 0 0 0 4
2798 2 0 0 0 4
2813 2 0 0 0 4
2828 2 0 0 0 4
2843 2 0 0 0 4
2858 2 0 0 0 4
2873 2 0 0 0 4
2888 2 0 0 0 4
2903 2 0 0 0 4
2918 0 2 0 0 4
2924 0 2 0 0 4
