41 0 0 0 2 4
56 0 0 0 0 4
71 0 0 0 2 4
86 0 0 0 2 4
96 0 0 0 2 4
99 0 0 2 0 4
114 0 0 0 0 4
129 0 0 2 0 4
144 0 0 2 0 4
159 0 0 0 0 4
174 0 0 2 0 4
188 0 2 0 0 4
191 0 0 0 0 4
206 2 0 0 2 4
221 2 0 0 0 4
236 2 0 0 0 4
251 2 0 0 2 4
266 2 0 0 0 4
273 0 2 2 0 4
276 0 2 2 0 4
291 0 0 2 0 4
306 0 0 2 0 4
324 0 0 2 0 4
327 0 0 2 0 4
342 0 0 2 0 4
357 0 0 2 0 4
372 0 0 2 0 4
387 0 0 2 0 4
402 0 0 2 0 4
417 0 0 2 0 4
432 0 0 2 0 4
447 0 0 2 0 4
462 0 2 2 0 4
475 0 2 2 0 4
478 2 0 2 0 4
493 2 0 0 0 4
508 0 0 0 0 4
523 2 0 0 0 4
539 0 0 0 0 4
542 0 0 0 0 4
557 0 0 0 0 4
572 0 0 0 0 4
587 0 0 0 0 4
602 0 0 0 0 4
617 0 0 0 0 4
632 0 0 0 0 4
647 0 0 0 0 4
653 0 0 0 0 4
656 0 0 0 0 4
671 0 0 0 0 4
686 0 0 0 0 4
701 2 0 0 2 4
716 0 0 0 2 4
734 0 2 2 0 4
737 0 0 2 0 4
752 0 0 2 0 4
767 0 0 2 0 4
778 0 0 2 0 4
781 0 0 2 0 4
796 0 0 2 0 4
811 0 0 2 0 4
826 0 0 2 0 4
841 0 0 2 0 4
856 0 0 2 0 4
871 0 0 2 0 4
886 0 2 2 0 4
901 0 2 2 0 4
908 2 0 2 0 4
911 0 0 0 2 4
926 0 0 0 0 4
941 0 0 0 0 4
956 0 0 0 0 4
971 0 0 0 0 4
986 0 0 0 2 4
1001 0 0 0 2 4
1018 0 0 0 2 4
1021 0 0 2 0 4
1036 0 0 2 0 4
1051 0 0 0 0 4
1066 0 0 2 0 4
1081 0 0 0 0 4
1096 0 0 0 0 4
1111 0 0 2 0 4
1126 0 0 2 0 4
1141 0 0 2 0 4
1151 0 0 2 0 4
1154 0 0 2 0 4
1169 0 0 2 0 4
1184 0 0 2 0 4
1199 0 0 2 0 4
1214 0 0 2 0 4
1229 0 0 2 0 4
1244 0 0 2 0 4
1259 0 0 2 0 4
1274 0 0 2 0 4
1289 0 0 2 0 4
1304 0 0 2 0 4
1319 0 0 2 0 4
1334 0 0 2 0 4
1351 0 0 2 0 4
1354 0 0 2 0 4
1369 0 0 2 0 4
1384 0 0 2 0 4
1399 0 0 2 0 4
1406 0 0 2 0 4
1409 0 0 2 0 4
1424 0 0 2 0 4
1439 0 0 2 0 4
1454 0 0 2 0 4
1469 0 0 2 0 4
1484 0 0 2 0 4
1499 0 0 2 0 4
1514 0 0 2 0 4
1529 0 0 2 0 4
1544 0 2 2 0 4
1559 0 2 2 0 4
1574 0 2 2 0 4
1590 2 0 2 0 4
1593 2 0 2 0 4
1608 2 0 0 2 4
1623 2 0 0 0 4
1638 2 0 0 0 4
1653 0 0 0 0 4
1668 0 0 0 0 4
1683 0 0 0 0 4
1698 0 0 0 0 4
1713 0 0 0 0 4
1727 0 0 0 0 4
1730 0 0 0 0 4
1745 0 0 0 0 4
1760 0 0 0 0 4
1775 0 0 0 0 4
1790 0 0 0 0 4
1805 0 0 0 0 4
1820 0 0 0 0 4
1835 0 0 0 0 4
1850 0 0 0 0 4
1865 0 0 0 0 4
1880 0 0 0 0 4
1895 0 0 0 0 4
1910 0 0 0 0 4
1925 0 0 0 0 4
1940 0 0 0 0 4
1955 0 0 0 0 4
1970 0 0 0 0 4
1985 0 0 0 0 4
2000 0 0 0 0 4
2015 0 0 0 0 4
2030 0 0 0 0 4
2037 0 0 0 0 4
2040 0 0 0 0 4
2055 0 0 0 0 4
2070 0 0 0 0 4
2085 2 0 0 2 4
2100 2 0 0 2 4
2115 2 0 0 0 4
2130 2 0 0 2 4
2145 2 0 0 2 4
2152 0 2 2 0 4
2155 0 0 2 0 4
2170 0 0 2 0 4
2185 0 0 2 0 4
2200 0 0 2 0 4
2215 0 0 2 0 4
2230 0 0 2 0 4
2245 0 0 2 0 4
2252 0 0 2 0 4
2255 0 0 2 0 4
2270 0 0 2 0 4
2285 0 0 2 0 4
2300 0 0 2 0 4
2315 0 0 2 0 4
2330 0 0 2 0 4
2345 0 0 2 0 4
2360 0 0 2 0 4
2375 0 0 2 0 4
2390 0 0 2 0 4
2405 0 0 2 0 4
2420 0 0 2 0 4
2435 0 2 2 0 4
2449 0 2 2 0 4
2452 2 0 2 0 4
2467 2 0 0 2 4
2482 0 0 0 0 4
2497 0 0 0 0 4
2507 0 0 0 0 4
2510 0 0 0 0 4
2525 0 0 0 0 4
2540 0 0 0 0 4
2553 0 0 0 0 4
2556 0 0 0 0 4
2571 0 2 0 0 4
2586 0 0 0 0 4
2601 0 0 0 0 4
2616 0 0 0 0 4
2631 0 0 0 0 4
2646 0 0 0 0 4
2661 0 0 0 0 4
2680 0 0 0 0 4
