13 0 0 0 0 4
25 0 0 0 2 4
37 0 0 0 2 4
47 0 0 2 0 4
50 0 0 2 0 4
65 0 0 2 0 4
80 0 0 2 0 4
95 0 0 2 0 4
110 0 0 2 0 4
125 0 0 2 0 4
140 0 2 2 0 4
148 0 0 0 0 4
151 0 2 2 0 4
166 0 0 2 0 4
181 0 0 2 0 4
196 0 0 2 0 4
211 0 2 2 0 4
226 0 2 0 2 4
241 2 0 0 2 4
256 2 0 0 0 4
271 2 0 0 0 4
286 2 0 0 0 4
301 2 0 0 0 4
316 2 0 0 2 4
331 2 0 0 2 4
346 2 0 0 2 4
363 0 2 2 0 4
366 0 2 2 0 4
381 0 0 2 0 4
396 0 0 2 0 4
411 0 0 2 0 4
426 0 0 2 0 4
441 0 0 2 0 4
456 0 0 2 0 4
472 0 0 2 0 4
475 0 0 2 0 4
490 0 0 2 0 4
505 0 0 2 0 4
520 0 0 2 0 4
535 0 0 2 0 4
550 0 0 2 0 4
565 0 0 2 0 4
580 0 0 2 0 4
595 0 0 2 0 4
610 0 0 2 0 4
625 0 0 2 0 4
640 0 0 2 0 4
655 0 0 2 0 4
670 0 2 2 0 4
685 0 2 2 0 4
700 0 2 2 0 4
711 0 2 2 0 4
714 0 2 0 2 4
729 2 0 0 2 4
744 2 0 0 0 4
759 0 0 0 0 4
774 0 0 0 0 4
789 0 0 0 0 4
804 0 0 0 0 4
819 0 0 0 0 4
827 0 0 0 0 4
830 0 0 0 0 4
845 0 0 0 0 4
860 2 0 0 0 4
875 2 0 0 0 4
890 2 0 0 2 4
905 2 0 0 2 4
920 2 0 0 2 4
935 2 0 0 2 4
954 0 2 2 0 4
957 0 2 2 0 4
972 0 0 2 0 4
987 0 0 2 0 4
1002 0 0 2 0 4
1017 0 0 2 0 4
1032 0 0 2 0 4
1047 0 0 2 0 4
1062 0 0 2 0 4
1077 0 0 2 0 4
1092 0 0 2 0 4
1107 0 0 2 0 4
1122 0 0 2 0 4
1137 0 0 2 0 4
1152 0 0 2 0 4
1158 0 0 2 0 4
1161 0 0 2 0 4
1176 0 0 2 0 4
1191 0 0 2 0 4
1206 0 0 2 0 4
1221 0 0 2 0 4
1236 0 0 2 0 4
1251 0 0 2 0 4
1266 0 2 2 0 4
1281 0 2 2 0 4
1296 0 2 2 0 4
1311 0 2 2 0 4
1322 2 0 0 2 4
1325 2 0 0 2 4
1340 2 0 0 0 4
1355 2 0 0 0 4
1370 0 0 0 0 4
1385 0 0 0 0 4
1400 0 0 0 0 4
1415 0 0 0 0 4
1430 0 0 0 0 4
1445 0 0 0 0 4
1460 0 0 0 0 4
1475 0 0 0 0 4
1486 0 0 0 0 4
1489 0 0 0 0 4
1504 0 0 0 0 4
1519 0 0 0 0 4
1534 2 0 0 0 4
1549 2 0 0 2 4
1564 2 0 0 0 4
1579 2 0 0 0 4
1594 2 0 0 2 4
1605 0 2 0 2 4
1608 0 2 2 0 4
1623 0 0 2 0 4
1638 0 0 2 0 4
1653 0 0 2 0 4
1668 0 0 2 0 4
1683 0 0 2 0 4
1698 0 0 2 0 4
1705 0 0 2 0 4
1708 0 0 2 0 4
1723 0 0 2 0 4
1738 0 0 2 0 4
1753 0 0 2 0 4
1768 0 0 2 0 4
1783 0 0 2 0 4
1798 0 0 2 0 4
1813 0 0 2 0 4
1828 0 0 2 0 4
1843 0 0 2 0 4
1858 0 0 2 0 4
1873 0 2 2 0 4
1888 0 2 2 0 4
1903 0 2 2 0 4
1918 0 2 0 2 4
1926 0 2 0 2 4
1929 0 2 0 0 4
1944 2 0 0 0 4
1959 0 0 0 0 4
1974 2 0 0 0 4
1989 0 0 0 0 4
2004 0 0 0 0 4
2019 0 0 0 0 4
2034 0 0 0 0 4
2049 0 0 0 0 4
2055 0 0 0 0 4
2058 0 0 0 0 4
2073 0 0 0 0 4
2088 2 0 0 0 4
2103 2 0 0 0 4
2118 2 0 0 0 4
2133 2 0 0 2 4
2148 2 0 0 2 4
2163 2 0 0 2 4
2178 2 0 0 2 4
2193 2 0 0 2 4
2210 0 2 2 0 4
2213 0 2 2 0 4
2228 0 0 2 0 4
2243 0 0 2 0 4
2257 0 0 2 0 4
2260 0 0 2 0 4
2275 0 0 2 0 4
2290 0 0 2 0 4
2305 0 0 2 0 4
2320 0 0 2 0 4
2335 0 0 2 0 4
2350 0 0 2 0 4
2365 0 0 2 0 4
2380 0 0 2 0 4
2395 0 0 2 0 4
2410 0 0 2 0 4
2425 0 0 2 0 4
2440 0 0 2 0 4
2455 0 0 2 0 4
2470 0 2 2 0 4
2485 0 2 2 0 4
2502 2 0 0 2 4
2505 2 0 0 2 4
2520 0 0 0 2 4
2535 0 0 0 0 4
2550 0 0 0 0 4
2565 2 0 0 0 4
2580 0 0 0 0 4
2595 0 0 0 0 4
2610 0 0 0 0 4
2625 0 0 0 0 4
2640 0 0 0 0 4
2655 0 0 0 0 4
2670 0 0 0 0 4
2685 0 0 0 0 4
2700 0 0 0 0 4
2715 0 0 0 0 4
2730 0 0 0 0 4
2745 0 0 0 0 4
2760 0 0 0 0 4
2775 2 0 0 0 4
2790 2 0 0 2 4
2805 2 0 0 2 4
2816 0 2 2 0 4
2819 0 2 2 0 4
2834 0 0 2 0 4
2849 0 0 2 0 4
2864 0 0 2 0 4
2879 0 0 2 0 4
2894 0 0 2 0 4
2909 0 0 2 0 4
2924 0 0 2 0 4
2939 0 0 0 0 4
2954 0 0 2 0 4
2969 0 0 0 2 4
2984 0 0 0 0 4
2999 0 0 0 0 4
3014 0 0 0 0 4
3029 0 0 0 0 4
3044 0 0 0 0 4
3058 0 0 0 0 4
