1 0 0 0 2 4
16 0 0 0 2 4
31 0 2 0 2 4
46 0 2 0 2 4
51 0 2 0 2 4
54 0 0 0 2 4
69 0 2 0 0 4
84 0 2 0 0 4
99 0 2 0 2 4
114 0 2 0 2 4
132 0 2 0 2 4
135 0 2 0 2 4
150 0 0 0 2 4
165 0 0 2 0 4
180 0 0 0 2 4
195 0 0 2 0 4
210 0 0 2 0 4
215 0 0 2 0 4
218 0 0 2 0 4
233 0 0 2 0 4
248 0 0 2 0 4
263 0 0 2 0 4
278 0 0 2 0 4
293 0 0 2 0 4
308 0 0 2 0 4
323 0 0 2 0 4
338 0 0 2 0 4
353 0 0 0 2 4
368 0 0 0 2 4
383 0 0 0 2 4
398 0 2 0 2 4
414 0 2 0 2 4
417 0 2 0 2 4
432 0 0 0 0 4
447 0 0 0 0 4
462 0 0 0 0 4
477 0 0 0 0 4
490 0 0 0 0 4
493 0 0 0 0 4
508 0 0 0 0 4
523 0 2 0 0 4
538 2 0 0 0 4
553 2 0 0 0 4
568 2 0 0 2 4
587 0 0 2 0 4
590 0 2 2 0 4
605 0 0 0 2 4
620 0 0 2 0 4
635 0 0 2 0 4
650 0 0 2 0 4
666 0 0 2 0 4
669 0 0 2 0 4
684 0 0 2 0 4
699 0 0 2 0 4
714 0 0 2 0 4
729 0 0 2 0 4
744 0 0 2 0 4
759 0 0 2 0 4
774 0 0 2 0 4
789 0 0 2 0 4
804 0 0 2 0 4
819 0 0 2 0 4
834 0 0 2 0 4
849 0 2 2 0 4
854 0 2 2 0 4
857 0 2 0 2 4
872 0 0 0 0 4
887 2 0 0 0 4
902 0 0 0 0 4
917 0 0 0 0 4
926 0 0 0 0 4
929 0 0 0 0 4
944 0 0 0 0 4
959 0 0 0 0 4
974 0 0 0 0 4
989 2 0 0 0 4
1004 2 0 0 2 4
1019 2 0 0 2 4
1034 0 0 0 2 4
1049 0 0 0 2 4
1064 0 2 0 2 4
1079 0 2 0 2 4
1094 0 2 0 2 4
1109 0 2 0 2 4
1124 0 2 0 0 4
1139 2 0 0 2 4
1154 2 0 0 2 4
1169 0 2 0 2 4
1174 0 2 2 0 4
1177 0 2 0 2 4
1192 0 0 2 0 4
1207 0 0 2 0 4
1222 0 0 2 0 4
1237 0 0 2 0 4
1256 0 0 2 0 4
1259 0 0 2 0 4
1274 0 0 2 0 4
1289 0 0 2 0 4
1304 0 0 2 0 4
1319 0 0 2 0 4
1334 0 0 2 0 4
1349 0 0 2 0 4
1364 0 0 2 0 4
1379 0 0 2 0 4
1394 0 0 2 0 4
1409 0 0 2 0 4
1424 0 0 2 0 4
1439 0 0 2 0 4
1454 0 0 2 0 4
1469 0 0 2 0 4
1484 0 0 2 0 4
1499 0 0 2 0 4
1514 0 0 2 0 4
1529 0 0 0 2 4
1544 0 0 2 0 4
1559 0 0 2 0 4
1574 0 2 2 0 4
1586 0 2 2 0 4
1589 0 2 2 0 4
1604 0 2 0 2 4
1619 2 0 0 0 4
1634 0 0 0 0 4
1649 0 0 0 0 4
1664 0 0 0 0 4
1671 0 0 0 0 4
1674 0 0 0 0 4
1689 0 0 0 0 4
1704 0 0 0 0 4
1719 2 0 0 2 4
1734 2 0 0 2 4
1749 2 0 0 2 4
1760 0 2 0 2 4
1763 0 2 0 2 4
1778 0 0 0 2 4
1793 0 0 0 2 4
1808 0 0 0 0 4
1823 0 0 0 2 4
1838 0 0 0 2 4
1853 0 0 0 2 4
1871 0 0 0 0 4
1874 0 0 2 0 4
1889 0 0 0 0 4
1904 0 0 0 0 4
1919 0 0 2 0 4
1934 0 0 2 0 4
1949 0 0 2 0 4
1964 0 0 2 0 4
1979 0 0 2 0 4
1994 0 0 2 0 4
2009 0 0 2 0 4
2024 0 0 0 2 4
2039 0 2 2 0 4
2054 0 2 2 0 4
2059 0 2 2 0 4
2062 0 2 2 0 4
2077 0 2 0 2 4
2092 0 2 0 0 4
2107 0 0 0 0 4
2122 0 0 0 0 4
2137 0 0 0 0 4
2143 0 0 0 0 4
2146 0 0 0 0 4
2161 0 0 0 0 4
2176 0 0 0 0 4
2191 0 2 0 0 4
2206 2 0 0 2 4
2221 0 2 0 2 4
2236 0 0 0 2 4
2251 0 0 0 2 4
2266 0 0 0 2 4
2281 0 0 0 2 4
2296 0 0 0 2 4
2311 0 0 0 2 4
2326 0 0 0 0 4
2341 0 0 0 0 4
2356 0 2 0 0 4
2371 0 0 0 0 4
