1 0 0 0 2 4
13 0 0 0 2 4
19 0 2 0 2 4
22 0 2 0 2 4
37 0 2 2 0 4
52 0 2 2 0 4
67 0 2 2 0 4
82 0 0 2 0 4
97 0 0 0 2 4
112 0 2 0 2 4
127 0 2 2 0 4
142 0 2 0 2 4
157 0 2 0 2 4
172 0 2 0 0 4
187 0 2 0 0 4
202 2 0 0 0 4
217 2 0 0 2 4
232 0 2 0 2 4
247 0 2 0 2 4
262 0 0 0 2 4
277 0 0 0 2 4
292 0 0 0 2 4
307 0 0 0 2 4
322 0 2 0 2 4
337 0 2 0 2 4
352 0 2 0 2 4
367 0 2 0 2 4
382 0 2 0 2 4
397 0 2 0 2 4
414 0 2 0 2 4
417 0 0 0 2 4
432 0 0 0 2 4
447 0 0 0 2 4
462 0 0 0 2 4
475 0 2 0 0 4
478 0 0 2 0 4
493 0 0 2 0 4
508 0 0 2 0 4
523 0 0 2 0 4
538 0 0 2 0 4
553 0 0 0 2 4
568 0 0 0 2 4
583 0 0 2 0 4
598 0 0 2 0 4
613 0 0 2 0 4
628 0 2 0 2 4
643 0 2 2 0 4
658 0 2 2 0 4
663 0 2 2 0 4
666 0 0 2 0 4
681 0 2 0 2 4
696 0 0 0 0 4
711 0 0 0 0 4
726 0 0 0 0 4
741 0 0 0 0 4
756 0 0 0 0 4
771 0 0 0 0 4
786 0 0 0 0 4
801 0 0 0 0 4
816 0 0 0 0 4
827 0 0 0 0 4
830 0 0 0 0 4
845 0 0 0 0 4
860 0 0 0 0 4
875 0 0 0 0 4
890 0 0 0 0 4
905 0 2 0 0 4
920 0 2 0 0 4
935 0 0 0 2 4
950 0 0 0 2 4
965 0 2 0 2 4
968 0 0 0 2 4
983 0 0 0 2 4
998 0 0 0 2 4
1013 0 0 0 2 4
1019 0 0 0 2 4
1022 0 0 2 0 4
1037 0 0 2 0 4
1052 0 0 2 0 4
1067 0 0 2 0 4
1082 0 0 0 2 4
1097 0 0 0 2 4
1112 0 0 0 0 4
1127 0 0 0 2 4
1142 0 0 0 2 4
1157 0 2 2 0 4
1174 0 2 2 0 4
1177 0 2 0 2 4
1192 0 2 0 2 4
1207 0 2 0 0 4
1222 0 0 0 0 4
1237 0 2 0 0 4
1252 0 0 0 0 4
1267 0 0 0 0 4
1282 0 0 0 0 4
1297 0 0 0 0 4
1312 0 0 0 0 4
1321 0 0 0 0 4
1324 0 0 0 0 4
1339 0 0 0 0 4
1354 0 0 0 0 4
1369 0 2 0 0 4
1384 0 2 0 0 4
1399 0 2 0 2 4
1405 0 2 0 2 4
1408 0 2 0 2 4
1423 0 2 0 2 4
1438 0 0 0 2 4
1453 0 0 0 2 4
1468 0 0 0 2 4
1486 0 0 0 2 4
1489 0 0 0 0 4
1504 0 0 0 0 4
1519 0 0 2 0 4
1534 0 0 2 0 4
1549 0 0 2 0 4
1564 0 0 0 2 4
1579 0 0 0 2 4
1594 0 0 0 2 4
1609 0 0 2 0 4
1624 0 0 0 0 4
1639 0 0 0 0 4
1654 0 0 2 0 4
1669 0 0 2 0 4
1684 0 0 2 0 4
1699 0 0 2 0 4
1714 0 2 2 0 4
1729 0 0 2 0 4
1744 0 0 0 2 4
1750 0 0 0 2 4
1753 0 0 0 0 4
1768 0 0 0 0 4
1783 0 0 0 0 4
1798 0 0 0 0 4
1813 0 0 0 0 4
1828 0 0 0 0 4
1843 0 0 0 0 4
1853 0 0 0 0 4
1856 0 0 0 0 4
1871 0 0 0 0 4
1886 0 0 0 0 4
1901 0 0 0 2 4
1916 0 0 0 0 4
1931 0 0 0 0 4
1946 0 0 0 0 4
1961 0 2 0 2 4
1976 0 2 0 2 4
1991 0 2 0 0 4
2005 0 0 0 0 4
2008 0 0 0 2 4
2023 0 0 0 2 4
2038 0 0 0 2 4
2053 0 0 2 0 4
2068 0 0 2 0 4
2083 0 0 2 0 4
2089 0 0 2 0 4
2092 0 0 2 0 4
2107 0 0 2 0 4
2122 0 0 2 0 4
2137 0 0 2 0 4
2152 0 0 2 0 4
2167 0 0 2 0 4
2182 0 0 2 0 4
2197 0 0 0 2 4
2212 0 0 2 0 4
2227 0 0 2 0 4
2242 0 0 2 0 4
2257 0 0 2 0 4
2272 0 2 2 0 4
2281 0 2 2 0 4
2284 0 2 2 0 4
2299 0 2 0 2 4
2314 0 2 0 0 4
2329 0 2 0 2 4
2344 0 0 0 2 4
2359 0 0 0 0 4
2374 0 0 0 0 4
2389 0 0 0 0 4
2404 0 0 0 0 4
2419 0 0 0 0 4
2434 0 0 0 0 4
2450 0 0 0 0 4
2453 0 0 0 0 4
2468 0 0 0 0 4
2483 0 0 0 0 4
2498 0 2 0 0 4
2513 0 0 0 0 4
2528 0 0 0 0 4
2543 0 0 0 0 4
2558 0 0 0 0 4
2573 0 0 0 0 4
2588 0 0 0 0 4
2603 0 0 0 0 4
2618 0 0 0 0 4
