35 0 0 0 0 4
50 0 0 0 0 4
65 0 0 0 2 4
83 0 0 0 2 4
86 0 0 0 2 4
101 0 0 0 2 4
116 0 0 0 2 4
131 0 0 0 2 4
146 0 2 0 2 4
162 0 2 0 2 4
165 0 2 0 2 4
180 0 2 0 0 4
195 0 2 0 2 4
213 0 2 0 2 4
216 0 2 0 2 4
231 0 0 2 0 4
246 0 0 2 0 4
261 0 0 2 0 4
276 0 0 2 0 4
292 0 0 2 0 4
295 0 0 2 0 4
310 0 0 2 0 4
325 0 0 2 0 4
340 0 0 2 0 4
355 0 0 2 0 4
370 0 0 2 0 4
385 0 0 2 0 4
400 0 0 2 0 4
415 0 0 2 0 4
430 0 0 2 0 4
445 0 0 0 2 4
460 0 0 0 2 4
475 0 0 0 2 4
490 0 0 2 0 4
505 0 2 2 0 4
520 0 0 2 0 4
530 0 2 0 2 4
533 0 2 0 2 4
548 0 2 0 2 4
563 0 0 0 0 4
578 0 0 0 0 4
593 0 0 0 0 4
608 2 0 0 2 4
623 2 0 0 2 4
638 2 0 0 2 4
653 2 0 0 2 4
668 2 0 0 2 4
683 0 0 0 0 4
698 0 0 0 0 4
713 0 0 0 0 4
728 0 0 0 0 4
743 0 0 0 0 4
751 0 0 0 0 4
754 0 0 0 0 4
769 0 0 0 0 4
784 0 0 0 0 4
799 0 0 0 0 4
814 2 0 0 2 4
829 2 0 0 2 4
844 2 0 0 2 4
852 0 2 0 2 4
855 0 2 0 2 4
870 0 0 2 0 4
885 0 0 2 0 4
900 0 0 2 0 4
915 0 0 2 0 4
932 0 0 2 0 4
935 0 0 2 0 4
950 0 0 2 0 4
965 0 0 2 0 4
980 0 0 2 0 4
995 0 0 2 0 4
1010 0 0 2 0 4
1025 0 0 2 0 4
1040 0 0 2 0 4
1055 0 0 2 0 4
1070 0 0 2 0 4
1085 0 0 2 0 4
1100 0 0 0 2 4
1115 0 0 0 2 4
1130 0 0 2 0 4
1143 0 0 2 0 4
1146 0 2 2 0 4
1161 0 2 2 0 4
1176 0 2 0 2 4
1191 0 0 0 0 4
1206 0 0 0 0 4
1221 0 0 0 0 4
1236 0 0 0 0 4
1252 0 0 0 0 4
1255 0 0 0 0 4
1270 0 0 0 0 4
1285 2 0 0 0 4
1300 2 0 0 0 4
1315 2 0 0 2 4
1330 2 0 0 2 4
1345 2 0 0 2 4
1360 0 2 0 2 4
1367 0 2 0 2 4
1370 0 2 0 2 4
1385 0 0 0 2 4
1400 0 0 0 2 4
1415 0 0 2 0 4
1430 0 0 2 0 4
1445 0 0 2 0 4
1460 0 0 2 0 4
1473 0 0 2 0 4
1476 0 0 2 0 4
1491 0 0 2 0 4
1506 0 0 2 0 4
1521 0 0 2 0 4
1536 0 0 2 0 4
1551 0 0 2 0 4
1566 0 0 2 0 4
1581 0 0 2 0 4
1596 0 0 2 0 4
1611 0 0 0 2 4
1626 0 0 0 2 4
1641 0 0 0 2 4
1656 0 0 0 2 4
1671 0 2 0 2 4
1686 0 2 0 2 4
1699 0 2 2 0 4
1702 0 2 2 0 4
1717 0 0 0 2 4
1732 0 0 0 0 4
1747 0 0 0 0 4
1762 0 0 0 0 4
1777 0 0 0 0 4
1792 0 0 0 0 4
1799 0 0 0 0 4
1802 0 0 0 0 4
1817 0 0 0 0 4
1832 2 0 0 0 4
1847 2 0 0 0 4
1862 0 0 0 0 4
1877 0 0 0 0 4
1892 0 0 0 2 4
1907 0 0 0 0 4
1922 0 0 0 0 4
1937 0 0 0 2 4
1952 2 0 0 2 4
1967 0 0 0 2 4
1982 0 0 0 2 4
1993 0 0 0 2 4
1996 0 2 0 2 4
2011 0 0 2 0 4
2026 0 0 2 0 4
2041 0 0 2 0 4
2056 0 0 2 0 4
2071 0 0 2 0 4
2086 0 0 2 0 4
2101 0 0 2 0 4
2116 0 0 2 0 4
2131 0 0 2 0 4
2146 0 0 2 0 4
2161 0 0 2 0 4
2176 0 0 2 0 4
2191 0 0 2 0 4
2197 0 0 2 0 4
2200 0 0 2 0 4
2215 0 0 2 0 4
2230 0 0 2 0 4
2245 0 0 0 2 4
2260 0 0 2 0 4
2275 0 0 0 2 4
2290 0 0 2 0 4
2305 0 0 0 2 4
2320 0 0 0 2 4
2335 0 0 0 2 4
2350 0 0 0 2 4
2365 0 2 0 2 4
2380 0 2 0 2 4
2395 0 2 0 2 4
2410 0 2 0 2 4
2425 0 0 0 0 4
2440 0 0 0 0 4
2455 0 0 0 0 4
2470 0 0 0 0 4
2485 0 0 0 0 4
2496 0 0 0 0 4
2499 0 0 0 0 4
2514 2 0 0 0 4
2529 0 0 0 0 4
2544 2 0 0 2 4
2559 0 0 0 2 4
2574 0 0 0 2 4
2589 0 0 0 2 4
2604 0 0 0 2 4
2619 0 0 0 2 4
2634 0 0 0 2 4
2649 0 0 0 0 4
2664 0 0 0 2 4
2679 0 0 0 2 4
2694 0 0 0 2 4
2709 0 0 0 0 4
2724 0 2 0 0 4
2739 0 0 0 0 4
2754 2 0 0 0 4
2769 0 0 0 0 4
2784 0 0 0 0 4
2799 0 0 0 0 4
2814 0 0 0 0 4
2829 0 0 0 0 4
2836 0 0 0 0 4
