5 0 0 0 2 4
20 0 0 0 2 4
35 0 0 0 0 4
50 0 0 0 0 4
65 0 0 0 0 4
76 0 0 0 2 4
79 0 0 0 2 4
94 0 0 0 2 4
109 0 0 0 2 4
124 0 0 0 2 4
139 0 0 0 2 4
154 0 0 0 2 4
169 0 0 2 0 4
184 0 0 2 0 4
201 0 0 2 0 4
204 0 0 2 0 4
219 0 0 2 0 4
234 0 0 2 0 4
249 0 2 2 0 4
264 0 0 2 0 4
279 0 0 2 0 4
294 0 0 2 0 4
309 0 0 0 2 4
324 0 0 0 2 4
339 0 0 0 0 4
354 0 0 0 2 4
369 0 0 0 0 4
384 0 0 0 0 4
399 0 0 0 2 4
414 0 0 0 2 4
429 0 0 0 2 4
444 0 0 0 2 4
459 0 0 0 2 4
474 0 2 0 2 4
489 0 0 0 2 4
504 0 0 0 2 4
519 0 2 0 2 4
534 0 0 0 2 4
548 0 0 0 2 4
551 0 0 0 2 4
566 0 0 0 0 4
581 0 0 0 0 4
596 0 0 0 0 4
611 0 0 0 0 4
614 0 0 0 0 4
629 0 0 0 0 4
644 0 0 0 0 4
659 0 0 0 0 4
674 0 0 0 2 4
689 0 0 0 2 4
704 0 0 0 2 4
719 0 0 0 0 4
734 0 0 0 2 4
749 0 0 0 2 4
764 0 0 0 0 4
779 0 0 0 0 4
794 0 2 0 0 4
809 0 2 0 0 4
824 0 2 0 0 4
839 2 0 0 0 4
854 2 0 0 2 4
860 2 0 0 2 4
863 0 0 0 0 4
878 0 0 0 0 4
893 2 0 0 0 4
908 0 0 0 0 4
923 2 0 0 0 4
938 0 0 0 0 4
953 0 0 0 0 4
968 0 0 0 0 4
983 2 0 0 0 4
998 2 0 0 0 4
1013 0 0 0 0 4
1028 0 0 0 0 4
1043 0 0 0 0 4
1058 0 0 0 0 4
1073 0 0 0 0 4
1088 0 0 0 0 4
1103 0 0 0 0 4
1113 0 0 0 0 4
1116 0 0 0 0 4
1131 0 0 0 0 4
1146 0 0 0 0 4
1161 0 0 0 0 4
1176 0 0 0 0 4
1191 0 0 0 0 4
1206 0 0 0 0 4
1221 0 0 0 0 4
1236 0 0 0 0 4
1251 2 0 0 2 4
1270 0 0 0 2 4
1273 0 0 0 0 4
1288 0 0 0 0 4
1303 0 0 0 2 4
1318 0 0 0 0 4
1333 0 0 0 0 4
1348 0 0 0 0 4
1363 0 0 0 2 4
1378 0 0 0 0 4
1393 0 0 0 0 4
1400 0 0 0 0 4
1403 0 0 0 2 4
1418 0 0 0 2 4
1433 0 0 0 2 4
1448 0 0 0 2 4
1463 0 0 0 2 4
1478 0 0 0 2 4
1493 0 0 0 2 4
1508 0 0 0 2 4
1523 0 0 0 0 4
1538 0 0 0 2 4
1553 0 0 0 2 4
1568 0 0 0 2 4
1583 0 0 0 2 4
1598 0 0 0 0 4
1613 0 0 0 2 4
1628 0 0 0 2 4
1643 0 0 0 2 4
1658 0 0 0 2 4
1673 0 0 0 2 4
1688 0 2 0 2 4
1703 0 0 0 2 4
1718 0 2 0 2 4
1727 0 2 0 2 4
1730 0 2 0 2 4
1745 0 2 0 0 4
1760 2 0 0 0 4
1775 0 0 0 0 4
1790 0 0 0 0 4
1805 0 0 0 0 4
1820 2 0 0 0 4
1835 0 0 0 0 4
1850 0 0 0 0 4
1865 0 0 0 0 4
1880 0 0 0 0 4
1888 0 0 0 0 4
1891 0 0 0 0 4
1906 0 0 0 0 4
1921 2 0 0 0 4
1936 2 0 0 0 4
1951 2 0 0 0 4
1966 2 0 0 0 4
1981 2 0 0 0 4
1996 2 0 0 2 4
2009 0 2 0 2 4
2012 0 2 0 2 4
2027 0 0 0 2 4
2042 0 0 0 2 4
2057 0 0 0 0 4
2072 0 0 0 0 4
2087 0 0 0 0 4
2092 0 0 0 0 4
2095 0 0 0 0 4
2110 0 0 0 0 4
2125 0 0 0 0 4
2140 0 0 0 0 4
2155 0 0 0 0 4
2170 0 0 0 0 4
2185 0 0 0 2 4
2200 0 0 0 0 4
2215 0 0 0 2 4
2230 0 0 0 2 4
2245 0 0 0 2 4
2260 0 0 0 2 4
2275 0 0 0 2 4
2290 0 0 0 2 4
2305 0 0 0 2 4
2320 0 0 0 2 4
2335 0 2 0 2 4
2350 0 0 0 2 4
2365 0 0 0 2 4
2380 0 0 2 0 4
2395 0 0 2 0 4
2410 0 2 2 0 4
2425 0 2 2 0 4
2440 0 2 2 0 4
2455 0 2 0 2 4
2470 2 0 0 2 4
2479 2 0 0 0 4
2482 2 0 0 0 4
2497 2 0 0 0 4
2512 0 2 0 0 4
2527 0 0 0 0 4
2542 0 0 0 0 4
2557 0 0 0 0 4
2572 0 2 0 0 4
2587 2 0 0 0 4
2602 0 2 0 0 4
2617 0 2 0 0 4
2632 0 2 0 0 4
2647 0 2 0 0 4
2662 0 0 0 0 4
2677 0 0 0 0 4
2692 2 0 0 0 4
2707 2 0 0 0 4
2722 0 2 0 0 4
2737 0 0 0 0 4
2752 0 0 0 0 4
2770 0 0 0 0 4
2773 0 0 0 0 4
2788 2 0 0 0 4
2803 0 2 0 0 4
2818 0 2 0 0 4
2833 0 2 0 0 4
2848 0 2 0 2 4
2863 0 2 0 2 4
2875 0 2 0 2 4
2878 0 2 0 2 4
2893 0 0 0 2 4
2908 0 0 0 0 4
2923 0 0 0 0 4
2934 0 0 0 0 4
2937 0 0 0 0 4
2952 0 0 0 0 4
2967 0 0 0 0 4
2982 0 0 0 0 4
2997 0 0 0 2 4
3012 0 0 0 2 4
3027 0 0 0 2 4
3042 0 0 0 2 4
3057 0 0 0 2 4
3072 0 0 0 2 4
3087 0 0 0 2 4
3102 0 0 0 2 4
3117 0 2 0 2 4
3125 0 2 0 2 4
3128 0 2 0 2 4
3143 0 0 0 2 4
3158 2 0 0 0 4
3173 2 0 0 0 4
3188 2 0 0 0 4
3203 0 0 0 0 4
3218 0 0 0 0 4
3233 0 0 0 0 4
3248 0 0 0 0 4
3263 0 0 0 0 4
3278 2 0 0 0 4
3287 0 0 0 0 4
3290 0 0 0 0 4
3305 0 0 0 0 4
3320 0 0 0 0 4
3335 0 0 0 0 4
3350 0 0 0 0 4
3365 0 0 0 0 4
3380 0 0 0 0 4
3395 0 0 0 0 4
3410 0 0 0 0 4
3422 0 0 0 0 4
