1 0 0 0 2 4
16 0 0 2 0 4
31 0 0 0 2 4
46 0 0 0 2 4
54 0 0 2 0 4
57 0 0 2 0 4
72 0 0 2 0 4
87 0 0 2 0 4
102 0 0 2 0 4
117 0 0 2 0 4
132 0 0 2 0 4
143 0 0 0 0 4
146 0 0 0 0 4
161 0 2 2 0 4
176 0 2 0 0 4
191 0 2 0 0 4
206 0 2 0 0 4
221 0 2 0 0 4
236 2 0 0 0 4
251 2 0 0 0 4
266 2 0 0 0 4
281 2 0 0 0 4
296 2 0 0 0 4
311 2 0 0 0 4
326 2 0 0 2 4
341 2 0 0 2 4
356 2 0 2 0 4
371 2 0 2 0 4
386 2 0 0 2 4
401 2 0 0 2 4
416 2 0 0 0 4
431 2 0 0 2 4
446 2 0 0 2 4
461 2 0 0 2 4
476 2 0 0 2 4
491 2 0 2 0 4
498 0 2 0 2 4
501 0 2 0 2 4
516 0 0 0 2 4
531 0 0 2 0 4
546 0 0 2 0 4
561 0 0 2 0 4
576 0 0 0 0 4
591 0 0 2 0 4
606 0 0 2 0 4
621 0 0 2 0 4
637 0 0 2 0 4
640 0 0 2 0 4
655 0 0 2 0 4
670 0 0 2 0 4
685 0 0 2 0 4
700 0 0 2 0 4
715 0 0 2 0 4
730 0 0 2 0 4
745 0 0 2 0 4
760 0 0 2 0 4
775 0 0 2 0 4
790 0 0 2 0 4
805 0 0 2 0 4
820 0 0 2 0 4
835 0 0 2 0 4
850 0 0 2 0 4
865 0 0 2 0 4
880 0 0 2 0 4
895 0 0 2 0 4
910 0 0 2 0 4
925 0 0 2 0 4
940 0 0 2 0 4
955 0 0 2 0 4
970 0 0 2 0 4
985 0 0 2 0 4
1000 0 2 2 0 4
1015 0 2 2 0 4
1030 0 2 2 0 4
1045 0 0 2 0 4
1060 0 0 2 0 4
1075 0 2 2 0 4
1090 0 2 2 0 4
1103 0 2 2 0 4
1106 0 2 2 0 4
1121 0 2 0 2 4
1136 0 2 0 2 4
1151 0 2 0 0 4
1166 2 0 0 0 4
1181 2 0 0 0 4
1196 2 0 0 0 4
1211 2 0 0 0 4
1226 2 0 0 0 4
1241 2 0 0 0 4
1256 2 0 0 0 4
1271 2 0 0 0 4
1286 2 0 0 0 4
1301 0 0 0 0 4
1316 0 0 0 0 4
1331 0 0 0 0 4
1346 0 0 0 0 4
1361 0 0 0 0 4
1368 0 0 0 0 4
1371 0 0 0 0 4
1386 0 0 0 0 4
1401 0 0 0 0 4
1416 2 0 0 0 4
1431 2 0 0 0 4
1446 2 0 0 0 4
1461 2 0 0 0 4
1476 2 0 0 0 4
1491 2 0 0 0 4
1506 2 0 0 0 4
1521 2 0 0 2 4
1536 2 0 0 2 4
1551 2 0 0 2 4
1566 2 0 0 2 4
1581 2 0 0 2 4
1598 0 2 2 0 4
1601 0 2 2 0 4
1616 0 2 2 0 4
1631 0 0 2 0 4
1646 0 0 2 0 4
1661 0 0 2 0 4
1676 0 2 2 0 4
1691 0 0 2 0 4
1706 0 0 2 0 4
1721 0 0 2 0 4
1736 0 0 2 0 4
1751 0 0 2 0 4
1766 0 0 2 0 4
1781 0 2 0 0 4
1796 0 0 2 0 4
1811 0 0 2 0 4
1826 0 0 0 0 4
1841 0 0 2 0 4
1856 0 0 2 0 4
1871 0 0 2 0 4
1886 0 0 2 0 4
1901 0 0 2 0 4
1916 0 0 2 0 4
1931 0 0 2 0 4
1940 0 0 2 0 4
1943 0 0 2 0 4
1958 0 0 2 0 4
1973 0 0 2 0 4
1988 0 0 2 0 4
2003 0 0 2 0 4
2018 0 0 2 0 4
2033 0 0 2 0 4
2048 0 0 0 0 4
2063 0 0 2 0 4
2078 0 0 2 0 4
2093 0 0 2 0 4
2108 0 0 2 0 4
2123 0 0 2 0 4
2138 0 0 2 0 4
2153 0 0 2 0 4
2168 0 0 2 0 4
2183 0 0 2 0 4
2198 0 0 2 0 4
2213 0 0 2 0 4
2228 0 0 2 0 4
2243 0 0 2 0 4
2258 0 2 2 0 4
2273 0 2 2 0 4
2288 0 2 2 0 4
2303 0 2 2 0 4
2311 0 2 2 0 4
2314 0 2 2 0 4
2329 0 2 0 2 4
2344 0 2 0 2 4
2359 0 2 0 0 4
2374 2 0 0 2 4
2389 2 0 0 2 4
2404 2 0 0 2 4
2419 2 0 0 2 4
2434 2 0 0 0 4
2449 2 0 0 0 4
2464 2 0 0 0 4
2479 2 0 0 0 4
2494 0 0 0 0 4
2509 0 0 0 0 4
2524 0 0 0 0 4
2539 0 0 0 0 4
2554 0 0 0 0 4
2569 0 0 0 0 4
2584 0 0 0 0 4
2599 0 0 0 0 4
2614 0 0 0 0 4
2628 0 0 0 0 4
2631 0 0 0 0 4
2646 0 0 0 0 4
2661 2 0 0 0 4
2676 2 0 0 2 4
2691 2 0 0 0 4
2706 2 0 0 0 4
2721 2 0 0 2 4
2736 2 0 0 2 4
2750 0 2 2 0 4
2753 0 0 2 0 4
2768 0 0 2 0 4
2783 0 0 2 0 4
2798 0 0 2 0 4
2813 0 0 2 0 4
2828 0 0 0 0 4
2843 0 0 2 0 4
2858 0 0 2 0 4
2873 0 0 2 0 4
2888 0 0 2 0 4
2903 0 0 2 0 4
2918 0 0 2 0 4
2933 0 0 2 0 4
2948 0 0 0 0 4
2963 0 0 2 0 4
2969 0 0 2 0 4
2972 0 0 2 0 4
2987 0 0 2 0 4
3002 0 0 2 0 4
3017 0 0 2 0 4
3032 0 0 2 0 4
3047 0 0 2 0 4
3062 0 0 2 0 4
3077 0 0 2 0 4
3092 0 0 2 0 4
3107 0 0 2 0 4
3122 0 0 2 0 4
3137 0 0 2 0 4
3152 0 0 2 0 4
3167 0 0 2 0 4
3182 0 0 2 0 4
3197 0 0 2 0 4
3212 0 0 2 0 4
3227 0 0 2 0 4
3242 0 2 2 0 4
3257 0 2 2 0 4
3272 0 2 2 0 4
3287 0 2 2 0 4
3305 0 2 0 2 4
3308 0 2 0 2 4
3323 0 2 0 2 4
3338 0 2 0 0 4
3353 0 0 0 0 4
3368 0 2 0 0 4
3383 2 0 0 0 4
3398 2 0 0 0 4
3413 0 0 0 0 4
3428 0 0 0 0 4
3443 0 0 0 0 4
3449 0 0 0 0 4
3452 0 0 0 0 4
3467 0 0 0 0 4
3482 0 0 0 0 4
3497 2 0 0 0 4
3512 0 2 0 0 4
3527 2 0 0 0 4
3542 2 0 0 0 4
3557 2 0 0 0 4
3572 2 0 0 0 4
3587 2 0 0 2 4
3602 2 0 0 2 4
3621 0 2 0 2 4
3624 0 0 0 0 4
3639 0 2 0 2 4
3654 0 0 2 0 4
3669 0 0 2 0 4
3684 0 0 2 0 4
3699 0 0 2 0 4
3714 0 0 2 0 4
3729 0 0 2 0 4
3744 0 0 2 0 4
3759 0 0 2 0 4
3774 0 0 2 0 4
3789 0 0 2 0 4
3804 0 0 2 0 4
3812 0 0 2 0 4
3815 0 0 2 0 4
3830 0 0 2 0 4
3845 0 0 2 0 4
3860 0 0 2 0 4
3875 0 0 2 0 4
3890 0 0 2 0 4
3905 0 0 2 0 4
3920 0 0 2 0 4
3935 0 0 2 0 4
3950 0 0 2 0 4
3965 0 0 2 0 4
3980 0 0 2 0 4
3995 0 0 2 0 4
4010 0 0 2 0 4
4025 0 0 2 0 4
4040 0 0 2 0 4
4055 0 0 2 0 4
4070 0 0 2 0 4
4085 0 0 0 0 4
4100 0 2 2 0 4
4115 0 2 2 0 4
4130 0 2 2 0 4
4145 0 0 2 0 4
4160 0 2 2 0 4
4175 0 2 2 0 4
4190 0 2 2 0 4
4207 0 2 0 2 4
4210 0 2 0 2 4
4225 0 2 0 2 4
4240 0 2 0 0 4
4255 0 2 0 0 4
4270 0 0 0 0 4
4285 2 0 0 0 4
4300 2 0 0 0 4
4315 0 0 0 0 4
4322 0 0 0 0 4
4325 0 0 0 0 4
4340 0 0 0 0 4
4355 0 0 0 0 4
4370 0 0 0 0 4
4385 0 0 0 0 4
4400 0 0 0 0 4
4410 0 0 0 0 4
