118 0 0 0 0 4
130 0 0 0 2 4
143 0 0 0 2 4
146 0 0 0 2 4
161 0 0 2 0 4
176 0 0 2 0 4
194 0 0 2 0 4
197 0 0 0 0 4
212 0 0 0 0 4
227 0 0 0 0 4
242 0 2 0 0 4
257 2 0 0 0 4
272 2 0 0 0 4
287 2 0 0 2 4
302 2 0 0 0 4
317 2 0 0 2 4
332 2 0 0 2 4
348 0 2 2 0 4
351 0 2 2 0 4
366 0 0 2 0 4
381 0 0 2 0 4
396 0 0 2 0 4
411 0 0 2 0 4
423 0 0 2 0 4
426 0 0 2 0 4
441 0 0 2 0 4
456 0 0 2 0 4
471 0 0 2 0 4
486 0 0 2 0 4
501 0 0 2 0 4
516 0 0 2 0 4
531 0 2 2 0 4
539 2 0 2 0 4
542 2 0 0 2 4
557 2 0 0 0 4
572 0 0 0 0 4
587 0 0 0 0 4
602 0 0 0 0 4
617 0 0 0 0 4
633 0 0 0 0 4
636 0 0 0 0 4
651 0 0 0 0 4
666 0 0 0 0 4
681 0 0 0 0 4
696 0 0 0 0 4
711 0 0 0 0 4
726 0 0 0 0 4
741 0 0 0 0 4
756 0 0 0 0 4
771 0 0 0 0 4
786 0 0 0 0 4
801 0 0 0 0 4
816 0 0 0 0 4
831 0 0 0 0 4
846 0 0 0 0 4
851 0 0 0 0 4
854 0 0 0 0 4
869 0 0 0 0 4
884 0 0 0 0 4
899 0 0 0 2 4
914 2 0 2 0 4
929 2 0 0 2 4
944 2 0 0 2 4
959 2 0 0 2 4
974 2 0 0 2 4
989 2 0 2 0 4
1004 2 0 0 2 4
1019 2 0 0 2 4
1034 2 0 2 0 4
1050 0 2 2 0 4
1053 0 2 2 0 4
1068 0 0 2 0 4
1083 0 0 2 0 4
1098 0 0 2 0 4
1113 0 0 2 0 4
1128 0 0 2 0 4
1147 0 0 2 0 4
1150 0 0 2 0 4
1165 0 0 2 0 4
1180 0 0 2 0 4
1195 0 0 2 0 4
1210 0 0 2 0 4
1225 0 0 0 0 4
1240 0 0 2 0 4
1255 0 0 2 0 4
1270 0 0 2 0 4
1285 0 0 2 0 4
1300 0 0 2 0 4
1315 0 0 2 0 4
1330 0 0 2 0 4
1345 0 0 2 0 4
1360 0 0 2 0 4
1375 0 0 2 0 4
1390 0 0 2 0 4
1405 0 0 2 0 4
1420 0 0 2 0 4
1435 0 0 2 0 4
1450 0 0 2 0 4
1465 0 0 2 0 4
1480 0 0 2 0 4
1495 0 0 2 0 4
1510 0 0 2 0 4
1525 0 2 2 0 4
1540 0 2 2 0 4
1559 2 0 0 2 4
1562 2 0 0 2 4
1577 2 0 0 2 4
1592 0 0 0 0 4
1607 2 0 0 0 4
1614 2 0 0 0 4
1617 0 0 0 0 4
1632 0 0 0 0 4
1647 0 0 0 0 4
1662 0 0 0 0 4
1677 0 0 0 0 4
1692 0 0 0 0 4
1698 0 0 0 0 4
1701 0 0 0 0 4
1716 0 0 0 0 4
1731 0 0 0 2 4
1746 0 0 0 2 4
1761 0 0 2 0 4
1770 0 0 2 0 4
1773 0 2 2 0 4
1788 0 0 2 0 4
1803 0 0 2 0 4
1818 0 0 2 0 4
1833 0 0 2 0 4
1848 0 0 2 0 4
1863 0 0 2 0 4
1880 0 0 2 0 4
1883 0 0 2 0 4
1898 0 0 2 0 4
1913 0 0 2 0 4
1928 0 0 2 0 4
1943 0 0 2 0 4
1958 0 0 2 0 4
1973 0 0 2 0 4
1988 0 0 2 0 4
2003 0 0 2 0 4
2018 0 0 2 0 4
2033 0 2 2 0 4
2048 0 2 2 0 4
2064 2 0 0 2 4
2067 0 0 0 2 4
2082 2 0 0 2 4
2097 2 0 0 0 4
2112 0 0 0 0 4
2115 0 0 0 0 4
2130 0 0 0 0 4
2145 0 0 0 0 4
2162 0 0 0 0 4
2165 0 0 0 0 4
2180 0 0 0 0 4
2195 0 0 0 2 4
2210 0 0 0 2 4
2225 0 0 2 0 4
2241 0 0 2 0 4
2244 0 0 2 0 4
2259 0 0 2 0 4
2274 0 0 2 0 4
2289 0 0 2 0 4
2304 0 0 2 0 4
2311 0 0 2 0 4
2314 0 0 2 0 4
2329 0 0 2 0 4
2344 0 0 2 0 4
2359 0 0 2 0 4
2374 0 0 2 0 4
2389 0 0 2 0 4
2404 0 0 2 0 4
2419 0 0 2 0 4
2434 0 0 2 0 4
2449 0 0 2 0 4
2464 0 0 2 0 4
2479 0 0 2 0 4
2494 0 0 2 0 4
2509 0 2 2 0 4
2524 0 2 2 0 4
2539 0 2 2 0 4
2554 0 2 2 0 4
2569 0 2 2 0 4
2581 2 0 0 2 4
2584 2 0 0 0 4
2599 0 0 0 2 4
2614 0 0 0 0 4
2629 0 0 0 0 4
2644 0 0 0 0 4
2659 0 0 0 0 4
2674 0 0 0 0 4
2689 0 0 0 0 4
2692 0 0 0 0 4
2707 0 0 0 0 4
2722 0 0 0 0 4
2737 0 0 0 0 4
2752 0 0 0 0 4
2768 0 0 0 0 4
