8 0 0 0 0 4
23 0 0 0 0 4
38 0 0 0 0 4
53 0 0 0 0 4
68 0 0 0 0 4
83 0 0 0 0 4
101 0 0 0 0 4
104 0 0 0 2 4
119 0 0 0 2 4
134 0 0 0 2 4
149 0 0 0 2 4
164 0 0 0 2 4
178 0 0 0 2 4
181 0 0 0 2 4
196 0 0 0 2 4
211 0 0 0 2 4
219 0 0 0 2 4
222 0 0 0 2 4
237 0 0 0 2 4
252 0 0 0 2 4
267 0 0 0 2 4
282 0 0 0 2 4
297 0 0 0 2 4
312 0 0 0 2 4
327 0 0 0 2 4
342 0 0 0 2 4
357 0 0 0 2 4
372 0 0 0 2 4
387 0 0 0 2 4
402 0 0 0 2 4
417 0 0 0 2 4
432 0 0 0 2 4
447 0 0 0 2 4
462 0 0 0 2 4
477 0 0 0 2 4
492 0 2 0 2 4
507 0 2 0 2 4
520 2 0 0 2 4
523 2 0 0 2 4
538 2 0 0 0 4
553 2 0 0 0 4
568 2 0 0 0 4
583 0 0 0 0 4
598 0 0 0 0 4
613 0 0 0 0 4
628 0 0 0 0 4
643 0 0 0 0 4
658 0 0 0 0 4
673 0 0 0 0 4
688 0 0 0 0 4
699 0 0 0 0 4
702 0 0 0 0 4
717 0 0 0 0 4
732 2 0 0 0 4
747 2 0 0 0 4
762 0 0 0 0 4
777 2 0 0 0 4
792 2 0 0 2 4
807 2 0 0 2 4
822 2 0 0 2 4
837 2 0 0 0 4
852 2 0 0 2 4
867 2 0 0 2 4
882 2 0 0 2 4
897 2 0 0 2 4
912 0 2 0 2 4
917 0 2 0 2 4
920 0 2 0 2 4
935 0 0 0 2 4
950 0 0 0 2 4
965 0 0 0 2 4
980 0 0 0 2 4
983 0 0 0 2 4
998 0 0 0 2 4
1013 0 0 0 2 4
1028 0 0 0 2 4
1043 0 0 0 2 4
1058 0 0 0 2 4
1073 0 0 0 2 4
1088 0 0 0 2 4
1103 0 0 0 2 4
1118 0 0 0 2 4
1133 0 2 0 2 4
1148 0 0 0 2 4
1163 0 0 0 2 4
1178 0 2 0 2 4
1193 0 2 0 2 4
1203 0 2 0 2 4
1206 0 0 0 2 4
1221 0 2 0 0 4
1236 2 0 0 0 4
1251 2 0 0 0 4
1266 0 0 0 0 4
1281 2 0 0 0 4
1296 0 0 0 0 4
1311 2 0 0 0 4
1326 0 0 0 0 4
1341 0 0 0 0 4
1356 0 0 0 0 4
1371 0 0 0 0 4
1386 0 0 0 0 4
1392 0 0 0 0 4
1395 0 0 0 0 4
1410 0 0 0 0 4
1425 0 0 0 0 4
1440 0 0 0 0 4
1455 2 0 0 0 4
1470 2 0 0 0 4
1485 2 0 0 0 4
1500 2 0 0 2 4
1515 0 0 0 2 4
1524 0 2 0 2 4
1527 0 0 0 2 4
1542 0 0 0 2 4
1557 0 0 0 2 4
1572 0 0 0 0 4
1587 0 0 0 0 4
1593 0 0 0 0 4
1596 0 0 0 0 4
1611 0 0 0 0 4
1626 0 0 0 0 4
1641 0 0 0 0 4
1656 0 0 2 0 4
1671 0 0 0 2 4
1686 0 0 2 0 4
1701 0 0 0 2 4
1716 0 0 0 2 4
1731 0 0 2 0 4
1746 0 0 2 0 4
1761 0 0 0 2 4
1776 0 0 0 2 4
1791 0 0 0 2 4
1806 0 0 0 2 4
1821 0 0 0 2 4
1836 0 2 0 2 4
1851 0 0 0 2 4
1866 0 2 2 0 4
1881 0 2 2 0 4
1896 0 2 2 0 4
1911 0 2 0 2 4
1927 2 0 0 2 4
1930 2 0 0 2 4
1945 2 0 0 0 4
1960 2 0 0 0 4
1975 2 0 0 0 4
1990 0 0 0 0 4
2005 0 0 0 0 4
2020 0 0 0 0 4
2035 0 0 0 0 4
2050 0 0 0 0 4
2065 0 2 0 0 4
2080 0 2 0 0 4
2095 0 2 0 0 4
2110 2 0 0 0 4
2125 0 0 0 0 4
2140 2 0 0 0 4
2155 0 0 0 0 4
2170 0 0 0 0 4
2185 0 0 0 0 4
2193 0 0 0 0 4
2196 0 0 0 0 4
2211 0 0 0 0 4
2226 2 0 0 0 4
2241 2 0 0 0 4
2256 2 0 0 0 4
2271 2 0 0 0 4
2286 2 0 0 0 4
2301 2 0 0 2 4
2316 2 0 0 0 4
2331 2 0 0 2 4
2346 2 0 0 2 4
2361 0 2 0 2 4
2368 0 2 0 2 4
2371 0 2 0 2 4
2386 0 0 0 2 4
2401 0 0 0 2 4
2416 0 0 0 2 4
2434 0 0 0 2 4
2437 0 0 0 2 4
2452 0 0 0 2 4
2467 0 0 0 2 4
2482 0 0 0 2 4
2497 0 0 0 2 4
2512 0 0 0 2 4
2527 0 0 0 2 4
2542 0 0 0 2 4
2557 0 0 0 2 4
2572 0 0 0 2 4
2587 0 0 2 0 4
2602 0 0 0 2 4
2617 0 0 0 2 4
2632 0 0 0 2 4
2647 0 0 0 2 4
2662 0 0 0 2 4
2681 0 2 0 2 4
2684 0 2 0 2 4
2699 0 2 0 2 4
2714 2 0 0 2 4
2729 0 2 0 2 4
2744 0 0 0 2 4
2759 0 0 0 0 4
2774 0 0 0 0 4
2789 0 0 0 0 4
2804 0 0 0 0 4
2819 2 0 0 0 4
2834 0 2 0 0 4
2849 0 2 0 0 4
2864 0 0 0 0 4
2879 0 0 0 0 4
2894 0 2 0 0 4
2909 0 0 0 0 4
2924 0 0 0 0 4
2939 2 0 0 0 4
2954 0 0 0 0 4
2969 0 2 0 0 4
2984 0 2 0 0 4
2999 0 2 0 0 4
3014 0 0 0 0 4
3029 0 0 0 0 4
3044 0 0 0 0 4
3059 0 0 0 0 4
3074 0 0 0 0 4
3089 0 0 0 0 4
3104 2 0 0 0 4
3114 0 0 0 0 4
3117 0 0 0 0 4
3132 0 0 0 2 4
3147 0 0 0 0 4
3162 0 0 0 0 4
3177 0 0 0 0 4
3192 0 0 0 0 4
3207 0 0 0 0 4
3222 0 0 0 0 4
3237 0 0 0 0 4
3252 0 0 0 0 4
3267 0 0 0 0 4
3272 0 0 0 0 4
