0 30000 30000 00000 30000 .46 .46 .46 .46 .63 .63 .63 .63
1 30000 30000 00000 30000 .46 .46 .46 .46 .63 .63 .63 .63
2 30000 30000 00000 30000 .46 .46 .46 .46 .63 .63 .63 .63
3 30000 30000 00000 30000 .46 .46 .46 .46 .63 .63 .63 .63
4 30000 30000 00000 30000 .46 .46 .46 .46 .63 .63 .63 .63
5 30000 30000 00000 30000 .46 .46 .46 .46 .63 .63 .63 .63
6 30000 30000 00000 30000 .46 .46 .46 .46 .63 .63 .63 .63
7 30000 30000 00000 30000 .46 .46 .46 .46 .63 .63 .63 .63
8 30000 30000 00000 30000 .46 .46 .46 .46 .63 .63 .63 .63
9 30000 30000 00000 30000 .46 .46 .46 .46 .63 .63 .63 .63
10 30000 30000 00000 30000 .46 .46 .46 .46 .63 .63 .63 .63
11 30000 30000 00000 30000 .46 .46 .46 .46 .63 .63 .63 .63
12 30000 30000 00000 30000 .46 .46 .46 .46 .63 .63 .63 .63
13 30000 30000 00000 30000 .46 .46 .46 .46 .63 .63 .63 .63
14 30000 30000 00000 30000 .46 .46 .46 .46 .63 .63 .63 .63
15 30000 30000 00000 30000 .46 .46 .46 .46 .63 .63 .63 .63
16 30000 30000 00000 30000 .46 .46 .46 .46 .63 .63 .63 .63
17 30000 30000 00000 30000 .46 .46 .46 .46 .63 .63 .63 .63
18 30000 30000 00000 30000 .46 .46 .46 .46 .63 .63 .63 .63
19 30000 30000 00000 30000 .46 .46 .46 .46 .63 .63 .63 .63
20 30000 30000 00000 30000 .46 .46 .46 .46 .63 .63 .63 .63
21 30000 30000 00000 30000 .46 .46 .46 .46 .63 .63 .63 .63
22 30000 30000 00000 30000 .46 .46 .46 .46 .63 .63 .63 .63
23 30000 30000 00000 30000 .46 .46 .46 .46 .63 .63 .63 .63
24 30000 30000 00000 30000 .46 .46 .46 .46 .63 .63 .63 .63
25 30000 30000 00000 30000 .46 .46 .46 .46 .63 .63 .63 .63
26 30000 30000 00000 30000 .46 .46 .46 .46 .63 .63 .63 .63
27 30000 30000 00000 30000 .46 .46 .46 .46 .63 .63 .63 .63
28 30000 30000 00000 30000 .46 .46 .46 .46 .63 .63 .63 .63
29 30000 30000 00000 30000 .46 .46 .46 .46 .63 .63 .63 .63
30 30000 30000 00000 30000 .46 .46 .46 .46 .63 .63 .63 .63
31 30000 30000 00000 30000 .46 .46 .46 .46 .63 .63 .63 .63
32 30000 30000 00000 30000 .46 .46 .46 .46 .63 .63 .63 .63
33 30000 30000 00000 30000 .46 .46 .46 .46 .63 .63 .63 .63
34 30000 30000 00000 30000 .46 .46 .46 .46 .63 .63 .63 .63
35 30000 30000 00000 30000 .46 .46 .46 .46 .63 .63 .63 .63
36 30000 30000 00000 30000 .46 .46 .46 .46 .63 .63 .63 .63
37 30000 30000 00000 30000 .46 .46 .46 .46 .63 .63 .63 .63
38 30000 30000 00000 30000 .46 .46 .46 .46 .63 .63 .63 .63
39 30000 30000 00000 30000 .46 .46 .46 .46 .63 .63 .63 .63
40 30000 30000 00000 30000 .46 .46 .46 .46 .63 .63 .63 .63
41 30000 30000 00000 30000 .46 .46 .46 .46 .63 .63 .63 .63
42 30000 30000 00000 30000 .46 .46 .46 .46 .63 .63 .63 .63
43 30000 30000 00000 30000 .46 .46 .46 .46 .63 .63 .63 .63
44 30000 30000 00000 30000 .46 .46 .46 .46 .63 .63 .63 .63
45 30000 30000 00000 30000 .46 .46 .46 .46 .63 .63 .63 .63
46 30000 30000 00000 30000 .46 .46 .46 .46 .63 .63 .63 .63
47 30000 30000 00000 30000 .46 .46 .46 .46 .63 .63 .63 .63
48 30000 30000 00000 30000 .46 .46 .46 .46 .63 .63 .63 .63
49 30000 30000 00000 30000 .46 .46 .46 .46 .63 .63 .63 .63
50 30000 30000 00000 30000 .46 .46 .46 .46 .63 .63 .63 .63
51 30000 30000 00000 30000 .46 .46 .46 .46 .63 .63 .63 .63
52 30000 30000 00000 30000 .46 .46 .46 .46 .63 .63 .63 .63
53 30000 30000 00000 30000 .46 .46 .46 .46 .63 .63 .63 .63
54 30000 30000 00000 30000 .46 .46 .46 .46 .63 .63 .63 .63
55 30000 30000 00000 30000 .46 .46 .46 .46 .63 .63 .63 .63
56 30000 30000 00000 30000 .46 .46 .46 .46 .63 .63 .63 .63
57 30000 30000 00000 30000 .46 .46 .46 .46 .63 .63 .63 .63
58 30000 30000 00000 30000 .46 .46 .46 .46 .63 .63 .63 .63
59 30000 30000 00000 30000 .46 .46 .46 .46 .63 .63 .63 .63
60 30000 30000 00000 30000 .46 .46 .46 .46 .63 .63 .63 .63
61 30000 30000 00000 30000 .46 .46 .46 .46 .63 .63 .63 .63
62 30000 30000 00000 30000 .46 .46 .46 .46 .63 .63 .63 .63
63 30000 30000 00000 30000 .46 .46 .46 .46 .63 .63 .63 .63
64 30000 30000 00000 30000 .46 .46 .46 .46 .63 .63 .63 .63
65 30000 30000 00000 30000 .46 .46 .46 .46 .63 .63 .63 .63
66 30000 30000 00000 30000 .46 .46 .46 .46 .63 .63 .63 .63
67 30000 30000 00000 30000 .46 .46 .46 .46 .63 .63 .63 .63
68 30000 30000 00000 30000 .46 .46 .46 .46 .63 .63 .63 .63
69 30000 30000 00000 30000 .46 .46 .46 .46 .63 .63 .63 .63
70 30000 30000 00000 30000 .46 .46 .46 .46 .63 .63 .63 .63
71 30000 30000 00000 30000 .46 .46 .46 .46 .63 .63 .63 .63
72 30000 30000 00000 30000 .46 .46 .46 .46 .63 .63 .63 .63
73 30000 30000 00000 30000 .46 .46 .46 .46 .63 .63 .63 .63
74 30000 30000 00000 30000 .46 .46 .46 .46 .63 .63 .63 .63
75 30000 30000 00000 30000 .46 .46 .46 .46 .63 .63 .63 .63
76 30000 30000 00000 30000 .46 .46 .46 .46 .63 .63 .63 .63
77 30000 30000 00000 30000 .46 .46 .46 .46 .63 .63 .63 .63
78 30000 30000 00000 30000 .46 .46 .46 .46 .63 .63 .63 .63
79 30000 30000 00000 30000 .46 .46 .46 .46 .63 .63 .63 .63
80 30000 30000 00000 30000 .46 .46 .46 .46 .63 .63 .63 .63
81 30000 30000 00000 30000 .46 .46 .46 .46 .63 .63 .63 .63
82 30000 30000 00000 30000 .46 .46 .46 .46 .63 .63 .63 .63
83 30000 30000 00000 30000 .46 .46 .46 .46 .63 .63 .63 .63
84 30000 30000 00000 30000 .46 .46 .46 .46 .63 .63 .63 .63
85 30000 30000 00000 30000 .46 .46 .46 .46 .63 .63 .63 .63
86 30000 30000 00000 30000 .46 .46 .46 .46 .63 .63 .63 .63
87 30000 30000 00000 30000 .46 .46 .46 .46 .63 .63 .63 .63
88 30000 30000 00000 30000 .46 .46 .46 .46 .63 .63 .63 .63
89 30000 30000 00000 30000 .46 .46 .46 .46 .63 .63 .63 .63
90 30030 30000 00000 30000 .22 .22 .22 .22 .41 .41 .41 .41
91 30030 30000 00000 30000 .22 .22 .22 .22 .41 .41 .41 .41
92 30030 30000 00000 30000 .22 .22 .22 .22 .41 .41 .41 .41
93 30030 30000 00000 30000 .22 .22 .22 .22 .41 .41 .41 .41
94 30030 30000 00000 30000 .22 .22 .22 .22 .41 .41 .41 .41
95 30030 30000 00000 30000 .22 .22 .22 .22 .41 .41 .41 .41
96 30030 30000 00000 30000 .22 .22 .22 .22 .41 .41 .41 .41
97 30030 30000 00000 30000 .22 .22 .22 .22 .41 .41 .41 .41
98 30030 30000 00000 30000 .22 .22 .22 .22 .41 .41 .41 .41
99 30030 30000 00000 30000 .22 .22 .22 .22 .41 .41 .41 .41
100 30030 30000 00000 30000 .22 .22 .22 .22 .41 .41 .41 .41
101 30030 30000 00000 30000 .22 .22 .22 .22 .41 .41 .41 .41
102 30030 30000 00000 30000 .22 .22 .22 .22 .41 .41 .41 .41
103 30030 30000 00000 30000 .22 .22 .22 .22 .41 .41 .41 .41
104 30030 30000 00000 30000 .22 .22 .22 .22 .41 .41 .41 .41
105 30030 30000 00000 30000 .22 .22 .22 .22 .41 .41 .41 .41
106 30030 30000 00000 30000 .22 .22 .22 .22 .41 .41 .41 .41
107 30030 30000 00000 30000 .22 .22 .22 .22 .41 .41 .41 .41
108 30030 30000 00000 30000 .22 .22 .22 .22 .41 .41 .41 .41
109 30030 30000 00000 30000 .22 .22 .22 .22 .41 .41 .41 .41
110 30300 30300 00000 30300 .36 .36 .36 .36 .55 .55 .55 .55
111 30300 30300 00000 30300 .36 .36 .36 .36 .55 .55 .55 .55
112 30300 30300 00000 30300 .36 .36 .36 .36 .55 .55 .55 .55
113 30300 30300 00000 30300 .36 .36 .36 .36 .55 .55 .55 .55
114 30300 30300 00000 30300 .36 .36 .36 .36 .55 .55 .55 .55
115 30300 30300 00000 30300 .36 .36 .36 .36 .55 .55 .55 .55
116 30300 30300 00000 30300 .36 .36 .36 .36 .55 .55 .55 .55
117 30300 30300 00000 30300 .36 .36 .36 .36 .55 .55 .55 .55
118 30300 30300 00000 30300 .36 .36 .36 .36 .55 .55 .55 .55
119 30300 30300 00000 30300 .36 .36 .36 .36 .55 .55 .55 .55
120 30300 30300 00000 30300 .36 .36 .36 .36 .55 .55 .55 .55
121 30300 30300 00000 30300 .36 .36 .36 .36 .55 .55 .55 .55
122 30300 30300 00000 30300 .36 .36 .36 .36 .55 .55 .55 .55
123 30300 30300 00000 30300 .36 .36 .36 .36 .55 .55 .55 .55
124 30300 30300 00000 30300 .36 .36 .36 .36 .55 .55 .55 .55
125 30300 30300 00000 30300 .36 .36 .36 .36 .55 .55 .55 .55
126 30300 30300 00000 30300 .36 .36 .36 .36 .55 .55 .55 .55
127 30300 30300 00000 30300 .36 .36 .36 .36 .55 .55 .55 .55
128 30300 30300 00000 30300 .36 .36 .36 .36 .55 .55 .55 .55
129 30300 30300 00000 30300 .36 .36 .36 .36 .55 .55 .55 .55
130 30300 30300 00000 30300 .36 .36 .36 .36 .55 .55 .55 .55
131 30300 30300 00000 30300 .36 .36 .36 .36 .55 .55 .55 .55
132 30300 30300 00000 30300 .36 .36 .36 .36 .55 .55 .55 .55
133 30300 30300 00000 30300 .36 .36 .36 .36 .55 .55 .55 .55
134 30300 30300 00000 30300 .36 .36 .36 .36 .55 .55 .55 .55
135 30300 30300 00000 30300 .36 .36 .36 .36 .55 .55 .55 .55
136 30300 30300 00000 30300 .36 .36 .36 .36 .55 .55 .55 .55
137 30300 30300 00000 30300 .36 .36 .36 .36 .55 .55 .55 .55
138 30300 30300 00000 30300 .36 .36 .36 .36 .55 .55 .55 .55
139 30300 30300 00000 30300 .36 .36 .36 .36 .55 .55 .55 .55
140 30300 30300 00000 30300 .36 .36 .36 .36 .55 .55 .55 .55
141 30300 30300 00000 30300 .36 .36 .36 .36 .55 .55 .55 .55
142 30300 30300 00000 30300 .36 .36 .36 .36 .55 .55 .55 .55
143 30300 30300 00000 30300 .36 .36 .36 .36 .55 .55 .55 .55
144 30300 30300 00000 30300 .36 .36 .36 .36 .55 .55 .55 .55
145 30300 30300 00000 30300 .36 .36 .36 .36 .55 .55 .55 .55
146 30300 30300 00000 30300 .36 .36 .36 .36 .55 .55 .55 .55
147 30300 30300 00000 30300 .36 .36 .36 .36 .55 .55 .55 .55
148 30300 30300 00000 30300 .36 .36 .36 .36 .55 .55 .55 .55
149 30300 30300 00000 30300 .36 .36 .36 .36 .55 .55 .55 .55
150 30030 30300 00000 30000 .05 .05 .05 .05 .24 .24 .24 .24
151 30030 30300 00000 30000 .05 .05 .05 .05 .24 .24 .24 .24
152 30030 30300 00000 30000 .05 .05 .05 .05 .24 .24 .24 .24
153 30030 30300 00000 30000 .05 .05 .05 .05 .24 .24 .24 .24
154 30030 30300 00000 30000 .05 .05 .05 .05 .24 .24 .24 .24
155 30030 30300 00000 30000 .05 .05 .05 .05 .24 .24 .24 .24
156 30030 30300 00000 30000 .05 .05 .05 .05 .24 .24 .24 .24
157 30030 30300 00000 30000 .05 .05 .05 .05 .24 .24 .24 .24
158 30030 30300 00000 30000 .05 .05 .05 .05 .24 .24 .24 .24
159 30030 30300 00000 30000 .05 .05 .05 .05 .24 .24 .24 .24
160 30000 30000 00000 30000 .46 .46 .46 .46 .63 .63 .63 .63
161 30000 30000 00000 30000 .46 .46 .46 .46 .63 .63 .63 .63
162 30000 30000 00000 30000 .46 .46 .46 .46 .63 .63 .63 .63
163 30000 30000 00000 30000 .46 .46 .46 .46 .63 .63 .63 .63
164 30000 30000 00000 30000 .46 .46 .46 .46 .63 .63 .63 .63
