0 00000 00000 00000 00000 1.0 1.0 1.0 1.0 1.0 1.0 1.0 1.0
1 00000 00000 00000 00000 1.0 1.0 1.0 1.0 1.0 1.0 1.0 1.0
2 00000 00000 00000 00000 1.0 1.0 1.0 1.0 1.0 1.0 1.0 1.0
3 00000 00000 00000 00000 1.0 1.0 1.0 1.0 1.0 1.0 1.0 1.0
4 00000 00000 00000 00000 1.0 1.0 1.0 1.0 1.0 1.0 1.0 1.0
5 00000 00000 00000 00000 1.0 1.0 1.0 1.0 1.0 1.0 1.0 1.0
6 00000 00000 00000 00000 1.0 1.0 1.0 1.0 1.0 1.0 1.0 1.0
7 00000 00000 00000 00000 1.0 1.0 1.0 1.0 1.0 1.0 1.0 1.0
8 00000 00000 00000 00000 1.0 1.0 1.0 1.0 1.0 1.0 1.0 1.0
9 00000 00000 00000 00000 1.0 1.0 1.0 1.0 1.0 1.0 1.0 1.0
10 00000 00000 00000 00000 1.0 1.0 1.0 1.0 1.0 1.0 1.0 1.0
11 00000 00000 00000 00000 1.0 1.0 1.0 1.0 1.0 1.0 1.0 1.0
12 00000 00000 00000 00000 1.0 1.0 1.0 1.0 1.0 1.0 1.0 1.0
13 00000 00000 00000 00000 1.0 1.0 1.0 1.0 1.0 1.0 1.0 1.0
14 00000 00000 00000 00000 1.0 1.0 1.0 1.0 1.0 1.0 1.0 1.0
15 00000 00000 00000 00000 1.0 1.0 1.0 1.0 1.0 1.0 1.0 1.0
16 00000 00000 00000 00000 1.0 1.0 1.0 1.0 1.0 1.0 1.0 1.0
17 00000 00000 00000 00000 1.0 1.0 1.0 1.0 1.0 1.0 1.0 1.0
18 00000 00000 00000 00000 1.0 1.0 1.0 1.0 1.0 1.0 1.0 1.0
19 00000 00000 00000 00000 1.0 1.0 1.0 1.0 1.0 1.0 1.0 1.0
20 00000 00000 00000 00000 1.0 1.0 1.0 1.0 1.0 1.0 1.0 1.0
21 00000 00000 00000 00000 1.0 1.0 1.0 1.0 1.0 1.0 1.0 1.0
22 00000 00000 00000 00000 1.0 1.0 1.0 1.0 1.0 1.0 1.0 1.0
23 00000 00000 00000 00000 1.0 1.0 1.0 1.0 1.0 1.0 1.0 1.0
24 00000 00000 00000 00000 1.0 1.0 1.0 1.0 1.0 1.0 1.0 1.0
25 00000 00000 00000 00000 1.0 1.0 1.0 1.0 1.0 1.0 1.0 1.0
26 00000 00000 00000 00000 1.0 1.0 1.0 1.0 1.0 1.0 1.0 1.0
27 00000 00000 00000 00000 1.0 1.0 1.0 1.0 1.0 1.0 1.0 1.0
28 00000 00000 00000 00000 1.0 1.0 1.0 1.0 1.0 1.0 1.0 1.0
29 00000 00000 00000 00000 1.0 1.0 1.0 1.0 1.0 1.0 1.0 1.0
30 00030 00030 00000 00030 .46 .46 .46 .46 .63 .63 .63 .63
31 00030 00030 00000 00030 .46 .46 .46 .46 .63 .63 .63 .63
32 00030 00030 00000 00030 .46 .46 .46 .46 .63 .63 .63 .63
33 00030 00030 00000 00030 .46 .46 .46 .46 .63 .63 .63 .63
34 00030 00030 00000 00030 .46 .46 .46 .46 .63 .63 .63 .63
35 00030 00030 00000 00030 .46 .46 .46 .46 .63 .63 .63 .63
36 00030 00030 00000 00030 .46 .46 .46 .46 .63 .63 .63 .63
37 00030 00030 00000 00030 .46 .46 .46 .46 .63 .63 .63 .63
38 00030 00030 00000 00030 .46 .46 .46 .46 .63 .63 .63 .63
39 00030 00030 00000 00030 .46 .46 .46 .46 .63 .63 .63 .63
40 00030 00030 00000 00030 .46 .46 .46 .46 .63 .63 .63 .63
41 00030 00030 00000 00030 .46 .46 .46 .46 .63 .63 .63 .63
42 00030 00030 00000 00030 .46 .46 .46 .46 .63 .63 .63 .63
43 00030 00030 00000 00030 .46 .46 .46 .46 .63 .63 .63 .63
44 00030 00030 00000 00030 .46 .46 .46 .46 .63 .63 .63 .63
45 00030 00030 00300 00030 .22 .22 .22 .22 .41 .41 .41 .41
46 00030 00030 00300 00030 .22 .22 .22 .22 .41 .41 .41 .41
47 00030 00030 00300 00030 .22 .22 .22 .22 .41 .41 .41 .41
48 00030 00030 00300 00030 .22 .22 .22 .22 .41 .41 .41 .41
49 00030 00030 00300 00030 .22 .22 .22 .22 .41 .41 .41 .41
50 00030 00030 00300 00030 .22 .22 .22 .22 .41 .41 .41 .41
51 00030 00030 00300 00030 .22 .22 .22 .22 .41 .41 .41 .41
52 00030 00030 00300 00030 .22 .22 .22 .22 .41 .41 .41 .41
53 00030 00030 00300 00030 .22 .22 .22 .22 .41 .41 .41 .41
54 00030 00030 00300 00030 .22 .22 .22 .22 .41 .41 .41 .41
55 00030 00030 00300 00030 .22 .22 .22 .22 .41 .41 .41 .41
56 00030 00030 00300 00030 .22 .22 .22 .22 .41 .41 .41 .41
57 00030 00030 00300 00030 .22 .22 .22 .22 .41 .41 .41 .41
58 00030 00030 00300 00030 .22 .22 .22 .22 .41 .41 .41 .41
59 00030 00030 00300 00030 .22 .22 .22 .22 .41 .41 .41 .41
60 00030 00030 00300 00030 .22 .22 .22 .22 .41 .41 .41 .41
61 00030 00030 00300 00030 .22 .22 .22 .22 .41 .41 .41 .41
62 00030 00030 00300 00030 .22 .22 .22 .22 .41 .41 .41 .41
63 00030 00030 00300 00030 .22 .22 .22 .22 .41 .41 .41 .41
64 00030 00030 00300 00030 .22 .22 .22 .22 .41 .41 .41 .41
65 00030 00030 00300 00030 .22 .22 .22 .22 .41 .41 .41 .41
66 00030 00030 00300 00030 .22 .22 .22 .22 .41 .41 .41 .41
67 00030 00030 00300 00030 .22 .22 .22 .22 .41 .41 .41 .41
68 00030 00030 00300 00030 .22 .22 .22 .22 .41 .41 .41 .41
69 00030 00030 00300 00030 .22 .22 .22 .22 .41 .41 .41 .41
70 03030 00030 00300 00030 .05 .05 .05 .05 .24 .24 .24 .24
71 03030 00030 00300 00030 .05 .05 .05 .05 .24 .24 .24 .24
72 03030 00030 00300 00030 .05 .05 .05 .05 .24 .24 .24 .24
73 03030 00030 00300 00030 .05 .05 .05 .05 .24 .24 .24 .24
74 03030 00030 00300 00030 .05 .05 .05 .05 .24 .24 .24 .24
75 03030 00030 03300 03030 .16 .16 .16 .16 .37 .37 .37 .37
76 03030 00030 03300 03030 .16 .16 .16 .16 .37 .37 .37 .37
77 03030 00030 03300 03030 .16 .16 .16 .16 .37 .37 .37 .37
78 03030 00030 03300 03030 .16 .16 .16 .16 .37 .37 .37 .37
79 03030 00030 03300 03030 .16 .16 .16 .16 .37 .37 .37 .37
80 03030 03030 03300 03030 .48 .48 .48 .48 .60 .60 .60 .60
81 03030 03030 03300 03030 .48 .48 .48 .48 .60 .60 .60 .60
82 03030 03030 03300 03030 .48 .48 .48 .48 .60 .60 .60 .60
83 03030 03030 03300 03030 .48 .48 .48 .48 .60 .60 .60 .60
84 03030 03030 03300 03030 .48 .48 .48 .48 .60 .60 .60 .60
85 03030 03030 03300 03030 .48 .48 .48 .48 .60 .60 .60 .60
86 03030 03030 03300 03030 .48 .48 .48 .48 .60 .60 .60 .60
87 03030 03030 03300 03030 .48 .48 .48 .48 .60 .60 .60 .60
88 03030 03030 03300 03030 .48 .48 .48 .48 .60 .60 .60 .60
89 03030 03030 03300 03030 .48 .48 .48 .48 .60 .60 .60 .60
90 03030 03030 03300 03030 .48 .48 .48 .48 .60 .60 .60 .60
91 03030 03030 03300 03030 .48 .48 .48 .48 .60 .60 .60 .60
92 03030 03030 03300 03030 .48 .48 .48 .48 .60 .60 .60 .60
93 03030 03030 03300 03030 .48 .48 .48 .48 .60 .60 .60 .60
94 03030 03030 03300 03030 .48 .48 .48 .48 .60 .60 .60 .60
95 03030 03030 03300 03030 .48 .48 .48 .48 .60 .60 .60 .60
96 03030 03030 03300 03030 .48 .48 .48 .48 .60 .60 .60 .60
97 03030 03030 03300 03030 .48 .48 .48 .48 .60 .60 .60 .60
98 03030 03030 03300 03030 .48 .48 .48 .48 .60 .60 .60 .60
99 03030 03030 03300 03030 .48 .48 .48 .48 .60 .60 .60 .60
100 03030 03030 03300 03030 .48 .48 .48 .48 .60 .60 .60 .60
101 03030 03030 03300 03030 .48 .48 .48 .48 .60 .60 .60 .60
102 03030 03030 03300 03030 .48 .48 .48 .48 .60 .60 .60 .60
103 03030 03030 03300 03030 .48 .48 .48 .48 .60 .60 .60 .60
104 03030 03030 03300 03030 .48 .48 .48 .48 .60 .60 .60 .60
105 03030 03030 03300 03030 .48 .48 .48 .48 .60 .60 .60 .60
106 03030 03030 03300 03030 .48 .48 .48 .48 .60 .60 .60 .60
107 03030 03030 03300 03030 .48 .48 .48 .48 .60 .60 .60 .60
108 03030 03030 03300 03030 .48 .48 .48 .48 .60 .60 .60 .60
109 03030 03030 03300 03030 .48 .48 .48 .48 .60 .60 .60 .60
110 03030 03030 03300 03030 .48 .48 .48 .48 .60 .60 .60 .60
111 03030 03030 03300 03030 .48 .48 .48 .48 .60 .60 .60 .60
112 03030 03030 03300 03030 .48 .48 .48 .48 .60 .60 .60 .60
113 03030 03030 03300 03030 .48 .48 .48 .48 .60 .60 .60 .60
114 03030 03030 03300 03030 .48 .48 .48 .48 .60 .60 .60 .60
115 03030 03030 03300 03030 .48 .48 .48 .48 .60 .60 .60 .60
116 03030 03030 03300 03030 .48 .48 .48 .48 .60 .60 .60 .60
117 03030 03030 03300 03030 .48 .48 .48 .48 .60 .60 .60 .60
118 03030 03030 03300 03030 .48 .48 .48 .48 .60 .60 .60 .60
119 03030 03030 03300 03030 .48 .48 .48 .48 .60 .60 .60 .60
120 03030 03030 03300 03030 .48 .48 .48 .48 .60 .60 .60 .60
121 03030 03030 03300 03030 .48 .48 .48 .48 .60 .60 .60 .60
122 03030 03030 03300 03030 .48 .48 .48 .48 .60 .60 .60 .60
123 03030 03030 03300 03030 .48 .48 .48 .48 .60 .60 .60 .60
124 03030 03030 03300 03030 .48 .48 .48 .48 .60 .60 .60 .60
125 03030 03030 03300 03030 .48 .48 .48 .48 .60 .60 .60 .60
126 03030 03030 03300 03030 .48 .48 .48 .48 .60 .60 .60 .60
127 03030 03030 03300 03030 .48 .48 .48 .48 .60 .60 .60 .60
128 03030 03030 03300 03030 .48 .48 .48 .48 .60 .60 .60 .60
129 03030 03030 03300 03030 .48 .48 .48 .48 .60 .60 .60 .60
130 03030 03030 03300 03030 .48 .48 .48 .48 .60 .60 .60 .60
131 03030 03030 03300 03030 .48 .48 .48 .48 .60 .60 .60 .60
132 03030 03030 03300 03030 .48 .48 .48 .48 .60 .60 .60 .60
133 03030 03030 03300 03030 .48 .48 .48 .48 .60 .60 .60 .60
134 03030 03030 03300 03030 .48 .48 .48 .48 .60 .60 .60 .60
135 03030 03030 03300 03030 .48 .48 .48 .48 .60 .60 .60 .60
136 03030 03030 03300 03030 .48 .48 .48 .48 .60 .60 .60 .60
137 03030 03030 03300 03030 .48 .48 .48 .48 .60 .60 .60 .60
138 03030 03030 03300 03030 .48 .48 .48 .48 .60 .60 .60 .60
139 03030 03030 03300 03030 .48 .48 .48 .48 .60 .60 .60 .60
140 03030 30030 03300 03030 -0.04 -0.04 -0.04 -0.04 .21 .21 .21 .21
141 03030 30030 03300 03030 -0.04 -0.04 -0.04 -0.04 .21 .21 .21 .21
142 03030 30030 03300 03030 -0.04 -0.04 -0.04 -0.04 .21 .21 .21 .21
143 03030 30030 03300 03030 -0.04 -0.04 -0.04 -0.04 .21 .21 .21 .21
144 03030 30030 03300 03030 -0.04 -0.04 -0.04 -0.04 .21 .21 .21 .21
145 03030 30030 03300 03030 -0.04 -0.04 -0.04 -0.04 .21 .21 .21 .21
146 03030 30030 03300 03030 -0.04 -0.04 -0.04 -0.04 .21 .21 .21 .21
147 03030 30030 03300 03030 -0.04 -0.04 -0.04 -0.04 .21 .21 .21 .21
148 03030 30030 03300 03030 -0.04 -0.04 -0.04 -0.04 .21 .21 .21 .21
149 03030 30030 03300 03030 -0.04 -0.04 -0.04 -0.04 .21 .21 .21 .21
150 03000 30030 03300 03000 -0.12 -0.12 -0.12 -0.12 .10 .10 .10 .10
151 03000 30030 03300 03000 -0.12 -0.12 -0.12 -0.12 .10 .10 .10 .10
152 03000 30030 03300 03000 -0.12 -0.12 -0.12 -0.12 .10 .10 .10 .10
153 03000 30030 03300 03000 -0.12 -0.12 -0.12 -0.12 .10 .10 .10 .10
154 03000 30030 03300 03000 -0.12 -0.12 -0.12 -0.12 .10 .10 .10 .10
155 03000 30030 03300 03000 -0.12 -0.12 -0.12 -0.12 .10 .10 .10 .10
156 03000 30030 03300 03000 -0.12 -0.12 -0.12 -0.12 .10 .10 .10 .10
157 03000 30030 03300 03000 -0.12 -0.12 -0.12 -0.12 .10 .10 .10 .10
158 03000 30030 03300 03000 -0.12 -0.12 -0.12 -0.12 .10 .10 .10 .10
159 03000 30030 03300 03000 -0.12 -0.12 -0.12 -0.12 .10 .10 .10 .10
160 30000 30000 03300 30000 .05 .05 .05 .05 .24 .24 .24 .24
161 30000 30000 30000 30000 1.00 1.00 1.00 1.00 1.00 1.00 1.00 1.00
162 30000 30000 30000 30000 1.00 1.00 1.00 1.00 1.00 1.00 1.00 1.00
163 30000 30000 30000 30000 1.00 1.00 1.00 1.00 1.00 1.00 1.00 1.00
164 30000 30000 30000 30000 1.00 1.00 1.00 1.00 1.00 1.00 1.00 1.00
165 30000 30000 30000 30000 1.00 1.00 1.00 1.00 1.00 1.00 1.00 1.00
166 30000 30000 30000 30000 1.00 1.00 1.00 1.00 1.00 1.00 1.00 1.00
167 30000 30000 30000 30000 1.00 1.00 1.00 1.00 1.00 1.00 1.00 1.00
168 30000 30000 30000 30000 1.00 1.00 1.00 1.00 1.00 1.00 1.00 1.00
169 30000 30000 30000 30000 1.00 1.00 1.00 1.00 1.00 1.00 1.00 1.00
170 30000 30000 30000 30000 1.00 1.00 1.00 1.00 1.00 1.00 1.00 1.00
171 30000 30000 30000 30000 1.00 1.00 1.00 1.00 1.00 1.00 1.00 1.00
172 30000 30000 30000 30000 1.00 1.00 1.00 1.00 1.00 1.00 1.00 1.00
173 30000 30000 30000 30000 1.00 1.00 1.00 1.00 1.00 1.00 1.00 1.00
174 30000 30000 30000 30000 1.00 1.00 1.00 1.00 1.00 1.00 1.00 1.00
