0 03300 00300 00000 00300 .22 .22 .22 .22 .41 .41 .41 .41
1 03300 00300 03300 03300 .72 .72 .72 .72 .79 .79 .79 .79
2 03300 00300 03300 03300 .72 .72 .72 .72 .79 .79 .79 .79
3 03300 00300 03300 03300 .72 .72 .72 .72 .79 .79 .79 .79
4 03300 00300 03300 03300 .72 .72 .72 .72 .79 .79 .79 .79
5 03300 00300 03300 03300 .72 .72 .72 .72 .79 .79 .79 .79
6 03300 00300 03300 03300 .72 .72 .72 .72 .79 .79 .79 .79
7 03300 00300 03300 03300 .72 .72 .72 .72 .79 .79 .79 .79
8 03300 00300 03300 03300 .72 .72 .72 .72 .79 .79 .79 .79
9 03300 00300 03300 03300 .72 .72 .72 .72 .79 .79 .79 .79
10 03300 00300 03300 03300 .72 .72 .72 .72 .79 .79 .79 .79
11 03300 00300 03300 03300 .72 .72 .72 .72 .79 .79 .79 .79
12 03300 00300 03300 03300 .72 .72 .72 .72 .79 .79 .79 .79
13 03300 00300 03300 03300 .72 .72 .72 .72 .79 .79 .79 .79
14 03300 00300 03300 03300 .72 .72 .72 .72 .79 .79 .79 .79
15 03300 00300 03300 03300 .72 .72 .72 .72 .79 .79 .79 .79
16 03300 00300 30030 00300 -0.12 -0.12 -0.12 -0.12 .10 .10 .10 .10
17 03300 00300 30030 00300 -0.12 -0.12 -0.12 -0.12 .10 .10 .10 .10
18 03300 00300 30030 00300 -0.12 -0.12 -0.12 -0.12 .10 .10 .10 .10
19 03300 00300 30030 00300 -0.12 -0.12 -0.12 -0.12 .10 .10 .10 .10
20 30300 30300 30030 30300 .48 .48 .48 .48 .60 .60 .60 .60
21 30300 30300 30030 30300 .48 .48 .48 .48 .60 .60 .60 .60
22 30300 30300 30030 30300 .48 .48 .48 .48 .60 .60 .60 .60
23 30300 30300 30030 30300 .48 .48 .48 .48 .60 .60 .60 .60
24 30300 30300 30030 30300 .48 .48 .48 .48 .60 .60 .60 .60
25 30300 30300 30030 30300 .48 .48 .48 .48 .60 .60 .60 .60
26 30300 30300 30030 30300 .48 .48 .48 .48 .60 .60 .60 .60
27 30300 30300 30030 30300 .48 .48 .48 .48 .60 .60 .60 .60
28 30300 30300 30030 30300 .48 .48 .48 .48 .60 .60 .60 .60
29 30300 30300 30030 30300 .48 .48 .48 .48 .60 .60 .60 .60
30 30000 30000 30030 30000 .68 .68 .68 .68 .75 .75 .75 .75
31 30000 30000 30000 30000 1.00 1.00 1.00 1.00 1.00 1.00 1.00 1.00
32 30000 30000 30000 30000 1.00 1.00 1.00 1.00 1.00 1.00 1.00 1.00
33 30000 30000 30000 30000 1.00 1.00 1.00 1.00 1.00 1.00 1.00 1.00
34 30000 30000 30000 30000 1.00 1.00 1.00 1.00 1.00 1.00 1.00 1.00
35 30000 30000 30000 30000 1.00 1.00 1.00 1.00 1.00 1.00 1.00 1.00
36 30000 30000 30000 30000 1.00 1.00 1.00 1.00 1.00 1.00 1.00 1.00
37 30000 30000 30000 30000 1.00 1.00 1.00 1.00 1.00 1.00 1.00 1.00
38 30000 30000 30000 30000 1.00 1.00 1.00 1.00 1.00 1.00 1.00 1.00
39 30000 30000 30000 30000 1.00 1.00 1.00 1.00 1.00 1.00 1.00 1.00
40 30000 30000 30000 30000 1.00 1.00 1.00 1.00 1.00 1.00 1.00 1.00
41 30000 30000 30000 30000 1.00 1.00 1.00 1.00 1.00 1.00 1.00 1.00
42 30000 30000 30000 30000 1.00 1.00 1.00 1.00 1.00 1.00 1.00 1.00
43 30000 30000 30000 30000 1.00 1.00 1.00 1.00 1.00 1.00 1.00 1.00
44 30000 30000 30000 30000 1.00 1.00 1.00 1.00 1.00 1.00 1.00 1.00
45 30000 30000 30000 30000 1.00 1.00 1.00 1.00 1.00 1.00 1.00 1.00
46 30000 30000 30000 30000 1.00 1.00 1.00 1.00 1.00 1.00 1.00 1.00
47 30000 30000 30000 30000 1.00 1.00 1.00 1.00 1.00 1.00 1.00 1.00
48 30000 30000 30000 30000 1.00 1.00 1.00 1.00 1.00 1.00 1.00 1.00
49 30000 30000 30000 30000 1.00 1.00 1.00 1.00 1.00 1.00 1.00 1.00
50 30000 30000 30000 30000 1.00 1.00 1.00 1.00 1.00 1.00 1.00 1.00
51 30000 30000 30000 30000 1.00 1.00 1.00 1.00 1.00 1.00 1.00 1.00
52 30000 30000 30000 30000 1.00 1.00 1.00 1.00 1.00 1.00 1.00 1.00
53 30000 30000 30000 30000 1.00 1.00 1.00 1.00 1.00 1.00 1.00 1.00
54 30000 30000 30000 30000 1.00 1.00 1.00 1.00 1.00 1.00 1.00 1.00
55 30000 30000 30000 30000 1.00 1.00 1.00 1.00 1.00 1.00 1.00 1.00
56 30000 30000 30000 30000 1.00 1.00 1.00 1.00 1.00 1.00 1.00 1.00
57 30000 30000 30000 30000 1.00 1.00 1.00 1.00 1.00 1.00 1.00 1.00
58 30000 30000 30000 30000 1.00 1.00 1.00 1.00 1.00 1.00 1.00 1.00
59 30000 30000 30000 30000 1.00 1.00 1.00 1.00 1.00 1.00 1.00 1.00
60 30000 30000 30000 30000 1.00 1.00 1.00 1.00 1.00 1.00 1.00 1.00
61 30000 30000 30000 30000 1.00 1.00 1.00 1.00 1.00 1.00 1.00 1.00
62 30000 30000 30000 30000 1.00 1.00 1.00 1.00 1.00 1.00 1.00 1.00
63 30000 30000 30000 30000 1.00 1.00 1.00 1.00 1.00 1.00 1.00 1.00
64 30000 30000 30000 30000 1.00 1.00 1.00 1.00 1.00 1.00 1.00 1.00
65 30000 30000 30000 30000 1.00 1.00 1.00 1.00 1.00 1.00 1.00 1.00
66 30000 30000 30000 30000 1.00 1.00 1.00 1.00 1.00 1.00 1.00 1.00
67 30000 30000 30000 30000 1.00 1.00 1.00 1.00 1.00 1.00 1.00 1.00
68 30000 30000 30000 30000 1.00 1.00 1.00 1.00 1.00 1.00 1.00 1.00
69 30000 30000 30000 30000 1.00 1.00 1.00 1.00 1.00 1.00 1.00 1.00
70 30000 30000 30000 30000 1.00 1.00 1.00 1.00 1.00 1.00 1.00 1.00
71 30000 30000 30000 30000 1.00 1.00 1.00 1.00 1.00 1.00 1.00 1.00
72 30000 30000 30000 30000 1.00 1.00 1.00 1.00 1.00 1.00 1.00 1.00
73 30000 30000 30000 30000 1.00 1.00 1.00 1.00 1.00 1.00 1.00 1.00
74 30000 30000 30000 30000 1.00 1.00 1.00 1.00 1.00 1.00 1.00 1.00
75 30000 30000 30000 30000 1.00 1.00 1.00 1.00 1.00 1.00 1.00 1.00
76 30000 30000 30000 30000 1.00 1.00 1.00 1.00 1.00 1.00 1.00 1.00
77 30000 30000 30000 30000 1.00 1.00 1.00 1.00 1.00 1.00 1.00 1.00
78 30000 30000 30000 30000 1.00 1.00 1.00 1.00 1.00 1.00 1.00 1.00
79 30000 30000 30000 30000 1.00 1.00 1.00 1.00 1.00 1.00 1.00 1.00
80 30001 30001 30000 30001 .75 .83 .96 .73 .82 .87 .97 .80
81 30001 30001 30000 30001 .75 .83 .96 .73 .82 .87 .97 .80
82 30001 30001 30000 30001 .75 .83 .96 .73 .82 .87 .97 .80
83 30001 30001 30000 30001 .75 .83 .96 .73 .82 .87 .97 .80
84 30001 30001 30000 30001 .75 .83 .96 .73 .82 .87 .97 .80
85 30001 30001 30000 30001 .75 .83 .96 .73 .82 .87 .97 .80
86 30001 30001 30000 30001 .75 .83 .96 .73 .82 .87 .97 .80
87 30001 30001 30000 30001 .75 .83 .96 .73 .82 .87 .97 .80
88 30001 30001 30000 30001 .75 .83 .96 .73 .82 .87 .97 .80
89 30001 30001 30000 30001 .75 .83 .96 .73 .82 .87 .97 .80
90 30001 30001 30000 30001 .75 .83 .96 .73 .82 .87 .97 .80
91 30001 30001 30000 30001 .75 .83 .96 .73 .82 .87 .97 .80
92 30001 30001 30000 30001 .75 .83 .96 .73 .82 .87 .97 .80
93 30001 30001 30000 30001 .75 .83 .96 .73 .82 .87 .97 .80
94 30001 30001 30000 30001 .75 .83 .96 .73 .82 .87 .97 .80
95 30001 30001 30000 30001 .75 .83 .96 .73 .82 .87 .97 .80
96 30001 30001 30000 30001 .75 .83 .96 .73 .82 .87 .97 .80
97 30001 30001 30000 30001 .75 .83 .96 .73 .82 .87 .97 .80
98 30001 30001 30000 30001 .75 .83 .96 .73 .82 .87 .97 .80
99 30001 30001 30000 30001 .75 .83 .96 .73 .82 .87 .97 .80
100 30001 30001 30000 30001 .75 .83 .96 .73 .82 .87 .97 .80
101 30001 30001 30000 30001 .75 .83 .96 .73 .82 .87 .97 .80
102 30001 30001 30000 30001 .75 .83 .96 .73 .82 .87 .97 .80
103 30001 30001 30000 30001 .75 .83 .96 .73 .82 .87 .97 .80
104 30001 30001 30000 30001 .75 .83 .96 .73 .82 .87 .97 .80
105 30001 30001 30000 30001 .75 .83 .96 .73 .82 .87 .97 .80
106 30001 30001 30000 30001 .75 .83 .96 .73 .82 .87 .97 .80
107 30001 30001 30000 30001 .75 .83 .96 .73 .82 .87 .97 .80
108 30001 30001 30000 30001 .75 .83 .96 .73 .82 .87 .97 .80
109 30001 30001 30000 30001 .75 .83 .96 .73 .82 .87 .97 .80
110 30001 30001 30000 30001 .75 .83 .96 .73 .82 .87 .97 .80
111 30001 30001 00000 30001 .42 .37 .41 .38 .59 .55 .58 .56
112 30001 30001 00000 30001 .42 .37 .41 .38 .59 .55 .58 .56
113 30001 30001 00000 30001 .42 .37 .41 .38 .59 .55 .58 .56
114 30001 30001 30030 30001 .55 .55 .63 .50 .66 .65 .70 .62
115 30001 30001 30030 30001 .55 .55 .63 .50 .66 .65 .70 .62
116 30001 30001 30030 30001 .55 .55 .63 .50 .66 .65 .70 .62
117 30001 30001 30030 30001 .55 .55 .63 .50 .66 .65 .70 .62
118 30001 30001 30030 30001 .55 .55 .63 .50 .66 .65 .70 .62
119 30001 30001 30030 30001 .55 .55 .63 .50 .66 .65 .70 .62
120 30001 30001 30030 30001 .55 .55 .63 .50 .66 .65 .70 .62
121 30001 30001 30030 30001 .55 .55 .63 .50 .66 .65 .70 .62
122 30001 30001 30030 30001 .55 .55 .63 .50 .66 .65 .70 .62
123 30001 30001 30030 30001 .55 .55 .63 .50 .66 .65 .70 .62
124 30001 30001 30030 30001 .55 .55 .63 .50 .66 .65 .70 .62
125 30001 30001 30030 30001 .55 .55 .63 .50 .66 .65 .70 .62
126 30001 30001 30030 30001 .55 .55 .63 .50 .66 .65 .70 .62
127 30001 30001 30030 30001 .55 .55 .63 .50 .66 .65 .70 .62
128 30001 30001 30030 30001 .55 .55 .63 .50 .66 .65 .70 .62
129 30001 30001 30030 30001 .55 .55 .63 .50 .66 .65 .70 .62
130 30001 30001 30030 30001 .55 .55 .63 .50 .66 .65 .70 .62
131 30001 30001 30030 30001 .55 .55 .63 .50 .66 .65 .70 .62
132 30001 30001 30030 30001 .55 .55 .63 .50 .66 .65 .70 .62
133 30001 30001 30030 30001 .55 .55 .63 .50 .66 .65 .70 .62
134 30001 30001 30030 30001 .55 .55 .63 .50 .66 .65 .70 .62
135 30001 30001 30030 30001 .55 .55 .63 .50 .66 .65 .70 .62
136 30001 30001 30030 30001 .55 .55 .63 .50 .66 .65 .70 .62
137 30001 30001 30030 30001 .55 .55 .63 .50 .66 .65 .70 .62
138 30001 30001 30030 30001 .55 .55 .63 .50 .66 .65 .70 .62
139 30001 30001 30030 30001 .55 .55 .63 .50 .66 .65 .70 .62
140 30031 30031 30030 30031 .79 .92 .97 .76 .85 .94 .98 .82
141 30031 30031 30030 30031 .79 .92 .97 .76 .85 .94 .98 .82
142 30031 30031 30030 30031 .79 .92 .97 .76 .85 .94 .98 .82
143 30031 30031 30030 30031 .79 .92 .97 .76 .85 .94 .98 .82
144 30031 30031 30030 30031 .79 .92 .97 .76 .85 .94 .98 .82
145 30031 30031 30030 30031 .79 .92 .97 .76 .85 .94 .98 .82
146 30031 30031 30030 30031 .79 .92 .97 .76 .85 .94 .98 .82
147 30031 30031 30030 30031 .79 .92 .97 .76 .85 .94 .98 .82
148 30031 30031 30030 30031 .79 .92 .97 .76 .85 .94 .98 .82
149 30031 30031 30030 30031 .79 .92 .97 .76 .85 .94 .98 .82
150 30031 30031 30030 30031 .79 .92 .97 .76 .85 .94 .98 .82
151 30031 30031 30030 30031 .79 .92 .97 .76 .85 .94 .98 .82
152 30031 30031 30030 30031 .79 .92 .97 .76 .85 .94 .98 .82
153 30031 30031 30030 30031 .79 .92 .97 .76 .85 .94 .98 .82
154 30031 30031 30030 30031 .79 .92 .97 .76 .85 .94 .98 .82
155 30031 30031 30030 30031 .79 .92 .97 .76 .85 .94 .98 .82
156 30031 30031 30030 30031 .79 .92 .97 .76 .85 .94 .98 .82
157 30031 30031 30030 30031 .79 .92 .97 .76 .85 .94 .98 .82
158 30031 30031 30030 30031 .79 .92 .97 .76 .85 .94 .98 .82
159 30031 30031 30300 30031 .38 .34 .40 .29 .54 .49 .53 .46
160 30031 30001 30300 30001 .36 .30 .36 .28 .51 .44 .48 .45
161 30031 30001 30300 30001 .36 .30 .36 .28 .51 .44 .48 .45
162 30031 30001 30300 30001 .36 .30 .36 .28 .51 .44 .48 .45
163 30031 30001 30300 30001 .36 .30 .36 .28 .51 .44 .48 .45
164 30031 30001 30300 30001 .36 .30 .36 .28 .51 .44 .48 .45
165 30031 30001 30300 30001 .36 .30 .36 .28 .51 .44 .48 .45
166 30031 30001 30300 30001 .36 .30 .36 .28 .51 .44 .48 .45
167 30031 30001 30300 30001 .36 .30 .36 .28 .51 .44 .48 .45
168 30031 30001 30300 30001 .36 .30 .36 .28 .51 .44 .48 .45
169 30031 30001 30300 30001 .36 .30 .36 .28 .51 .44 .48 .45
170 30000 30000 30300 30000 .68 .68 .68 .68 .75 .75 .75 .75
171 30000 30000 30300 30000 .68 .68 .68 .68 .75 .75 .75 .75
172 30000 30000 30300 30000 .68 .68 .68 .68 .75 .75 .75 .75
173 30000 30000 30300 30000 .68 .68 .68 .68 .75 .75 .75 .75
174 30000 30000 30000 30000 1.00 1.00 1.00 1.00 1.00 1.00 1.00 1.00
175 30000 30000 30000 30000 1.00 1.00 1.00 1.00 1.00 1.00 1.00 1.00
176 30000 30000 30000 30000 1.00 1.00 1.00 1.00 1.00 1.00 1.00 1.00
177 30000 30000 30000 30000 1.00 1.00 1.00 1.00 1.00 1.00 1.00 1.00
178 30000 30000 30000 30000 1.00 1.00 1.00 1.00 1.00 1.00 1.00 1.00
179 30000 30000 30000 30000 1.00 1.00 1.00 1.00 1.00 1.00 1.00 1.00
180 30000 30000 30000 30000 1.00 1.00 1.00 1.00 1.00 1.00 1.00 1.00
181 30000 30000 30000 30000 1.00 1.00 1.00 1.00 1.00 1.00 1.00 1.00
182 30000 30000 30000 30000 1.00 1.00 1.00 1.00 1.00 1.00 1.00 1.00
183 30000 30000 30000 30000 1.00 1.00 1.00 1.00 1.00 1.00 1.00 1.00
