0 00000 00000 00000 00000 1.0 1.0 1.0 1.0 1.0 1.0 1.0 1.0
1 00000 00000 00000 00000 1.0 1.0 1.0 1.0 1.0 1.0 1.0 1.0
2 00000 00000 00000 00000 1.0 1.0 1.0 1.0 1.0 1.0 1.0 1.0
3 00000 00000 00000 00000 1.0 1.0 1.0 1.0 1.0 1.0 1.0 1.0
4 00000 00000 00000 00000 1.0 1.0 1.0 1.0 1.0 1.0 1.0 1.0
5 00000 00000 00000 00000 1.0 1.0 1.0 1.0 1.0 1.0 1.0 1.0
6 00000 00000 00000 00000 1.0 1.0 1.0 1.0 1.0 1.0 1.0 1.0
7 00000 00000 00000 00000 1.0 1.0 1.0 1.0 1.0 1.0 1.0 1.0
8 00000 00000 00000 00000 1.0 1.0 1.0 1.0 1.0 1.0 1.0 1.0
9 00000 00000 00000 00000 1.0 1.0 1.0 1.0 1.0 1.0 1.0 1.0
10 00000 00000 00000 00000 1.0 1.0 1.0 1.0 1.0 1.0 1.0 1.0
11 00000 00000 00000 00000 1.0 1.0 1.0 1.0 1.0 1.0 1.0 1.0
12 00000 00000 00000 00000 1.0 1.0 1.0 1.0 1.0 1.0 1.0 1.0
13 00000 00000 00000 00000 1.0 1.0 1.0 1.0 1.0 1.0 1.0 1.0
14 00000 00000 00000 00000 1.0 1.0 1.0 1.0 1.0 1.0 1.0 1.0
15 00000 00000 00000 00000 1.0 1.0 1.0 1.0 1.0 1.0 1.0 1.0
16 00000 00000 00000 00000 1.0 1.0 1.0 1.0 1.0 1.0 1.0 1.0
17 00000 00000 00000 00000 1.0 1.0 1.0 1.0 1.0 1.0 1.0 1.0
18 00000 00000 00000 00000 1.0 1.0 1.0 1.0 1.0 1.0 1.0 1.0
19 00000 00000 00000 00000 1.0 1.0 1.0 1.0 1.0 1.0 1.0 1.0
20 00000 00000 00000 00000 1.0 1.0 1.0 1.0 1.0 1.0 1.0 1.0
21 00000 00000 03030 00000 -0.08 -0.08 -0.08 -0.08 -0.06 -0.06 -0.06 -0.06
22 00000 00000 03030 00000 -0.08 -0.08 -0.08 -0.08 -0.06 -0.06 -0.06 -0.06
23 00000 00000 03030 00000 -0.08 -0.08 -0.08 -0.08 -0.06 -0.06 -0.06 -0.06
24 00000 00000 03030 00000 -0.08 -0.08 -0.08 -0.08 -0.06 -0.06 -0.06 -0.06
25 00000 00000 03030 00000 -0.08 -0.08 -0.08 -0.08 -0.06 -0.06 -0.06 -0.06
26 00000 00000 03030 00000 -0.08 -0.08 -0.08 -0.08 -0.06 -0.06 -0.06 -0.06
27 00000 00000 03030 00000 -0.08 -0.08 -0.08 -0.08 -0.06 -0.06 -0.06 -0.06
28 00000 00000 03030 00000 -0.08 -0.08 -0.08 -0.08 -0.06 -0.06 -0.06 -0.06
29 00000 00000 03030 00000 -0.08 -0.08 -0.08 -0.08 -0.06 -0.06 -0.06 -0.06
30 00000 00000 03030 00000 -0.08 -0.08 -0.08 -0.08 -0.06 -0.06 -0.06 -0.06
31 00000 00000 03030 00000 -0.08 -0.08 -0.08 -0.08 -0.06 -0.06 -0.06 -0.06
32 00000 00000 03030 00000 -0.08 -0.08 -0.08 -0.08 -0.06 -0.06 -0.06 -0.06
33 00000 00000 03030 00000 -0.08 -0.08 -0.08 -0.08 -0.06 -0.06 -0.06 -0.06
34 00000 00000 03030 00000 -0.08 -0.08 -0.08 -0.08 -0.06 -0.06 -0.06 -0.06
35 00000 00000 03030 00000 -0.08 -0.08 -0.08 -0.08 -0.06 -0.06 -0.06 -0.06
36 00000 00000 00000 00000 1.0 1.0 1.0 1.0 1.0 1.0 1.0 1.0
37 00000 00000 00000 00000 1.0 1.0 1.0 1.0 1.0 1.0 1.0 1.0
38 00000 00000 00000 00000 1.0 1.0 1.0 1.0 1.0 1.0 1.0 1.0
39 00000 00000 00000 00000 1.0 1.0 1.0 1.0 1.0 1.0 1.0 1.0
40 00300 00300 00000 00300 .46 .46 .46 .46 .63 .63 .63 .63
41 00300 00300 00000 00300 .46 .46 .46 .46 .63 .63 .63 .63
42 00300 00300 00000 00300 .46 .46 .46 .46 .63 .63 .63 .63
43 00300 00300 00000 00300 .46 .46 .46 .46 .63 .63 .63 .63
44 00300 00300 00000 00300 .46 .46 .46 .46 .63 .63 .63 .63
45 00300 00300 00000 00300 .46 .46 .46 .46 .63 .63 .63 .63
46 00300 00300 00000 00300 .46 .46 .46 .46 .63 .63 .63 .63
47 00300 00300 00000 00300 .46 .46 .46 .46 .63 .63 .63 .63
48 00300 00300 00000 00300 .46 .46 .46 .46 .63 .63 .63 .63
49 00300 00300 00000 00300 .46 .46 .46 .46 .63 .63 .63 .63
50 00300 00300 00000 00300 .46 .46 .46 .46 .63 .63 .63 .63
51 00300 00300 00000 00300 .46 .46 .46 .46 .63 .63 .63 .63
52 00300 00300 00000 00300 .46 .46 .46 .46 .63 .63 .63 .63
53 00300 00300 00000 00300 .46 .46 .46 .46 .63 .63 .63 .63
54 00300 00300 00000 00300 .46 .46 .46 .46 .63 .63 .63 .63
55 00300 00300 00000 00300 .46 .46 .46 .46 .63 .63 .63 .63
56 00300 00300 00000 00300 .46 .46 .46 .46 .63 .63 .63 .63
57 00300 00300 00000 00300 .46 .46 .46 .46 .63 .63 .63 .63
58 00300 00300 00000 00300 .46 .46 .46 .46 .63 .63 .63 .63
59 00300 00300 00000 00300 .46 .46 .46 .46 .63 .63 .63 .63
60 00300 00300 00000 00300 .46 .46 .46 .46 .63 .63 .63 .63
61 00300 00300 00000 00300 .46 .46 .46 .46 .63 .63 .63 .63
62 00300 00300 00000 00300 .46 .46 .46 .46 .63 .63 .63 .63
63 00300 00300 00000 00300 .46 .46 .46 .46 .63 .63 .63 .63
64 00300 00300 00000 00300 .46 .46 .46 .46 .63 .63 .63 .63
65 00300 00300 00000 00300 .46 .46 .46 .46 .63 .63 .63 .63
66 00300 00300 03300 00300 .68 .68 .68 .68 .75 .75 .75 .75
67 00300 00300 03300 00300 .68 .68 .68 .68 .75 .75 .75 .75
68 00300 00300 03300 00300 .68 .68 .68 .68 .75 .75 .75 .75
69 00300 00300 03300 00300 .68 .68 .68 .68 .75 .75 .75 .75
70 00300 00300 03300 00300 .68 .68 .68 .68 .75 .75 .75 .75
71 00300 00300 03300 00300 .68 .68 .68 .68 .75 .75 .75 .75
72 00300 00300 03300 00300 .68 .68 .68 .68 .75 .75 .75 .75
73 00300 00300 03300 00300 .68 .68 .68 .68 .75 .75 .75 .75
74 00300 00300 03300 00300 .68 .68 .68 .68 .75 .75 .75 .75
75 00300 00300 03300 00300 .68 .68 .68 .68 .75 .75 .75 .75
76 00300 00300 03300 00300 .68 .68 .68 .68 .75 .75 .75 .75
77 00300 00300 03300 00300 .68 .68 .68 .68 .75 .75 .75 .75
78 00300 00300 03300 00300 .68 .68 .68 .68 .75 .75 .75 .75
79 00300 00300 03300 00300 .68 .68 .68 .68 .75 .75 .75 .75
80 00300 00300 03300 00300 .68 .68 .68 .68 .75 .75 .75 .75
81 00300 00300 00300 00300 1.00 1.00 1.00 1.00 1.00 1.00 1.00 1.00
82 00300 00300 00300 00300 1.00 1.00 1.00 1.00 1.00 1.00 1.00 1.00
83 00300 00300 00300 00300 1.00 1.00 1.00 1.00 1.00 1.00 1.00 1.00
84 00300 00300 00300 00300 1.00 1.00 1.00 1.00 1.00 1.00 1.00 1.00
85 00300 00300 00300 00300 1.00 1.00 1.00 1.00 1.00 1.00 1.00 1.00
86 00300 00300 00300 00300 1.00 1.00 1.00 1.00 1.00 1.00 1.00 1.00
87 00300 00300 00300 00300 1.00 1.00 1.00 1.00 1.00 1.00 1.00 1.00
88 00300 00300 00300 00300 1.00 1.00 1.00 1.00 1.00 1.00 1.00 1.00
89 00300 00300 00300 00300 1.00 1.00 1.00 1.00 1.00 1.00 1.00 1.00
90 00300 00300 00300 00300 1.00 1.00 1.00 1.00 1.00 1.00 1.00 1.00
91 00300 00300 00300 00300 1.00 1.00 1.00 1.00 1.00 1.00 1.00 1.00
92 00300 00300 00300 00300 1.00 1.00 1.00 1.00 1.00 1.00 1.00 1.00
93 00300 00300 00300 00300 1.00 1.00 1.00 1.00 1.00 1.00 1.00 1.00
94 00300 00300 00300 00300 1.00 1.00 1.00 1.00 1.00 1.00 1.00 1.00
95 00300 00300 00300 00300 1.00 1.00 1.00 1.00 1.00 1.00 1.00 1.00
96 00300 00300 00300 00300 1.00 1.00 1.00 1.00 1.00 1.00 1.00 1.00
97 00300 00300 00300 00300 1.00 1.00 1.00 1.00 1.00 1.00 1.00 1.00
98 00300 00300 00300 00300 1.00 1.00 1.00 1.00 1.00 1.00 1.00 1.00
99 00300 00300 00300 00300 1.00 1.00 1.00 1.00 1.00 1.00 1.00 1.00
100 00300 00300 00300 00300 1.00 1.00 1.00 1.00 1.00 1.00 1.00 1.00
101 00300 00300 00300 00300 1.00 1.00 1.00 1.00 1.00 1.00 1.00 1.00
102 00300 00300 00300 00300 1.00 1.00 1.00 1.00 1.00 1.00 1.00 1.00
103 00300 00300 00300 00300 1.00 1.00 1.00 1.00 1.00 1.00 1.00 1.00
104 00300 00300 00300 00300 1.00 1.00 1.00 1.00 1.00 1.00 1.00 1.00
105 00300 00300 00300 00300 1.00 1.00 1.00 1.00 1.00 1.00 1.00 1.00
106 00300 00300 00300 00300 1.00 1.00 1.00 1.00 1.00 1.00 1.00 1.00
107 00300 00300 00300 00300 1.00 1.00 1.00 1.00 1.00 1.00 1.00 1.00
108 00300 00300 00300 00300 1.00 1.00 1.00 1.00 1.00 1.00 1.00 1.00
109 00300 00300 00300 00300 1.00 1.00 1.00 1.00 1.00 1.00 1.00 1.00
110 00300 00300 00300 00300 1.00 1.00 1.00 1.00 1.00 1.00 1.00 1.00
111 00300 00300 00300 00300 1.00 1.00 1.00 1.00 1.00 1.00 1.00 1.00
112 00300 00300 00300 00300 1.00 1.00 1.00 1.00 1.00 1.00 1.00 1.00
113 00300 00300 00300 00300 1.00 1.00 1.00 1.00 1.00 1.00 1.00 1.00
114 00300 00300 00300 00300 1.00 1.00 1.00 1.00 1.00 1.00 1.00 1.00
115 00300 00300 00300 00300 1.00 1.00 1.00 1.00 1.00 1.00 1.00 1.00
116 00300 00300 00300 00300 1.00 1.00 1.00 1.00 1.00 1.00 1.00 1.00
117 00300 00300 00300 00300 1.00 1.00 1.00 1.00 1.00 1.00 1.00 1.00
118 00300 00300 00300 00300 1.00 1.00 1.00 1.00 1.00 1.00 1.00 1.00
119 00300 00300 00300 00300 1.00 1.00 1.00 1.00 1.00 1.00 1.00 1.00
120 00300 00300 00300 00300 1.00 1.00 1.00 1.00 1.00 1.00 1.00 1.00
121 00300 00300 00300 00300 1.00 1.00 1.00 1.00 1.00 1.00 1.00 1.00
122 00300 00300 00300 00300 1.00 1.00 1.00 1.00 1.00 1.00 1.00 1.00
123 00300 00300 00300 00300 1.00 1.00 1.00 1.00 1.00 1.00 1.00 1.00
124 00300 00300 00300 00300 1.00 1.00 1.00 1.00 1.00 1.00 1.00 1.00
125 00300 00300 00300 00300 1.00 1.00 1.00 1.00 1.00 1.00 1.00 1.00
126 00300 00300 00300 00300 1.00 1.00 1.00 1.00 1.00 1.00 1.00 1.00
127 00300 00300 00300 00300 1.00 1.00 1.00 1.00 1.00 1.00 1.00 1.00
128 00300 00300 00300 00300 1.00 1.00 1.00 1.00 1.00 1.00 1.00 1.00
129 00300 00300 00300 00300 1.00 1.00 1.00 1.00 1.00 1.00 1.00 1.00
130 00300 00300 00300 00300 1.00 1.00 1.00 1.00 1.00 1.00 1.00 1.00
131 00300 00300 00300 00300 1.00 1.00 1.00 1.00 1.00 1.00 1.00 1.00
132 00300 00300 00300 00300 1.00 1.00 1.00 1.00 1.00 1.00 1.00 1.00
133 00300 00300 00300 00300 1.00 1.00 1.00 1.00 1.00 1.00 1.00 1.00
134 00300 00300 00300 00300 1.00 1.00 1.00 1.00 1.00 1.00 1.00 1.00
135 00300 00300 00300 00300 1.00 1.00 1.00 1.00 1.00 1.00 1.00 1.00
136 00300 00300 00300 00300 1.00 1.00 1.00 1.00 1.00 1.00 1.00 1.00
137 00300 00300 00300 00300 1.00 1.00 1.00 1.00 1.00 1.00 1.00 1.00
138 00300 00300 00300 00300 1.00 1.00 1.00 1.00 1.00 1.00 1.00 1.00
139 00300 00300 00300 00300 1.00 1.00 1.00 1.00 1.00 1.00 1.00 1.00
140 00300 00300 00300 00300 1.00 1.00 1.00 1.00 1.00 1.00 1.00 1.00
141 00300 00300 00300 00300 1.00 1.00 1.00 1.00 1.00 1.00 1.00 1.00
142 00300 00300 00300 00300 1.00 1.00 1.00 1.00 1.00 1.00 1.00 1.00
143 00300 00300 00300 00300 1.00 1.00 1.00 1.00 1.00 1.00 1.00 1.00
144 00300 00300 00300 00300 1.00 1.00 1.00 1.00 1.00 1.00 1.00 1.00
145 00300 00300 03300 00300 .68 .68 .68 .68 .75 .75 .75 .75
146 00300 00300 03300 00300 .68 .68 .68 .68 .75 .75 .75 .75
147 00300 00300 03300 00300 .68 .68 .68 .68 .75 .75 .75 .75
148 00300 00300 03300 00300 .68 .68 .68 .68 .75 .75 .75 .75
149 00300 00300 03300 00300 .68 .68 .68 .68 .75 .75 .75 .75
150 00300 00300 03300 00300 .68 .68 .68 .68 .75 .75 .75 .75
151 00300 00300 03300 00300 .68 .68 .68 .68 .75 .75 .75 .75
152 00300 00300 03300 00300 .68 .68 .68 .68 .75 .75 .75 .75
153 00300 00300 03300 00300 .68 .68 .68 .68 .75 .75 .75 .75
154 00300 00300 03300 00300 .68 .68 .68 .68 .75 .75 .75 .75
155 00300 00300 03300 00300 .68 .68 .68 .68 .75 .75 .75 .75
156 00300 00300 03300 00300 .68 .68 .68 .68 .75 .75 .75 .75
157 00300 00300 03300 00300 .68 .68 .68 .68 .75 .75 .75 .75
158 00300 00300 03300 00300 .68 .68 .68 .68 .75 .75 .75 .75
159 00300 00300 03300 00300 .68 .68 .68 .68 .75 .75 .75 .75
160 03300 00300 03300 03300 .72 .72 .72 .72 .79 .79 .79 .79
161 03300 00300 03300 03300 .72 .72 .72 .72 .79 .79 .79 .79
162 03300 00300 03300 03300 .72 .72 .72 .72 .79 .79 .79 .79
163 03300 00300 03300 03300 .72 .72 .72 .72 .79 .79 .79 .79
164 03300 00300 03300 03300 .72 .72 .72 .72 .79 .79 .79 .79
165 03300 00300 03300 03300 .72 .72 .72 .72 .79 .79 .79 .79
166 03300 00300 03300 03300 .72 .72 .72 .72 .79 .79 .79 .79
167 03300 00300 03300 03300 .72 .72 .72 .72 .79 .79 .79 .79
168 03300 00300 03300 03300 .72 .72 .72 .72 .79 .79 .79 .79
169 03300 00300 03300 03300 .72 .72 .72 .72 .79 .79 .79 .79
170 03300 00300 03300 03300 .72 .72 .72 .72 .79 .79 .79 .79
171 03300 00300 03300 03300 .72 .72 .72 .72 .79 .79 .79 .79
172 03300 00300 03300 03300 .72 .72 .72 .72 .79 .79 .79 .79
173 03300 00300 03300 03300 .72 .72 .72 .72 .79 .79 .79 .79
174 03300 00300 03300 03300 .72 .72 .72 .72 .79 .79 .79 .79
175 03300 00300 03300 03300 .72 .72 .72 .72 .79 .79 .79 .79
176 03300 00300 03300 03300 .72 .72 .72 .72 .79 .79 .79 .79
177 03300 00300 03300 03300 .72 .72 .72 .72 .79 .79 .79 .79
178 03300 00300 03300 03300 .72 .72 .72 .72 .79 .79 .79 .79
179 03300 00300 03300 03300 .72 .72 .72 .72 .79 .79 .79 .79
180 03300 00300 03300 03300 .72 .72 .72 .72 .79 .79 .79 .79
181 03300 00300 03300 03300 .72 .72 .72 .72 .79 .79 .79 .79
182 03300 00300 03300 03300 .72 .72 .72 .72 .79 .79 .79 .79
183 03300 00300 03300 03300 .72 .72 .72 .72 .79 .79 .79 .79
184 03300 00300 03300 03300 .72 .72 .72 .72 .79 .79 .79 .79
185 03300 00300 03300 03300 .72 .72 .72 .72 .79 .79 .79 .79
186 03300 00300 03300 03300 .72 .72 .72 .72 .79 .79 .79 .79
187 03300 00300 03300 03300 .72 .72 .72 .72 .79 .79 .79 .79
188 03300 00300 03300 03300 .72 .72 .72 .72 .79 .79 .79 .79
189 03300 00300 03300 03300 .72 .72 .72 .72 .79 .79 .79 .79
190 00300 00300 03300 00300 .68 .68 .68 .68 .75 .75 .75 .75
191 00300 00300 03300 00300 .68 .68 .68 .68 .75 .75 .75 .75
192 00300 00300 03300 00300 .68 .68 .68 .68 .75 .75 .75 .75
193 00300 00300 03300 00300 .68 .68 .68 .68 .75 .75 .75 .75
194 00300 00300 03300 00300 .68 .68 .68 .68 .75 .75 .75 .75
195 00300 00300 03300 00300 .68 .68 .68 .68 .75 .75 .75 .75
196 00300 00300 03300 00300 .68 .68 .68 .68 .75 .75 .75 .75
197 00300 00300 03300 00300 .68 .68 .68 .68 .75 .75 .75 .75
198 00300 00300 03300 00300 .68 .68 .68 .68 .75 .75 .75 .75
199 00300 00300 03300 00300 .68 .68 .68 .68 .75 .75 .75 .75
200 00300 00300 03300 00300 .68 .68 .68 .68 .75 .75 .75 .75
201 00300 00300 03300 00300 .68 .68 .68 .68 .75 .75 .75 .75
202 00300 00300 03300 00300 .68 .68 .68 .68 .75 .75 .75 .75
203 00300 00300 03300 00300 .68 .68 .68 .68 .75 .75 .75 .75
204 00300 00300 03300 00300 .68 .68 .68 .68 .75 .75 .75 .75
205 00300 00300 03300 00300 .68 .68 .68 .68 .75 .75 .75 .75
206 00300 00300 03300 00300 .68 .68 .68 .68 .75 .75 .75 .75
207 00300 00300 03300 00300 .68 .68 .68 .68 .75 .75 .75 .75
208 00300 00300 03300 00300 .68 .68 .68 .68 .75 .75 .75 .75
209 00300 00300 03300 00300 .68 .68 .68 .68 .75 .75 .75 .75
210 00300 00300 03300 00300 .68 .68 .68 .68 .75 .75 .75 .75
211 00300 00300 03300 00300 .68 .68 .68 .68 .75 .75 .75 .75
212 00300 00300 03300 00300 .68 .68 .68 .68 .75 .75 .75 .75
213 00300 00300 03300 00300 .68 .68 .68 .68 .75 .75 .75 .75
214 00300 00300 03300 00300 .68 .68 .68 .68 .75 .75 .75 .75
215 00300 00300 03300 00300 .68 .68 .68 .68 .75 .75 .75 .75
216 00300 00300 03300 00300 .68 .68 .68 .68 .75 .75 .75 .75
217 00300 00300 03300 00300 .68 .68 .68 .68 .75 .75 .75 .75
218 00300 00300 03300 00300 .68 .68 .68 .68 .75 .75 .75 .75
219 00300 00300 03300 00300 .68 .68 .68 .68 .75 .75 .75 .75
220 00300 00300 30300 00300 .68 .68 .68 .68 .75 .75 .75 .75
221 00300 00300 30300 00300 .68 .68 .68 .68 .75 .75 .75 .75
222 00300 00300 30300 00300 .68 .68 .68 .68 .75 .75 .75 .75
223 00300 00300 30300 00300 .68 .68 .68 .68 .75 .75 .75 .75
224 00300 00300 30300 00300 .68 .68 .68 .68 .75 .75 .75 .75
225 00300 00300 30300 00300 .68 .68 .68 .68 .75 .75 .75 .75
226 00300 00300 30300 00300 .68 .68 .68 .68 .75 .75 .75 .75
227 00300 00300 30300 00300 .68 .68 .68 .68 .75 .75 .75 .75
228 00300 00300 30300 00300 .68 .68 .68 .68 .75 .75 .75 .75
229 00300 00300 30300 00300 .68 .68 .68 .68 .75 .75 .75 .75
230 00300 30300 30300 30300 .72 .72 .72 .72 .79 .79 .79 .79
231 00300 30300 30300 30300 .72 .72 .72 .72 .79 .79 .79 .79
232 00300 30300 30300 30300 .72 .72 .72 .72 .79 .79 .79 .79
233 00300 30300 30300 30300 .72 .72 .72 .72 .79 .79 .79 .79
234 00300 30300 30300 30300 .72 .72 .72 .72 .79 .79 .79 .79
235 00300 30300 00030 00300 .05 .05 .05 .05 .24 .24 .24 .24
236 00300 30300 00030 00300 .05 .05 .05 .05 .24 .24 .24 .24
237 00300 30300 00030 00300 .05 .05 .05 .05 .24 .24 .24 .24
238 00300 30300 00030 00300 .05 .05 .05 .05 .24 .24 .24 .24
239 00300 30300 00030 00300 .05 .05 .05 .05 .24 .24 .24 .24
240 00030 30030 00030 00030 .68 .68 .68 .68 .75 .75 .75 .75
241 00030 30030 00030 00030 .68 .68 .68 .68 .75 .75 .75 .75
242 00030 30030 00030 00030 .68 .68 .68 .68 .75 .75 .75 .75
