0 00000 00000 00000 00000 1.0 1.0 1.0 1.0 1.0 1.0 1.0 1.0
1 00000 00000 03000 00000 1.0 1.0 1.0 1.0 1.0 1.0 1.0 1.0
2 00000 00000 03000 00000 1.0 1.0 1.0 1.0 1.0 1.0 1.0 1.0
3 00000 00000 03000 00000 1.0 1.0 1.0 1.0 1.0 1.0 1.0 1.0
4 00000 00000 03000 00000 1.0 1.0 1.0 1.0 1.0 1.0 1.0 1.0
5 00000 00000 03000 00000 1.0 1.0 1.0 1.0 1.0 1.0 1.0 1.0
6 00000 00000 03000 00000 1.0 1.0 1.0 1.0 1.0 1.0 1.0 1.0
7 00000 00000 03000 00000 1.0 1.0 1.0 1.0 1.0 1.0 1.0 1.0
8 00000 00000 03000 00000 1.0 1.0 1.0 1.0 1.0 1.0 1.0 1.0
9 00000 00000 03000 00000 1.0 1.0 1.0 1.0 1.0 1.0 1.0 1.0
10 00000 00000 03000 00000 1.0 1.0 1.0 1.0 1.0 1.0 1.0 1.0
11 00000 00000 03000 00000 1.0 1.0 1.0 1.0 1.0 1.0 1.0 1.0
12 00000 00000 03000 00000 1.0 1.0 1.0 1.0 1.0 1.0 1.0 1.0
13 00000 00000 03000 00000 1.0 1.0 1.0 1.0 1.0 1.0 1.0 1.0
14 00000 00000 03000 00000 1.0 1.0 1.0 1.0 1.0 1.0 1.0 1.0
15 00000 00000 03000 00000 1.0 1.0 1.0 1.0 1.0 1.0 1.0 1.0
16 00000 00000 03000 00000 1.0 1.0 1.0 1.0 1.0 1.0 1.0 1.0
17 00000 00000 03000 00000 1.0 1.0 1.0 1.0 1.0 1.0 1.0 1.0
18 00000 00000 03000 00000 1.0 1.0 1.0 1.0 1.0 1.0 1.0 1.0
19 00000 00000 03000 00000 1.0 1.0 1.0 1.0 1.0 1.0 1.0 1.0
20 00000 00000 03000 00000 1.0 1.0 1.0 1.0 1.0 1.0 1.0 1.0
21 00000 00000 03000 00000 1.0 1.0 1.0 1.0 1.0 1.0 1.0 1.0
22 00000 00000 03000 00000 1.0 1.0 1.0 1.0 1.0 1.0 1.0 1.0
23 00000 00000 03000 00000 1.0 1.0 1.0 1.0 1.0 1.0 1.0 1.0
24 00000 00000 03000 00000 1.0 1.0 1.0 1.0 1.0 1.0 1.0 1.0
25 00000 00000 03000 00000 1.0 1.0 1.0 1.0 1.0 1.0 1.0 1.0
26 00000 00000 03000 00000 1.0 1.0 1.0 1.0 1.0 1.0 1.0 1.0
27 00000 00000 03000 00000 1.0 1.0 1.0 1.0 1.0 1.0 1.0 1.0
28 00000 00000 03000 00000 1.0 1.0 1.0 1.0 1.0 1.0 1.0 1.0
29 00000 00000 03000 00000 1.0 1.0 1.0 1.0 1.0 1.0 1.0 1.0
30 00000 00000 03000 00000 1.0 1.0 1.0 1.0 1.0 1.0 1.0 1.0
31 00000 00000 03000 00000 1.0 1.0 1.0 1.0 1.0 1.0 1.0 1.0
32 00000 00000 03000 00000 1.0 1.0 1.0 1.0 1.0 1.0 1.0 1.0
33 00000 00000 03000 00000 1.0 1.0 1.0 1.0 1.0 1.0 1.0 1.0
34 00000 00000 03000 00000 1.0 1.0 1.0 1.0 1.0 1.0 1.0 1.0
35 00000 00000 03000 00000 1.0 1.0 1.0 1.0 1.0 1.0 1.0 1.0
36 00000 00000 03000 00000 1.0 1.0 1.0 1.0 1.0 1.0 1.0 1.0
37 00000 00000 03000 00000 1.0 1.0 1.0 1.0 1.0 1.0 1.0 1.0
38 00000 00000 03000 00000 1.0 1.0 1.0 1.0 1.0 1.0 1.0 1.0
39 00000 00000 03000 00000 1.0 1.0 1.0 1.0 1.0 1.0 1.0 1.0
40 03000 30000 03000 03000 .22 .22 .22 .22 .41 .41 .41 .41
41 03000 30000 03000 03000 .22 .22 .22 .22 .41 .41 .41 .41
42 03000 30000 03000 03000 .22 .22 .22 .22 .41 .41 .41 .41
43 03000 30000 03000 03000 .22 .22 .22 .22 .41 .41 .41 .41
44 03000 30000 03000 03000 .22 .22 .22 .22 .41 .41 .41 .41
45 03000 30000 03000 03000 .22 .22 .22 .22 .41 .41 .41 .41
46 03000 30000 03000 03000 .22 .22 .22 .22 .41 .41 .41 .41
47 03000 30000 03000 03000 .22 .22 .22 .22 .41 .41 .41 .41
48 03000 30000 03000 03000 .22 .22 .22 .22 .41 .41 .41 .41
49 03000 30000 03000 03000 .22 .22 .22 .22 .41 .41 .41 .41
50 30000 30000 03000 30000 .22 .22 .22 .22 .41 .41 .41 .41
51 30000 30000 03000 30000 .22 .22 .22 .22 .41 .41 .41 .41
52 30000 30000 03000 30000 .22 .22 .22 .22 .41 .41 .41 .41
53 30000 30000 03000 30000 .22 .22 .22 .22 .41 .41 .41 .41
54 30000 30000 03000 30000 .22 .22 .22 .22 .41 .41 .41 .41
55 30000 30000 03000 30000 .22 .22 .22 .22 .41 .41 .41 .41
56 30000 30000 03000 30000 .22 .22 .22 .22 .41 .41 .41 .41
57 30000 30000 03000 30000 .22 .22 .22 .22 .41 .41 .41 .41
58 30000 30000 03000 30000 .22 .22 .22 .22 .41 .41 .41 .41
59 30000 30000 03000 30000 .22 .22 .22 .22 .41 .41 .41 .41
60 30000 30000 03000 30000 .22 .22 .22 .22 .41 .41 .41 .41
61 30000 30000 00000 30000 .46 .46 .46 .46 .63 .63 .63 .63
62 30000 30000 00000 30000 .46 .46 .46 .46 .63 .63 .63 .63
63 30000 30000 00000 30000 .46 .46 .46 .46 .63 .63 .63 .63
64 30000 30000 00000 30000 .46 .46 .46 .46 .63 .63 .63 .63
65 30000 30000 00000 30000 .46 .46 .46 .46 .63 .63 .63 .63
66 30000 30000 00000 30000 .46 .46 .46 .46 .63 .63 .63 .63
67 30000 30000 00000 30000 .46 .46 .46 .46 .63 .63 .63 .63
68 30000 30000 00000 30000 .46 .46 .46 .46 .63 .63 .63 .63
69 30000 30000 00000 30000 .46 .46 .46 .46 .63 .63 .63 .63
70 30000 30000 00000 30000 .46 .46 .46 .46 .63 .63 .63 .63
71 30000 30000 00000 30000 .46 .46 .46 .46 .63 .63 .63 .63
72 30000 30000 00000 30000 .46 .46 .46 .46 .63 .63 .63 .63
73 30000 30000 00000 30000 .46 .46 .46 .46 .63 .63 .63 .63
74 30000 30000 00000 30000 .46 .46 .46 .46 .63 .63 .63 .63
75 30000 30000 00000 30000 .46 .46 .46 .46 .63 .63 .63 .63
76 30000 30000 03000 30000 .22 .22 .22 .22 .41 .41 .41 .41
77 30000 30000 03000 30000 .22 .22 .22 .22 .41 .41 .41 .41
78 30000 30000 03000 30000 .22 .22 .22 .22 .41 .41 .41 .41
79 30000 30000 03000 30000 .22 .22 .22 .22 .41 .41 .41 .41
80 30000 30000 03000 30000 .22 .22 .22 .22 .41 .41 .41 .41
81 30000 30000 03000 30000 .22 .22 .22 .22 .41 .41 .41 .41
82 30000 30000 03000 30000 .22 .22 .22 .22 .41 .41 .41 .41
83 30000 30000 03000 30000 .22 .22 .22 .22 .41 .41 .41 .41
84 30000 30000 03000 30000 .22 .22 .22 .22 .41 .41 .41 .41
85 30000 30000 03000 30000 .22 .22 .22 .22 .41 .41 .41 .41
86 30000 30000 03000 30000 .22 .22 .22 .22 .41 .41 .41 .41
87 30000 30000 03000 30000 .22 .22 .22 .22 .41 .41 .41 .41
88 30000 30000 03000 30000 .22 .22 .22 .22 .41 .41 .41 .41
89 30000 30000 03000 30000 .22 .22 .22 .22 .41 .41 .41 .41
90 30000 30000 03000 30000 .22 .22 .22 .22 .41 .41 .41 .41
91 30000 30000 03030 30000 .05 .05 .05 .05 .24 .24 .24 .24
92 30000 30000 03030 30000 .05 .05 .05 .05 .24 .24 .24 .24
93 30000 30000 03030 30000 .05 .05 .05 .05 .24 .24 .24 .24
94 30000 30000 03030 30000 .05 .05 .05 .05 .24 .24 .24 .24
95 30000 30000 03030 30000 .05 .05 .05 .05 .24 .24 .24 .24
96 30000 30000 03030 30000 .05 .05 .05 .05 .24 .24 .24 .24
97 30000 30000 03030 30000 .05 .05 .05 .05 .24 .24 .24 .24
98 30000 30000 03030 30000 .05 .05 .05 .05 .24 .24 .24 .24
99 30000 30000 03030 30000 .05 .05 .05 .05 .24 .24 .24 .24
100 30000 30000 03030 30000 .05 .05 .05 .05 .24 .24 .24 .24
101 30000 30000 03030 30000 .05 .05 .05 .05 .24 .24 .24 .24
102 30000 30000 03030 30000 .05 .05 .05 .05 .24 .24 .24 .24
103 30000 30000 03030 30000 .05 .05 .05 .05 .24 .24 .24 .24
104 30000 30000 03030 30000 .05 .05 .05 .05 .24 .24 .24 .24
105 30000 30000 03030 30000 .05 .05 .05 .05 .24 .24 .24 .24
106 30000 30000 03000 30000 .22 .22 .22 .22 .41 .41 .41 .41
107 30000 30000 03000 30000 .22 .22 .22 .22 .41 .41 .41 .41
108 30000 30000 03000 30000 .22 .22 .22 .22 .41 .41 .41 .41
109 30000 30000 03000 30000 .22 .22 .22 .22 .41 .41 .41 .41
110 30000 30000 03000 30000 .22 .22 .22 .22 .41 .41 .41 .41
111 30000 30000 03000 30000 .22 .22 .22 .22 .41 .41 .41 .41
112 30000 30000 03000 30000 .22 .22 .22 .22 .41 .41 .41 .41
113 30000 30000 03000 30000 .22 .22 .22 .22 .41 .41 .41 .41
114 30000 30000 03000 30000 .22 .22 .22 .22 .41 .41 .41 .41
115 30000 30000 03000 30000 .22 .22 .22 .22 .41 .41 .41 .41
116 30000 30000 03000 30000 .22 .22 .22 .22 .41 .41 .41 .41
117 30000 30000 03000 30000 .22 .22 .22 .22 .41 .41 .41 .41
118 30000 30000 03000 30000 .22 .22 .22 .22 .41 .41 .41 .41
119 30000 30000 03000 30000 .22 .22 .22 .22 .41 .41 .41 .41
120 30000 30000 03000 30000 .22 .22 .22 .22 .41 .41 .41 .41
121 30000 30000 03030 30000 .05 .05 .05 .05 .24 .24 .24 .24
122 30000 30000 03030 30000 .05 .05 .05 .05 .24 .24 .24 .24
123 30000 30000 03030 30000 .05 .05 .05 .05 .24 .24 .24 .24
124 30000 30000 03030 30000 .05 .05 .05 .05 .24 .24 .24 .24
125 30000 30000 03030 30000 .05 .05 .05 .05 .24 .24 .24 .24
126 30000 30000 03030 30000 .05 .05 .05 .05 .24 .24 .24 .24
127 30000 30000 03030 30000 .05 .05 .05 .05 .24 .24 .24 .24
128 30000 30000 03030 30000 .05 .05 .05 .05 .24 .24 .24 .24
129 30000 30000 03030 30000 .05 .05 .05 .05 .24 .24 .24 .24
130 30300 30300 03030 30300 -0.04 -0.04 -0.04 -0.04 .21 .21 .21 .21
131 30300 30300 03030 30300 -0.04 -0.04 -0.04 -0.04 .21 .21 .21 .21
132 30300 30300 03030 30300 -0.04 -0.04 -0.04 -0.04 .21 .21 .21 .21
133 30300 30300 03030 30300 -0.04 -0.04 -0.04 -0.04 .21 .21 .21 .21
134 30300 30300 03030 30300 -0.04 -0.04 -0.04 -0.04 .21 .21 .21 .21
135 30300 30300 03030 30300 -0.04 -0.04 -0.04 -0.04 .21 .21 .21 .21
136 30300 30300 03300 30300 .48 .48 .48 .48 .60 .60 .60 .60
137 30300 30300 03300 30300 .48 .48 .48 .48 .60 .60 .60 .60
138 30300 30300 03300 30300 .48 .48 .48 .48 .60 .60 .60 .60
139 30300 30300 03300 30300 .48 .48 .48 .48 .60 .60 .60 .60
140 00300 00300 03300 00300 .68 .68 .68 .68 .75 .75 .75 .75
141 00300 00300 03300 00300 .68 .68 .68 .68 .75 .75 .75 .75
142 00300 00300 03300 00300 .68 .68 .68 .68 .75 .75 .75 .75
143 00300 00300 03300 00300 .68 .68 .68 .68 .75 .75 .75 .75
144 00300 00300 03300 00300 .68 .68 .68 .68 .75 .75 .75 .75
145 00300 00300 03300 00300 .68 .68 .68 .68 .75 .75 .75 .75
146 00300 00300 03300 00300 .68 .68 .68 .68 .75 .75 .75 .75
147 00300 00300 03300 00300 .68 .68 .68 .68 .75 .75 .75 .75
148 00300 00300 03300 00300 .68 .68 .68 .68 .75 .75 .75 .75
149 00300 00300 03300 00300 .68 .68 .68 .68 .75 .75 .75 .75
150 00300 00300 03300 00300 .68 .68 .68 .68 .75 .75 .75 .75
151 00300 00300 00300 00300 1.00 1.00 1.00 1.00 1.00 1.00 1.00 1.00
152 00300 00300 00300 00300 1.00 1.00 1.00 1.00 1.00 1.00 1.00 1.00
153 00300 00300 00300 00300 1.00 1.00 1.00 1.00 1.00 1.00 1.00 1.00
154 00300 00300 00300 00300 1.00 1.00 1.00 1.00 1.00 1.00 1.00 1.00
155 00300 00300 00300 00300 1.00 1.00 1.00 1.00 1.00 1.00 1.00 1.00
156 00300 00300 00300 00300 1.00 1.00 1.00 1.00 1.00 1.00 1.00 1.00
157 00300 00300 00300 00300 1.00 1.00 1.00 1.00 1.00 1.00 1.00 1.00
158 00300 00300 00300 00300 1.00 1.00 1.00 1.00 1.00 1.00 1.00 1.00
159 00300 00300 00300 00300 1.00 1.00 1.00 1.00 1.00 1.00 1.00 1.00
160 00300 00300 00300 00300 1.00 1.00 1.00 1.00 1.00 1.00 1.00 1.00
161 00300 00300 00300 00300 1.00 1.00 1.00 1.00 1.00 1.00 1.00 1.00
162 00300 00300 00300 00300 1.00 1.00 1.00 1.00 1.00 1.00 1.00 1.00
163 00300 00300 00300 00300 1.00 1.00 1.00 1.00 1.00 1.00 1.00 1.00
164 00300 00300 00300 00300 1.00 1.00 1.00 1.00 1.00 1.00 1.00 1.00
165 00300 00300 00300 00300 1.00 1.00 1.00 1.00 1.00 1.00 1.00 1.00
166 00300 00300 03300 00300 .68 .68 .68 .68 .75 .75 .75 .75
167 00300 00300 03300 00300 .68 .68 .68 .68 .75 .75 .75 .75
168 00300 00300 03300 00300 .68 .68 .68 .68 .75 .75 .75 .75
169 00300 00300 03300 00300 .68 .68 .68 .68 .75 .75 .75 .75
170 00300 00300 03300 00300 .68 .68 .68 .68 .75 .75 .75 .75
171 00300 00300 03300 00300 .68 .68 .68 .68 .75 .75 .75 .75
172 00300 00300 03300 00300 .68 .68 .68 .68 .75 .75 .75 .75
173 00300 00300 03300 00300 .68 .68 .68 .68 .75 .75 .75 .75
174 00300 00300 03300 00300 .68 .68 .68 .68 .75 .75 .75 .75
175 00300 00300 03300 00300 .68 .68 .68 .68 .75 .75 .75 .75
176 00300 00300 03300 00300 .68 .68 .68 .68 .75 .75 .75 .75
177 00300 00300 03300 00300 .68 .68 .68 .68 .75 .75 .75 .75
178 00300 00300 03300 00300 .68 .68 .68 .68 .75 .75 .75 .75
179 00300 00300 03300 00300 .68 .68 .68 .68 .75 .75 .75 .75
180 00300 00300 03300 00300 .68 .68 .68 .68 .75 .75 .75 .75
181 00300 00300 00030 00300 .22 .22 .22 .22 .41 .41 .41 .41
182 00300 00300 00030 00300 .22 .22 .22 .22 .41 .41 .41 .41
183 00300 00300 00030 00300 .22 .22 .22 .22 .41 .41 .41 .41
184 00300 00300 00030 00300 .22 .22 .22 .22 .41 .41 .41 .41
185 00300 00300 00030 00300 .22 .22 .22 .22 .41 .41 .41 .41
186 00300 00300 00030 00300 .22 .22 .22 .22 .41 .41 .41 .41
187 00300 00300 00030 00300 .22 .22 .22 .22 .41 .41 .41 .41
188 00300 00300 00030 00300 .22 .22 .22 .22 .41 .41 .41 .41
189 00300 00300 00030 00300 .22 .22 .22 .22 .41 .41 .41 .41
190 00300 00300 00030 00300 .22 .22 .22 .22 .41 .41 .41 .41
191 00300 00300 00030 00300 .22 .22 .22 .22 .41 .41 .41 .41
192 00300 00300 00030 00300 .22 .22 .22 .22 .41 .41 .41 .41
193 00300 00300 00030 00300 .22 .22 .22 .22 .41 .41 .41 .41
194 00300 00300 00030 00300 .22 .22 .22 .22 .41 .41 .41 .41
195 00300 00300 00030 00300 .22 .22 .22 .22 .41 .41 .41 .41
196 00300 00300 00030 00300 .22 .22 .22 .22 .41 .41 .41 .41
197 00300 00300 00030 00300 .22 .22 .22 .22 .41 .41 .41 .41
198 00300 00300 00030 00300 .22 .22 .22 .22 .41 .41 .41 .41
199 00300 00300 00030 00300 .22 .22 .22 .22 .41 .41 .41 .41
200 00300 00300 00030 00300 .22 .22 .22 .22 .41 .41 .41 .41
201 00300 00300 00030 00300 .22 .22 .22 .22 .41 .41 .41 .41
202 00300 00300 00030 00300 .22 .22 .22 .22 .41 .41 .41 .41
203 00300 00300 00030 00300 .22 .22 .22 .22 .41 .41 .41 .41
204 00300 00300 00030 00300 .22 .22 .22 .22 .41 .41 .41 .41
205 00300 00300 00030 00300 .22 .22 .22 .22 .41 .41 .41 .41
206 00300 00300 00030 00300 .22 .22 .22 .22 .41 .41 .41 .41
207 00300 00300 00030 00300 .22 .22 .22 .22 .41 .41 .41 .41
208 00300 00300 00030 00300 .22 .22 .22 .22 .41 .41 .41 .41
209 00300 00300 00030 00300 .22 .22 .22 .22 .41 .41 .41 .41
210 00300 00300 00030 00300 .22 .22 .22 .22 .41 .41 .41 .41
211 00300 00300 00030 00300 .22 .22 .22 .22 .41 .41 .41 .41
212 00300 00300 00030 00300 .22 .22 .22 .22 .41 .41 .41 .41
213 00300 00300 00030 00300 .22 .22 .22 .22 .41 .41 .41 .41
214 00300 00300 00030 00300 .22 .22 .22 .22 .41 .41 .41 .41
215 00300 00300 00030 00300 .22 .22 .22 .22 .41 .41 .41 .41
216 00300 00300 00030 00300 .22 .22 .22 .22 .41 .41 .41 .41
217 00300 00300 00030 00300 .22 .22 .22 .22 .41 .41 .41 .41
218 00300 00300 00030 00300 .22 .22 .22 .22 .41 .41 .41 .41
219 00300 00300 00030 00300 .22 .22 .22 .22 .41 .41 .41 .41
220 30300 00300 00030 00300 .05 .05 .05 .05 .24 .24 .24 .24
221 30300 00300 00030 00300 .05 .05 .05 .05 .24 .24 .24 .24
222 30300 00300 00030 00300 .05 .05 .05 .05 .24 .24 .24 .24
223 30300 00300 00030 00300 .05 .05 .05 .05 .24 .24 .24 .24
224 30300 00300 00030 00300 .05 .05 .05 .05 .24 .24 .24 .24
225 30300 00300 00030 00300 .05 .05 .05 .05 .24 .24 .24 .24
226 30300 00300 00030 00300 .05 .05 .05 .05 .24 .24 .24 .24
227 30300 00300 00030 00300 .05 .05 .05 .05 .24 .24 .24 .24
228 30300 00300 00030 00300 .05 .05 .05 .05 .24 .24 .24 .24
