0 00000 00000 00000 00000 1.0 1.0 1.0 1.0 1.0 1.0 1.0 1.0
1 00000 00000 00000 00000 1.0 1.0 1.0 1.0 1.0 1.0 1.0 1.0
2 00000 00000 00000 00000 1.0 1.0 1.0 1.0 1.0 1.0 1.0 1.0
3 00000 00000 00000 00000 1.0 1.0 1.0 1.0 1.0 1.0 1.0 1.0
4 00000 00000 00000 00000 1.0 1.0 1.0 1.0 1.0 1.0 1.0 1.0
5 00000 00000 00000 00000 1.0 1.0 1.0 1.0 1.0 1.0 1.0 1.0
6 00000 00000 00000 00000 1.0 1.0 1.0 1.0 1.0 1.0 1.0 1.0
7 00000 00000 00000 00000 1.0 1.0 1.0 1.0 1.0 1.0 1.0 1.0
8 00000 00000 00000 00000 1.0 1.0 1.0 1.0 1.0 1.0 1.0 1.0
9 00000 00000 00000 00000 1.0 1.0 1.0 1.0 1.0 1.0 1.0 1.0
10 00000 00000 00000 00000 1.0 1.0 1.0 1.0 1.0 1.0 1.0 1.0
11 00000 00000 00000 00000 1.0 1.0 1.0 1.0 1.0 1.0 1.0 1.0
12 00000 00000 00000 00000 1.0 1.0 1.0 1.0 1.0 1.0 1.0 1.0
13 00000 00000 00000 00000 1.0 1.0 1.0 1.0 1.0 1.0 1.0 1.0
14 00000 00000 00000 00000 1.0 1.0 1.0 1.0 1.0 1.0 1.0 1.0
15 00000 00000 00000 00000 1.0 1.0 1.0 1.0 1.0 1.0 1.0 1.0
16 00000 00000 00000 00000 1.0 1.0 1.0 1.0 1.0 1.0 1.0 1.0
17 00000 00000 00000 00000 1.0 1.0 1.0 1.0 1.0 1.0 1.0 1.0
18 00000 00000 00000 00000 1.0 1.0 1.0 1.0 1.0 1.0 1.0 1.0
19 00000 00000 00000 00000 1.0 1.0 1.0 1.0 1.0 1.0 1.0 1.0
20 00000 00000 00000 00000 1.0 1.0 1.0 1.0 1.0 1.0 1.0 1.0
21 00000 00000 00000 00000 1.0 1.0 1.0 1.0 1.0 1.0 1.0 1.0
22 00000 00000 00000 00000 1.0 1.0 1.0 1.0 1.0 1.0 1.0 1.0
23 00000 00000 00000 00000 1.0 1.0 1.0 1.0 1.0 1.0 1.0 1.0
24 00000 00000 00000 00000 1.0 1.0 1.0 1.0 1.0 1.0 1.0 1.0
25 00000 00000 00000 00000 1.0 1.0 1.0 1.0 1.0 1.0 1.0 1.0
26 00000 00000 00000 00000 1.0 1.0 1.0 1.0 1.0 1.0 1.0 1.0
27 00000 00000 00000 00000 1.0 1.0 1.0 1.0 1.0 1.0 1.0 1.0
28 00000 00000 00000 00000 1.0 1.0 1.0 1.0 1.0 1.0 1.0 1.0
29 00000 00000 00000 00000 1.0 1.0 1.0 1.0 1.0 1.0 1.0 1.0
30 00000 00000 00000 00000 1.0 1.0 1.0 1.0 1.0 1.0 1.0 1.0
31 00000 00000 00000 00000 1.0 1.0 1.0 1.0 1.0 1.0 1.0 1.0
32 00000 00000 00000 00000 1.0 1.0 1.0 1.0 1.0 1.0 1.0 1.0
33 00000 00000 00000 00000 1.0 1.0 1.0 1.0 1.0 1.0 1.0 1.0
34 00000 00000 00000 00000 1.0 1.0 1.0 1.0 1.0 1.0 1.0 1.0
35 00000 00000 00030 00000 1.0 1.0 1.0 1.0 1.0 1.0 1.0 1.0
36 00000 00000 00030 00000 1.0 1.0 1.0 1.0 1.0 1.0 1.0 1.0
37 00000 00000 00030 00000 1.0 1.0 1.0 1.0 1.0 1.0 1.0 1.0
38 00000 00000 00030 00000 1.0 1.0 1.0 1.0 1.0 1.0 1.0 1.0
39 00000 00000 00030 00000 1.0 1.0 1.0 1.0 1.0 1.0 1.0 1.0
40 00000 00000 00030 00000 1.0 1.0 1.0 1.0 1.0 1.0 1.0 1.0
41 00000 00000 00030 00000 1.0 1.0 1.0 1.0 1.0 1.0 1.0 1.0
42 00000 00000 00030 00000 1.0 1.0 1.0 1.0 1.0 1.0 1.0 1.0
43 00000 00000 00030 00000 1.0 1.0 1.0 1.0 1.0 1.0 1.0 1.0
44 00000 00000 00030 00000 1.0 1.0 1.0 1.0 1.0 1.0 1.0 1.0
45 00000 00000 00030 00000 1.0 1.0 1.0 1.0 1.0 1.0 1.0 1.0
46 00000 00000 00030 00000 1.0 1.0 1.0 1.0 1.0 1.0 1.0 1.0
47 00000 00000 00030 00000 1.0 1.0 1.0 1.0 1.0 1.0 1.0 1.0
48 00000 00000 00030 00000 1.0 1.0 1.0 1.0 1.0 1.0 1.0 1.0
49 00000 00000 00030 00000 1.0 1.0 1.0 1.0 1.0 1.0 1.0 1.0
50 00000 00000 03000 00000 1.0 1.0 1.0 1.0 1.0 1.0 1.0 1.0
51 00000 00000 03000 00000 1.0 1.0 1.0 1.0 1.0 1.0 1.0 1.0
52 00000 00000 03000 00000 1.0 1.0 1.0 1.0 1.0 1.0 1.0 1.0
53 00000 00000 03000 00000 1.0 1.0 1.0 1.0 1.0 1.0 1.0 1.0
54 00000 00000 03000 00000 1.0 1.0 1.0 1.0 1.0 1.0 1.0 1.0
55 00000 00000 03000 00000 1.0 1.0 1.0 1.0 1.0 1.0 1.0 1.0
56 00000 00000 03000 00000 1.0 1.0 1.0 1.0 1.0 1.0 1.0 1.0
57 00000 00000 03000 00000 1.0 1.0 1.0 1.0 1.0 1.0 1.0 1.0
58 00000 00000 03000 00000 1.0 1.0 1.0 1.0 1.0 1.0 1.0 1.0
59 00000 00000 03000 00000 1.0 1.0 1.0 1.0 1.0 1.0 1.0 1.0
60 00000 00000 03000 00000 1.0 1.0 1.0 1.0 1.0 1.0 1.0 1.0
61 00000 00000 03000 00000 1.0 1.0 1.0 1.0 1.0 1.0 1.0 1.0
62 00000 00000 03000 00000 1.0 1.0 1.0 1.0 1.0 1.0 1.0 1.0
63 00000 00000 03000 00000 1.0 1.0 1.0 1.0 1.0 1.0 1.0 1.0
64 00000 00000 03000 00000 1.0 1.0 1.0 1.0 1.0 1.0 1.0 1.0
65 00000 00000 03030 00000 -0.08 -0.08 -0.08 -0.08 -0.06 -0.06 -0.06 -0.06
66 00000 00000 03030 00000 -0.08 -0.08 -0.08 -0.08 -0.06 -0.06 -0.06 -0.06
67 00000 00000 03030 00000 -0.08 -0.08 -0.08 -0.08 -0.06 -0.06 -0.06 -0.06
68 00000 00000 03030 00000 -0.08 -0.08 -0.08 -0.08 -0.06 -0.06 -0.06 -0.06
69 00000 00000 03030 00000 -0.08 -0.08 -0.08 -0.08 -0.06 -0.06 -0.06 -0.06
70 00000 00000 03030 00000 -0.08 -0.08 -0.08 -0.08 -0.06 -0.06 -0.06 -0.06
71 00000 00000 03030 00000 -0.08 -0.08 -0.08 -0.08 -0.06 -0.06 -0.06 -0.06
72 00000 00000 03030 00000 -0.08 -0.08 -0.08 -0.08 -0.06 -0.06 -0.06 -0.06
73 00000 00000 03030 00000 -0.08 -0.08 -0.08 -0.08 -0.06 -0.06 -0.06 -0.06
74 00000 00000 03030 00000 -0.08 -0.08 -0.08 -0.08 -0.06 -0.06 -0.06 -0.06
75 00000 00000 03030 00000 -0.08 -0.08 -0.08 -0.08 -0.06 -0.06 -0.06 -0.06
76 00000 00000 03030 00000 -0.08 -0.08 -0.08 -0.08 -0.06 -0.06 -0.06 -0.06
77 00000 00000 03030 00000 -0.08 -0.08 -0.08 -0.08 -0.06 -0.06 -0.06 -0.06
78 00000 00000 03030 00000 -0.08 -0.08 -0.08 -0.08 -0.06 -0.06 -0.06 -0.06
79 00000 00000 03030 00000 -0.08 -0.08 -0.08 -0.08 -0.06 -0.06 -0.06 -0.06
80 00000 00000 03030 00000 -0.08 -0.08 -0.08 -0.08 -0.06 -0.06 -0.06 -0.06
81 00000 00000 03030 00000 -0.08 -0.08 -0.08 -0.08 -0.06 -0.06 -0.06 -0.06
82 00000 00000 03030 00000 -0.08 -0.08 -0.08 -0.08 -0.06 -0.06 -0.06 -0.06
83 00000 00000 03030 00000 -0.08 -0.08 -0.08 -0.08 -0.06 -0.06 -0.06 -0.06
84 00000 00000 03030 00000 -0.08 -0.08 -0.08 -0.08 -0.06 -0.06 -0.06 -0.06
85 00000 00000 03030 00000 -0.08 -0.08 -0.08 -0.08 -0.06 -0.06 -0.06 -0.06
86 00000 00000 03030 00000 -0.08 -0.08 -0.08 -0.08 -0.06 -0.06 -0.06 -0.06
87 00000 00000 03030 00000 -0.08 -0.08 -0.08 -0.08 -0.06 -0.06 -0.06 -0.06
88 00000 00000 03030 00000 -0.08 -0.08 -0.08 -0.08 -0.06 -0.06 -0.06 -0.06
89 00000 00000 03030 00000 -0.08 -0.08 -0.08 -0.08 -0.06 -0.06 -0.06 -0.06
90 00300 00300 03030 00300 .05 .05 .05 .05 .24 .24 .24 .24
91 00300 00300 03030 00300 .05 .05 .05 .05 .24 .24 .24 .24
92 00300 00300 03300 00300 .68 .68 .68 .68 .75 .75 .75 .75
93 00300 00300 03300 00300 .68 .68 .68 .68 .75 .75 .75 .75
94 00300 00300 03300 00300 .68 .68 .68 .68 .75 .75 .75 .75
95 00300 00300 03300 00300 .68 .68 .68 .68 .75 .75 .75 .75
96 00300 00300 03300 00300 .68 .68 .68 .68 .75 .75 .75 .75
97 00300 00300 03300 00300 .68 .68 .68 .68 .75 .75 .75 .75
98 00300 00300 03300 00300 .68 .68 .68 .68 .75 .75 .75 .75
99 00300 00300 03300 00300 .68 .68 .68 .68 .75 .75 .75 .75
100 00300 00300 03300 00300 .68 .68 .68 .68 .75 .75 .75 .75
101 00300 00300 03300 00300 .68 .68 .68 .68 .75 .75 .75 .75
102 00300 00300 03300 00300 .68 .68 .68 .68 .75 .75 .75 .75
103 00300 00300 03300 00300 .68 .68 .68 .68 .75 .75 .75 .75
104 00300 00300 03300 00300 .68 .68 .68 .68 .75 .75 .75 .75
105 00300 00300 03300 00300 .68 .68 .68 .68 .75 .75 .75 .75
106 00300 00300 03300 00300 .68 .68 .68 .68 .75 .75 .75 .75
107 00300 00300 03300 00300 .68 .68 .68 .68 .75 .75 .75 .75
108 00300 00300 03300 00300 .68 .68 .68 .68 .75 .75 .75 .75
109 00300 00300 03300 00300 .68 .68 .68 .68 .75 .75 .75 .75
110 00300 00300 00300 00300 1.00 1.00 1.00 1.00 1.00 1.00 1.00 1.00
111 00300 00300 00300 00300 1.00 1.00 1.00 1.00 1.00 1.00 1.00 1.00
112 00300 00300 00300 00300 1.00 1.00 1.00 1.00 1.00 1.00 1.00 1.00
113 00300 00300 00300 00300 1.00 1.00 1.00 1.00 1.00 1.00 1.00 1.00
114 00300 00300 00300 00300 1.00 1.00 1.00 1.00 1.00 1.00 1.00 1.00
115 00300 00300 00300 00300 1.00 1.00 1.00 1.00 1.00 1.00 1.00 1.00
116 00300 00300 00300 00300 1.00 1.00 1.00 1.00 1.00 1.00 1.00 1.00
117 00300 00300 00300 00300 1.00 1.00 1.00 1.00 1.00 1.00 1.00 1.00
118 00300 00300 00300 00300 1.00 1.00 1.00 1.00 1.00 1.00 1.00 1.00
119 00300 00300 00300 00300 1.00 1.00 1.00 1.00 1.00 1.00 1.00 1.00
120 00300 00300 00300 00300 1.00 1.00 1.00 1.00 1.00 1.00 1.00 1.00
121 00300 00300 00300 00300 1.00 1.00 1.00 1.00 1.00 1.00 1.00 1.00
122 00300 00300 00300 00300 1.00 1.00 1.00 1.00 1.00 1.00 1.00 1.00
123 00300 00300 00300 00300 1.00 1.00 1.00 1.00 1.00 1.00 1.00 1.00
124 00300 00300 00300 00300 1.00 1.00 1.00 1.00 1.00 1.00 1.00 1.00
125 00300 00300 00300 00300 1.00 1.00 1.00 1.00 1.00 1.00 1.00 1.00
126 00300 00300 00300 00300 1.00 1.00 1.00 1.00 1.00 1.00 1.00 1.00
127 00300 00300 00300 00300 1.00 1.00 1.00 1.00 1.00 1.00 1.00 1.00
128 00300 00300 00300 00300 1.00 1.00 1.00 1.00 1.00 1.00 1.00 1.00
129 00300 00300 00300 00300 1.00 1.00 1.00 1.00 1.00 1.00 1.00 1.00
130 00300 00300 00300 00300 1.00 1.00 1.00 1.00 1.00 1.00 1.00 1.00
131 00300 00300 00300 00300 1.00 1.00 1.00 1.00 1.00 1.00 1.00 1.00
132 00300 00300 00300 00300 1.00 1.00 1.00 1.00 1.00 1.00 1.00 1.00
133 00300 00300 00300 00300 1.00 1.00 1.00 1.00 1.00 1.00 1.00 1.00
134 00300 00300 00300 00300 1.00 1.00 1.00 1.00 1.00 1.00 1.00 1.00
135 00300 00300 00300 00300 1.00 1.00 1.00 1.00 1.00 1.00 1.00 1.00
136 00300 00300 00300 00300 1.00 1.00 1.00 1.00 1.00 1.00 1.00 1.00
137 00300 00300 00300 00300 1.00 1.00 1.00 1.00 1.00 1.00 1.00 1.00
138 00300 00300 00300 00300 1.00 1.00 1.00 1.00 1.00 1.00 1.00 1.00
139 00300 00300 00300 00300 1.00 1.00 1.00 1.00 1.00 1.00 1.00 1.00
140 00300 00300 00300 00300 1.00 1.00 1.00 1.00 1.00 1.00 1.00 1.00
141 00300 00300 00300 00300 1.00 1.00 1.00 1.00 1.00 1.00 1.00 1.00
142 00300 00300 00300 00300 1.00 1.00 1.00 1.00 1.00 1.00 1.00 1.00
143 00300 00300 00300 00300 1.00 1.00 1.00 1.00 1.00 1.00 1.00 1.00
144 00300 00300 00300 00300 1.00 1.00 1.00 1.00 1.00 1.00 1.00 1.00
145 00300 00300 00300 00300 1.00 1.00 1.00 1.00 1.00 1.00 1.00 1.00
146 00300 00300 00300 00300 1.00 1.00 1.00 1.00 1.00 1.00 1.00 1.00
147 00300 00300 00300 00300 1.00 1.00 1.00 1.00 1.00 1.00 1.00 1.00
148 00300 00300 00300 00300 1.00 1.00 1.00 1.00 1.00 1.00 1.00 1.00
149 00300 00300 00300 00300 1.00 1.00 1.00 1.00 1.00 1.00 1.00 1.00
150 00300 00300 00300 00300 1.00 1.00 1.00 1.00 1.00 1.00 1.00 1.00
151 00300 00300 00300 00300 1.00 1.00 1.00 1.00 1.00 1.00 1.00 1.00
152 00300 00300 00300 00300 1.00 1.00 1.00 1.00 1.00 1.00 1.00 1.00
153 00300 00300 00300 00300 1.00 1.00 1.00 1.00 1.00 1.00 1.00 1.00
154 00300 00300 00300 00300 1.00 1.00 1.00 1.00 1.00 1.00 1.00 1.00
155 00300 00300 00300 00300 1.00 1.00 1.00 1.00 1.00 1.00 1.00 1.00
156 00300 00300 00300 00300 1.00 1.00 1.00 1.00 1.00 1.00 1.00 1.00
157 00300 00300 00300 00300 1.00 1.00 1.00 1.00 1.00 1.00 1.00 1.00
158 00300 00300 00300 00300 1.00 1.00 1.00 1.00 1.00 1.00 1.00 1.00
159 00300 00300 00300 00300 1.00 1.00 1.00 1.00 1.00 1.00 1.00 1.00
160 00300 00300 00300 00300 1.00 1.00 1.00 1.00 1.00 1.00 1.00 1.00
161 00300 00300 00300 00300 1.00 1.00 1.00 1.00 1.00 1.00 1.00 1.00
162 00300 00300 00300 00300 1.00 1.00 1.00 1.00 1.00 1.00 1.00 1.00
163 00300 00300 00300 00300 1.00 1.00 1.00 1.00 1.00 1.00 1.00 1.00
164 00300 00300 00300 00300 1.00 1.00 1.00 1.00 1.00 1.00 1.00 1.00
165 00300 00300 00300 00300 1.00 1.00 1.00 1.00 1.00 1.00 1.00 1.00
166 00300 00300 00300 00300 1.00 1.00 1.00 1.00 1.00 1.00 1.00 1.00
167 00300 00300 00300 00300 1.00 1.00 1.00 1.00 1.00 1.00 1.00 1.00
168 00300 00300 00300 00300 1.00 1.00 1.00 1.00 1.00 1.00 1.00 1.00
169 00300 00300 00300 00300 1.00 1.00 1.00 1.00 1.00 1.00 1.00 1.00
170 00300 00300 03300 00300 .68 .68 .68 .68 .75 .75 .75 .75
171 00300 00300 03300 00300 .68 .68 .68 .68 .75 .75 .75 .75
172 00300 00300 03300 00300 .68 .68 .68 .68 .75 .75 .75 .75
173 00300 00300 03300 00300 .68 .68 .68 .68 .75 .75 .75 .75
174 00300 00300 03300 00300 .68 .68 .68 .68 .75 .75 .75 .75
175 00300 00300 03300 00300 .68 .68 .68 .68 .75 .75 .75 .75
176 00300 00300 03300 00300 .68 .68 .68 .68 .75 .75 .75 .75
177 00300 00300 03300 00300 .68 .68 .68 .68 .75 .75 .75 .75
178 00300 00300 03300 00300 .68 .68 .68 .68 .75 .75 .75 .75
179 00300 00300 03300 00300 .68 .68 .68 .68 .75 .75 .75 .75
180 03300 00300 03300 03300 .72 .72 .72 .72 .79 .79 .79 .79
181 03300 00300 03300 03300 .72 .72 .72 .72 .79 .79 .79 .79
182 03300 00300 03300 03300 .72 .72 .72 .72 .79 .79 .79 .79
183 03300 00300 03300 03300 .72 .72 .72 .72 .79 .79 .79 .79
184 03300 00300 03300 03300 .72 .72 .72 .72 .79 .79 .79 .79
185 03300 00300 03300 03300 .72 .72 .72 .72 .79 .79 .79 .79
186 03300 00300 03300 03300 .72 .72 .72 .72 .79 .79 .79 .79
187 03300 00300 03300 03300 .72 .72 .72 .72 .79 .79 .79 .79
188 03300 00300 03300 03300 .72 .72 .72 .72 .79 .79 .79 .79
189 03300 00300 03300 03300 .72 .72 .72 .72 .79 .79 .79 .79
190 03300 00300 03300 03300 .72 .72 .72 .72 .79 .79 .79 .79
191 03300 00300 03300 03300 .72 .72 .72 .72 .79 .79 .79 .79
192 03300 00300 03300 03300 .72 .72 .72 .72 .79 .79 .79 .79
193 03300 00300 03300 03300 .72 .72 .72 .72 .79 .79 .79 .79
194 03300 00300 03300 03300 .72 .72 .72 .72 .79 .79 .79 .79
195 03300 00300 03300 03300 .72 .72 .72 .72 .79 .79 .79 .79
196 03300 00300 03300 03300 .72 .72 .72 .72 .79 .79 .79 .79
197 03300 00300 03300 03300 .72 .72 .72 .72 .79 .79 .79 .79
198 03300 00300 03300 03300 .72 .72 .72 .72 .79 .79 .79 .79
199 03300 00300 03300 03300 .72 .72 .72 .72 .79 .79 .79 .79
200 30300 30300 30030 30300 .48 .48 .48 .48 .60 .60 .60 .60
201 30300 30300 30030 30300 .48 .48 .48 .48 .60 .60 .60 .60
202 30300 30300 30030 30300 .48 .48 .48 .48 .60 .60 .60 .60
203 30300 30300 30030 30300 .48 .48 .48 .48 .60 .60 .60 .60
204 30300 30300 30030 30300 .48 .48 .48 .48 .60 .60 .60 .60
205 30300 30300 30030 30300 .48 .48 .48 .48 .60 .60 .60 .60
206 30300 30300 30030 30300 .48 .48 .48 .48 .60 .60 .60 .60
207 30300 30300 30030 30300 .48 .48 .48 .48 .60 .60 .60 .60
208 30300 30300 30030 30300 .48 .48 .48 .48 .60 .60 .60 .60
209 30300 30300 30030 30300 .48 .48 .48 .48 .60 .60 .60 .60
210 30000 30000 30030 30000 .68 .68 .68 .68 .75 .75 .75 .75
211 30000 30000 30030 30000 .68 .68 .68 .68 .75 .75 .75 .75
212 30000 30000 30030 30000 .68 .68 .68 .68 .75 .75 .75 .75
213 30000 30000 30030 30000 .68 .68 .68 .68 .75 .75 .75 .75
214 30000 30000 30030 30000 .68 .68 .68 .68 .75 .75 .75 .75
215 30000 30000 30030 30000 .68 .68 .68 .68 .75 .75 .75 .75
216 30000 30000 30030 30000 .68 .68 .68 .68 .75 .75 .75 .75
217 30000 30000 30030 30000 .68 .68 .68 .68 .75 .75 .75 .75
218 30000 30000 30030 30000 .68 .68 .68 .68 .75 .75 .75 .75
219 30000 30000 30030 30000 .68 .68 .68 .68 .75 .75 .75 .75
220 30000 30000 30030 30000 .68 .68 .68 .68 .75 .75 .75 .75
221 30000 30000 30030 30000 .68 .68 .68 .68 .75 .75 .75 .75
222 30000 30000 30030 30000 .68 .68 .68 .68 .75 .75 .75 .75
223 30000 30000 30030 30000 .68 .68 .68 .68 .75 .75 .75 .75
224 30000 30000 30030 30000 .68 .68 .68 .68 .75 .75 .75 .75
225 30000 30000 30030 30000 .68 .68 .68 .68 .75 .75 .75 .75
226 30000 30000 30030 30000 .68 .68 .68 .68 .75 .75 .75 .75
227 30000 30000 30030 30000 .68 .68 .68 .68 .75 .75 .75 .75
228 30000 30000 30030 30000 .68 .68 .68 .68 .75 .75 .75 .75
229 30000 30000 30030 30000 .68 .68 .68 .68 .75 .75 .75 .75
230 30000 30000 30000 30000 1.00 1.00 1.00 1.00 1.00 1.00 1.00 1.00
231 30000 30000 30000 30000 1.00 1.00 1.00 1.00 1.00 1.00 1.00 1.00
232 30000 30000 30000 30000 1.00 1.00 1.00 1.00 1.00 1.00 1.00 1.00
233 30000 30000 30000 30000 1.00 1.00 1.00 1.00 1.00 1.00 1.00 1.00
