0 00000 00000 00000 00000 1.0 1.0 1.0 1.0 1.0 1.0 1.0 1.0
1 00000 00000 00000 00000 1.0 1.0 1.0 1.0 1.0 1.0 1.0 1.0
2 00000 00000 00000 00000 1.0 1.0 1.0 1.0 1.0 1.0 1.0 1.0
3 00000 00000 00000 00000 1.0 1.0 1.0 1.0 1.0 1.0 1.0 1.0
4 00000 00000 00000 00000 1.0 1.0 1.0 1.0 1.0 1.0 1.0 1.0
5 00000 00000 00000 00000 1.0 1.0 1.0 1.0 1.0 1.0 1.0 1.0
6 00000 00000 00000 00000 1.0 1.0 1.0 1.0 1.0 1.0 1.0 1.0
7 00000 00000 00000 00000 1.0 1.0 1.0 1.0 1.0 1.0 1.0 1.0
8 00000 00000 00000 00000 1.0 1.0 1.0 1.0 1.0 1.0 1.0 1.0
9 00000 00000 00000 00000 1.0 1.0 1.0 1.0 1.0 1.0 1.0 1.0
10 00000 00000 00000 00000 1.0 1.0 1.0 1.0 1.0 1.0 1.0 1.0
11 00000 00000 00000 00000 1.0 1.0 1.0 1.0 1.0 1.0 1.0 1.0
12 00000 00000 00000 00000 1.0 1.0 1.0 1.0 1.0 1.0 1.0 1.0
13 00000 00000 00000 00000 1.0 1.0 1.0 1.0 1.0 1.0 1.0 1.0
14 00000 00000 00000 00000 1.0 1.0 1.0 1.0 1.0 1.0 1.0 1.0
15 00000 00000 00000 00000 1.0 1.0 1.0 1.0 1.0 1.0 1.0 1.0
16 00000 00000 00000 00000 1.0 1.0 1.0 1.0 1.0 1.0 1.0 1.0
17 00000 00000 00000 00000 1.0 1.0 1.0 1.0 1.0 1.0 1.0 1.0
18 00000 00000 00000 00000 1.0 1.0 1.0 1.0 1.0 1.0 1.0 1.0
19 00000 00000 00000 00000 1.0 1.0 1.0 1.0 1.0 1.0 1.0 1.0
20 00000 00000 00000 00000 1.0 1.0 1.0 1.0 1.0 1.0 1.0 1.0
21 00000 00000 00000 00000 1.0 1.0 1.0 1.0 1.0 1.0 1.0 1.0
22 00000 00000 00000 00000 1.0 1.0 1.0 1.0 1.0 1.0 1.0 1.0
23 00000 00000 00000 00000 1.0 1.0 1.0 1.0 1.0 1.0 1.0 1.0
24 00000 00000 00000 00000 1.0 1.0 1.0 1.0 1.0 1.0 1.0 1.0
25 00000 00000 00000 00000 1.0 1.0 1.0 1.0 1.0 1.0 1.0 1.0
26 00000 00000 00000 00000 1.0 1.0 1.0 1.0 1.0 1.0 1.0 1.0
27 00000 00000 00000 00000 1.0 1.0 1.0 1.0 1.0 1.0 1.0 1.0
28 00000 00000 00030 00000 1.0 1.0 1.0 1.0 1.0 1.0 1.0 1.0
29 00000 00000 00030 00000 1.0 1.0 1.0 1.0 1.0 1.0 1.0 1.0
30 00000 00000 00030 00000 1.0 1.0 1.0 1.0 1.0 1.0 1.0 1.0
31 00000 00000 00030 00000 1.0 1.0 1.0 1.0 1.0 1.0 1.0 1.0
32 00000 00000 00030 00000 1.0 1.0 1.0 1.0 1.0 1.0 1.0 1.0
33 00000 00000 00030 00000 1.0 1.0 1.0 1.0 1.0 1.0 1.0 1.0
34 00000 00000 00030 00000 1.0 1.0 1.0 1.0 1.0 1.0 1.0 1.0
35 00000 00000 00030 00000 1.0 1.0 1.0 1.0 1.0 1.0 1.0 1.0
36 00000 00000 00030 00000 1.0 1.0 1.0 1.0 1.0 1.0 1.0 1.0
37 00000 00000 00030 00000 1.0 1.0 1.0 1.0 1.0 1.0 1.0 1.0
38 00000 00000 00030 00000 1.0 1.0 1.0 1.0 1.0 1.0 1.0 1.0
39 00000 00000 00030 00000 1.0 1.0 1.0 1.0 1.0 1.0 1.0 1.0
40 00000 00000 00030 00000 1.0 1.0 1.0 1.0 1.0 1.0 1.0 1.0
41 00000 00000 00030 00000 1.0 1.0 1.0 1.0 1.0 1.0 1.0 1.0
42 00000 00000 00030 00000 1.0 1.0 1.0 1.0 1.0 1.0 1.0 1.0
43 00000 00000 00030 00000 1.0 1.0 1.0 1.0 1.0 1.0 1.0 1.0
44 00000 00000 00030 00000 1.0 1.0 1.0 1.0 1.0 1.0 1.0 1.0
45 00000 00000 00030 00000 1.0 1.0 1.0 1.0 1.0 1.0 1.0 1.0
46 00000 00000 00030 00000 1.0 1.0 1.0 1.0 1.0 1.0 1.0 1.0
47 00000 00000 00030 00000 1.0 1.0 1.0 1.0 1.0 1.0 1.0 1.0
48 00000 00000 00030 00000 1.0 1.0 1.0 1.0 1.0 1.0 1.0 1.0
49 00000 00000 00030 00000 1.0 1.0 1.0 1.0 1.0 1.0 1.0 1.0
50 00000 00000 00030 00000 1.0 1.0 1.0 1.0 1.0 1.0 1.0 1.0
51 00000 00000 00030 00000 1.0 1.0 1.0 1.0 1.0 1.0 1.0 1.0
52 00000 00000 00030 00000 1.0 1.0 1.0 1.0 1.0 1.0 1.0 1.0
53 00000 00000 00030 00000 1.0 1.0 1.0 1.0 1.0 1.0 1.0 1.0
54 00000 00000 00030 00000 1.0 1.0 1.0 1.0 1.0 1.0 1.0 1.0
55 00000 00000 00030 00000 1.0 1.0 1.0 1.0 1.0 1.0 1.0 1.0
56 00000 00000 00030 00000 1.0 1.0 1.0 1.0 1.0 1.0 1.0 1.0
57 00000 00000 00030 00000 1.0 1.0 1.0 1.0 1.0 1.0 1.0 1.0
58 00000 00000 03030 00000 -0.08 -0.08 -0.08 -0.08 -0.06 -0.06 -0.06 -0.06
59 00000 00000 03030 00000 -0.08 -0.08 -0.08 -0.08 -0.06 -0.06 -0.06 -0.06
60 00000 00000 03030 00000 -0.08 -0.08 -0.08 -0.08 -0.06 -0.06 -0.06 -0.06
61 00000 00000 03030 00000 -0.08 -0.08 -0.08 -0.08 -0.06 -0.06 -0.06 -0.06
62 00000 00000 03030 00000 -0.08 -0.08 -0.08 -0.08 -0.06 -0.06 -0.06 -0.06
63 00000 00000 03030 00000 -0.08 -0.08 -0.08 -0.08 -0.06 -0.06 -0.06 -0.06
64 00000 00000 03030 00000 -0.08 -0.08 -0.08 -0.08 -0.06 -0.06 -0.06 -0.06
65 00000 00000 03030 00000 -0.08 -0.08 -0.08 -0.08 -0.06 -0.06 -0.06 -0.06
66 00000 00000 03030 00000 -0.08 -0.08 -0.08 -0.08 -0.06 -0.06 -0.06 -0.06
67 00000 00000 03030 00000 -0.08 -0.08 -0.08 -0.08 -0.06 -0.06 -0.06 -0.06
68 00000 00000 03030 00000 -0.08 -0.08 -0.08 -0.08 -0.06 -0.06 -0.06 -0.06
69 00000 00000 03030 00000 -0.08 -0.08 -0.08 -0.08 -0.06 -0.06 -0.06 -0.06
70 00000 00000 03030 00000 -0.08 -0.08 -0.08 -0.08 -0.06 -0.06 -0.06 -0.06
71 00000 00000 03030 00000 -0.08 -0.08 -0.08 -0.08 -0.06 -0.06 -0.06 -0.06
72 00000 00000 03030 00000 -0.08 -0.08 -0.08 -0.08 -0.06 -0.06 -0.06 -0.06
73 00000 00000 03030 00000 -0.08 -0.08 -0.08 -0.08 -0.06 -0.06 -0.06 -0.06
74 00000 00000 03030 00000 -0.08 -0.08 -0.08 -0.08 -0.06 -0.06 -0.06 -0.06
75 00000 00000 03030 00000 -0.08 -0.08 -0.08 -0.08 -0.06 -0.06 -0.06 -0.06
76 00000 00000 03030 00000 -0.08 -0.08 -0.08 -0.08 -0.06 -0.06 -0.06 -0.06
77 00000 00000 03030 00000 -0.08 -0.08 -0.08 -0.08 -0.06 -0.06 -0.06 -0.06
78 00000 00000 03030 00000 -0.08 -0.08 -0.08 -0.08 -0.06 -0.06 -0.06 -0.06
79 00000 00000 03030 00000 -0.08 -0.08 -0.08 -0.08 -0.06 -0.06 -0.06 -0.06
80 03000 00000 03030 03000 .22 .22 .22 .22 .41 .41 .41 .41
81 03000 00000 03030 03000 .22 .22 .22 .22 .41 .41 .41 .41
82 03000 00000 03030 03000 .22 .22 .22 .22 .41 .41 .41 .41
83 03000 00000 03030 03000 .22 .22 .22 .22 .41 .41 .41 .41
84 03000 00000 03030 03000 .22 .22 .22 .22 .41 .41 .41 .41
85 03000 00000 03030 03000 .22 .22 .22 .22 .41 .41 .41 .41
86 03000 00000 03030 03000 .22 .22 .22 .22 .41 .41 .41 .41
87 03000 00000 03030 03000 .22 .22 .22 .22 .41 .41 .41 .41
88 03000 00000 03030 03000 .22 .22 .22 .22 .41 .41 .41 .41
89 03000 00000 03030 03000 .22 .22 .22 .22 .41 .41 .41 .41
90 30000 30000 03030 30000 .05 .05 .05 .05 .24 .24 .24 .24
91 30000 30000 03030 30000 .05 .05 .05 .05 .24 .24 .24 .24
92 30000 30000 03030 30000 .05 .05 .05 .05 .24 .24 .24 .24
93 30000 30000 03030 30000 .05 .05 .05 .05 .24 .24 .24 .24
94 30000 30000 03030 30000 .05 .05 .05 .05 .24 .24 .24 .24
95 30000 30000 03030 30000 .05 .05 .05 .05 .24 .24 .24 .24
96 30000 30000 03030 30000 .05 .05 .05 .05 .24 .24 .24 .24
97 30000 30000 03030 30000 .05 .05 .05 .05 .24 .24 .24 .24
98 30000 30000 03030 30000 .05 .05 .05 .05 .24 .24 .24 .24
99 30000 30000 03030 30000 .05 .05 .05 .05 .24 .24 .24 .24
100 30000 30000 03030 30000 .05 .05 .05 .05 .24 .24 .24 .24
101 30000 30000 03030 30000 .05 .05 .05 .05 .24 .24 .24 .24
102 30000 30000 03030 30000 .05 .05 .05 .05 .24 .24 .24 .24
103 30000 30000 03030 30000 .05 .05 .05 .05 .24 .24 .24 .24
104 30000 30000 03030 30000 .05 .05 .05 .05 .24 .24 .24 .24
105 30000 30000 03030 30000 .05 .05 .05 .05 .24 .24 .24 .24
106 30000 30000 03030 30000 .05 .05 .05 .05 .24 .24 .24 .24
107 30000 30000 03030 30000 .05 .05 .05 .05 .24 .24 .24 .24
108 30000 30000 03030 30000 .05 .05 .05 .05 .24 .24 .24 .24
109 30000 30000 03030 30000 .05 .05 .05 .05 .24 .24 .24 .24
110 30000 30000 03030 30000 .05 .05 .05 .05 .24 .24 .24 .24
111 30000 30000 03030 30000 .05 .05 .05 .05 .24 .24 .24 .24
112 30000 30000 03030 30000 .05 .05 .05 .05 .24 .24 .24 .24
113 30000 30000 03030 30000 .05 .05 .05 .05 .24 .24 .24 .24
114 30000 30000 03030 30000 .05 .05 .05 .05 .24 .24 .24 .24
115 30000 30000 03030 30000 .05 .05 .05 .05 .24 .24 .24 .24
116 30000 30000 03030 30000 .05 .05 .05 .05 .24 .24 .24 .24
117 30000 30000 03030 30000 .05 .05 .05 .05 .24 .24 .24 .24
118 30000 30000 00030 30000 .22 .22 .22 .22 .41 .41 .41 .41
119 30000 30000 00030 30000 .22 .22 .22 .22 .41 .41 .41 .41
120 30000 30000 00030 30000 .22 .22 .22 .22 .41 .41 .41 .41
121 30000 30000 00030 30000 .22 .22 .22 .22 .41 .41 .41 .41
122 30000 30000 00030 30000 .22 .22 .22 .22 .41 .41 .41 .41
123 30000 30000 00030 30000 .22 .22 .22 .22 .41 .41 .41 .41
124 30000 30000 00030 30000 .22 .22 .22 .22 .41 .41 .41 .41
125 30000 30000 00030 30000 .22 .22 .22 .22 .41 .41 .41 .41
126 30000 30000 00030 30000 .22 .22 .22 .22 .41 .41 .41 .41
127 30000 30000 00030 30000 .22 .22 .22 .22 .41 .41 .41 .41
128 30000 30000 00030 30000 .22 .22 .22 .22 .41 .41 .41 .41
129 30000 30000 00030 30000 .22 .22 .22 .22 .41 .41 .41 .41
130 30000 30000 00030 30000 .22 .22 .22 .22 .41 .41 .41 .41
131 30000 30000 00030 30000 .22 .22 .22 .22 .41 .41 .41 .41
132 30000 30000 00030 30000 .22 .22 .22 .22 .41 .41 .41 .41
133 30000 30000 30030 30000 .68 .68 .68 .68 .75 .75 .75 .75
134 30000 30000 30030 30000 .68 .68 .68 .68 .75 .75 .75 .75
135 30000 30000 30030 30000 .68 .68 .68 .68 .75 .75 .75 .75
136 30000 30000 30030 30000 .68 .68 .68 .68 .75 .75 .75 .75
137 30000 30000 30030 30000 .68 .68 .68 .68 .75 .75 .75 .75
