0 30000 30000 00000 30000 .46 .46 .46 .46 .63 .63 .63 .63
1 30000 30000 00000 30000 .46 .46 .46 .46 .63 .63 .63 .63
2 30000 30000 00000 30000 .46 .46 .46 .46 .63 .63 .63 .63
3 30000 30000 00000 30000 .46 .46 .46 .46 .63 .63 .63 .63
4 30000 30000 00000 30000 .46 .46 .46 .46 .63 .63 .63 .63
5 30000 30000 00000 30000 .46 .46 .46 .46 .63 .63 .63 .63
6 30000 30000 00000 30000 .46 .46 .46 .46 .63 .63 .63 .63
7 30000 30000 00000 30000 .46 .46 .46 .46 .63 .63 .63 .63
8 30000 30000 00000 30000 .46 .46 .46 .46 .63 .63 .63 .63
9 30000 30000 00000 30000 .46 .46 .46 .46 .63 .63 .63 .63
10 30000 30000 00000 30000 .46 .46 .46 .46 .63 .63 .63 .63
11 30000 30000 00000 30000 .46 .46 .46 .46 .63 .63 .63 .63
12 30000 30000 00000 30000 .46 .46 .46 .46 .63 .63 .63 .63
13 30000 30000 00000 30000 .46 .46 .46 .46 .63 .63 .63 .63
14 30000 30000 00000 30000 .46 .46 .46 .46 .63 .63 .63 .63
15 30000 30000 00000 30000 .46 .46 .46 .46 .63 .63 .63 .63
16 30000 30000 00000 30000 .46 .46 .46 .46 .63 .63 .63 .63
17 30000 30000 30000 30000 1.00 1.00 1.00 1.00 1.00 1.00 1.00 1.00
18 30000 30000 30000 30000 1.00 1.00 1.00 1.00 1.00 1.00 1.00 1.00
19 30000 30000 30000 30000 1.00 1.00 1.00 1.00 1.00 1.00 1.00 1.00
20 30000 30000 30000 30000 1.00 1.00 1.00 1.00 1.00 1.00 1.00 1.00
21 30000 30000 30000 30000 1.00 1.00 1.00 1.00 1.00 1.00 1.00 1.00
22 30000 30000 30000 30000 1.00 1.00 1.00 1.00 1.00 1.00 1.00 1.00
23 30000 30000 30000 30000 1.00 1.00 1.00 1.00 1.00 1.00 1.00 1.00
24 30000 30000 30000 30000 1.00 1.00 1.00 1.00 1.00 1.00 1.00 1.00
25 30000 30000 30000 30000 1.00 1.00 1.00 1.00 1.00 1.00 1.00 1.00
26 30000 30000 30000 30000 1.00 1.00 1.00 1.00 1.00 1.00 1.00 1.00
27 30000 30000 30000 30000 1.00 1.00 1.00 1.00 1.00 1.00 1.00 1.00
28 30000 30000 30000 30000 1.00 1.00 1.00 1.00 1.00 1.00 1.00 1.00
29 30000 30000 30000 30000 1.00 1.00 1.00 1.00 1.00 1.00 1.00 1.00
30 30000 30000 30000 30000 1.00 1.00 1.00 1.00 1.00 1.00 1.00 1.00
31 30000 30000 30000 30000 1.00 1.00 1.00 1.00 1.00 1.00 1.00 1.00
32 30000 30000 30000 30000 1.00 1.00 1.00 1.00 1.00 1.00 1.00 1.00
33 30000 30000 30000 30000 1.00 1.00 1.00 1.00 1.00 1.00 1.00 1.00
34 30000 30000 30000 30000 1.00 1.00 1.00 1.00 1.00 1.00 1.00 1.00
35 30000 30000 30300 30000 .68 .68 .68 .68 .75 .75 .75 .75
36 30000 30000 30300 30000 .68 .68 .68 .68 .75 .75 .75 .75
37 30000 30000 30300 30000 .68 .68 .68 .68 .75 .75 .75 .75
38 30000 30000 30300 30000 .68 .68 .68 .68 .75 .75 .75 .75
39 30000 30000 30300 30000 .68 .68 .68 .68 .75 .75 .75 .75
40 30000 30000 30300 30000 .68 .68 .68 .68 .75 .75 .75 .75
41 30000 30000 30300 30000 .68 .68 .68 .68 .75 .75 .75 .75
42 30000 30000 30300 30000 .68 .68 .68 .68 .75 .75 .75 .75
43 30000 30000 30300 30000 .68 .68 .68 .68 .75 .75 .75 .75
44 30000 30000 30300 30000 .68 .68 .68 .68 .75 .75 .75 .75
45 30000 30000 30300 30000 .68 .68 .68 .68 .75 .75 .75 .75
46 30000 30000 30300 30000 .68 .68 .68 .68 .75 .75 .75 .75
47 30000 30000 30300 30000 .68 .68 .68 .68 .75 .75 .75 .75
48 30000 30000 30300 30000 .68 .68 .68 .68 .75 .75 .75 .75
49 30000 30000 30300 30000 .68 .68 .68 .68 .75 .75 .75 .75
50 30000 30000 30300 30000 .68 .68 .68 .68 .75 .75 .75 .75
51 30000 30000 30300 30000 .68 .68 .68 .68 .75 .75 .75 .75
52 30000 30000 30300 30000 .68 .68 .68 .68 .75 .75 .75 .75
53 30000 30000 30300 30000 .68 .68 .68 .68 .75 .75 .75 .75
54 30000 30000 30300 30000 .68 .68 .68 .68 .75 .75 .75 .75
55 30000 30000 30300 30000 .68 .68 .68 .68 .75 .75 .75 .75
56 30000 30000 30300 30000 .68 .68 .68 .68 .75 .75 .75 .75
57 30000 30000 30300 30000 .68 .68 .68 .68 .75 .75 .75 .75
58 30000 30000 30300 30000 .68 .68 .68 .68 .75 .75 .75 .75
59 30000 30000 30300 30000 .68 .68 .68 .68 .75 .75 .75 .75
60 30000 30000 30300 30000 .68 .68 .68 .68 .75 .75 .75 .75
61 30000 30000 30300 30000 .68 .68 .68 .68 .75 .75 .75 .75
62 30000 30000 30300 30000 .68 .68 .68 .68 .75 .75 .75 .75
63 30000 30000 30300 30000 .68 .68 .68 .68 .75 .75 .75 .75
64 30000 30000 30300 30000 .68 .68 .68 .68 .75 .75 .75 .75
65 30000 30000 30300 30000 .68 .68 .68 .68 .75 .75 .75 .75
66 30000 30000 30300 30000 .68 .68 .68 .68 .75 .75 .75 .75
67 30000 30000 30300 30000 .68 .68 .68 .68 .75 .75 .75 .75
68 30000 30000 30300 30000 .68 .68 .68 .68 .75 .75 .75 .75
69 30000 30000 30300 30000 .68 .68 .68 .68 .75 .75 .75 .75
70 30001 30000 30300 30000 .48 .54 .64 .45 .57 .63 .71 .55
71 30001 30000 30300 30000 .48 .54 .64 .45 .57 .63 .71 .55
72 30001 30000 30300 30000 .48 .54 .64 .45 .57 .63 .71 .55
73 30001 30000 30300 30000 .48 .54 .64 .45 .57 .63 .71 .55
74 30001 30000 30300 30000 .48 .54 .64 .45 .57 .63 .71 .55
75 30001 30000 30300 30000 .48 .54 .64 .45 .57 .63 .71 .55
76 30001 30000 30300 30000 .48 .54 .64 .45 .57 .63 .71 .55
77 30001 30000 30300 30000 .48 .54 .64 .45 .57 .63 .71 .55
78 30001 30000 30300 30000 .48 .54 .64 .45 .57 .63 .71 .55
79 30001 30000 30300 30000 .48 .54 .64 .45 .57 .63 .71 .55
80 30001 30001 30300 30001 .55 .55 .63 .50 .66 .65 .70 .62
81 30001 30001 30300 30001 .55 .55 .63 .50 .66 .65 .70 .62
82 30001 30001 30300 30001 .55 .55 .63 .50 .66 .65 .70 .62
83 30001 30001 30300 30001 .55 .55 .63 .50 .66 .65 .70 .62
84 30001 30001 30300 30001 .55 .55 .63 .50 .66 .65 .70 .62
85 30001 30001 30300 30001 .55 .55 .63 .50 .66 .65 .70 .62
86 30001 30001 30300 30001 .55 .55 .63 .50 .66 .65 .70 .62
87 30001 30001 30300 30001 .55 .55 .63 .50 .66 .65 .70 .62
88 30001 30001 30300 30001 .55 .55 .63 .50 .66 .65 .70 .62
89 30001 30001 30300 30001 .55 .55 .63 .50 .66 .65 .70 .62
90 30001 30001 30300 30001 .55 .55 .63 .50 .66 .65 .70 .62
91 30001 30001 30300 30001 .55 .55 .63 .50 .66 .65 .70 .62
92 30001 30001 30300 30001 .55 .55 .63 .50 .66 .65 .70 .62
93 30001 30001 30300 30001 .55 .55 .63 .50 .66 .65 .70 .62
94 30001 30001 30300 30001 .55 .55 .63 .50 .66 .65 .70 .62
95 30001 30001 30300 30001 .55 .55 .63 .50 .66 .65 .70 .62
96 30001 30001 30300 30001 .55 .55 .63 .50 .66 .65 .70 .62
97 30001 30001 30300 30001 .55 .55 .63 .50 .66 .65 .70 .62
98 30001 30001 30000 30001 .75 .83 .96 .73 .82 .87 .97 .80
99 30001 30001 30000 30001 .75 .83 .96 .73 .82 .87 .97 .80
100 30001 30001 30000 30001 .75 .83 .96 .73 .82 .87 .97 .80
101 30001 30001 30030 30001 .55 .55 .63 .50 .66 .65 .70 .62
102 30001 30001 30030 30001 .55 .55 .63 .50 .66 .65 .70 .62
103 30001 30001 30030 30001 .55 .55 .63 .50 .66 .65 .70 .62
104 30001 30001 30030 30001 .55 .55 .63 .50 .66 .65 .70 .62
105 30001 30001 30030 30001 .55 .55 .63 .50 .66 .65 .70 .62
106 30001 30001 30030 30001 .55 .55 .63 .50 .66 .65 .70 .62
107 30001 30001 30030 30001 .55 .55 .63 .50 .66 .65 .70 .62
108 30001 30001 30030 30001 .55 .55 .63 .50 .66 .65 .70 .62
109 30001 30001 30030 30001 .55 .55 .63 .50 .66 .65 .70 .62
110 30001 30001 30030 30001 .55 .55 .63 .50 .66 .65 .70 .62
111 30001 30001 30030 30001 .55 .55 .63 .50 .66 .65 .70 .62
112 30001 30001 30030 30001 .55 .55 .63 .50 .66 .65 .70 .62
113 30001 30001 30030 30001 .55 .55 .63 .50 .66 .65 .70 .62
114 30001 30001 30030 30001 .55 .55 .63 .50 .66 .65 .70 .62
115 30001 30001 30030 30001 .55 .55 .63 .50 .66 .65 .70 .62
116 30001 30001 30030 30001 .55 .55 .63 .50 .66 .65 .70 .62
117 30001 30001 30030 30001 .55 .55 .63 .50 .66 .65 .70 .62
118 30001 30001 30030 30001 .55 .55 .63 .50 .66 .65 .70 .62
119 30001 30001 30030 30001 .55 .55 .63 .50 .66 .65 .70 .62
120 30001 30001 30030 30001 .55 .55 .63 .50 .66 .65 .70 .62
121 30001 30001 30030 30001 .55 .55 .63 .50 .66 .65 .70 .62
122 30001 30001 30030 30001 .55 .55 .63 .50 .66 .65 .70 .62
123 30001 30001 30030 30001 .55 .55 .63 .50 .66 .65 .70 .62
124 30001 30001 30030 30001 .55 .55 .63 .50 .66 .65 .70 .62
125 30001 30001 30030 30001 .55 .55 .63 .50 .66 .65 .70 .62
126 30001 30001 30030 30001 .55 .55 .63 .50 .66 .65 .70 .62
127 30001 30001 30030 30001 .55 .55 .63 .50 .66 .65 .70 .62
128 30001 30001 30030 30001 .55 .55 .63 .50 .66 .65 .70 .62
129 30001 30001 30030 30001 .55 .55 .63 .50 .66 .65 .70 .62
130 30001 30001 30030 30001 .55 .55 .63 .50 .66 .65 .70 .62
131 30001 30001 30030 30001 .55 .55 .63 .50 .66 .65 .70 .62
132 30001 30001 30030 30001 .55 .55 .63 .50 .66 .65 .70 .62
133 30001 30001 30030 30001 .55 .55 .63 .50 .66 .65 .70 .62
134 30001 30001 30030 30001 .55 .55 .63 .50 .66 .65 .70 .62
135 30001 30001 30030 30001 .55 .55 .63 .50 .66 .65 .70 .62
136 30001 30001 30030 30001 .55 .55 .63 .50 .66 .65 .70 .62
137 30001 30001 30030 30001 .55 .55 .63 .50 .66 .65 .70 .62
138 30001 30001 30030 30001 .55 .55 .63 .50 .66 .65 .70 .62
139 30001 30001 30030 30001 .55 .55 .63 .50 .66 .65 .70 .62
140 30001 30001 30030 30001 .55 .55 .63 .50 .66 .65 .70 .62
141 30001 30001 30030 30001 .55 .55 .63 .50 .66 .65 .70 .62
142 30001 30001 30030 30001 .55 .55 .63 .50 .66 .65 .70 .62
143 30001 30001 30030 30001 .55 .55 .63 .50 .66 .65 .70 .62
144 30001 30001 30030 30001 .55 .55 .63 .50 .66 .65 .70 .62
145 30001 30001 30030 30001 .55 .55 .63 .50 .66 .65 .70 .62
146 30001 30001 30030 30001 .55 .55 .63 .50 .66 .65 .70 .62
147 30001 30001 30030 30001 .55 .55 .63 .50 .66 .65 .70 .62
148 30001 30001 30030 30001 .55 .55 .63 .50 .66 .65 .70 .62
149 30001 30001 30030 30001 .55 .55 .63 .50 .66 .65 .70 .62
150 30001 30001 30030 30001 .55 .55 .63 .50 .66 .65 .70 .62
151 30001 30001 30030 30001 .55 .55 .63 .50 .66 .65 .70 .62
152 30001 30001 30030 30001 .55 .55 .63 .50 .66 .65 .70 .62
153 30001 30001 30030 30001 .55 .55 .63 .50 .66 .65 .70 .62
154 30001 30001 30030 30001 .55 .55 .63 .50 .66 .65 .70 .62
155 30001 30001 30030 30001 .55 .55 .63 .50 .66 .65 .70 .62
156 30001 30001 30030 30001 .55 .55 .63 .50 .66 .65 .70 .62
157 30001 30001 30030 30001 .55 .55 .63 .50 .66 .65 .70 .62
158 30001 30001 30030 30001 .55 .55 .63 .50 .66 .65 .70 .62
159 30001 30001 30030 30001 .55 .55 .63 .50 .66 .65 .70 .62
160 30001 30001 30030 30001 .55 .55 .63 .50 .66 .65 .70 .62
161 30001 30001 00030 30001 .25 .14 .15 .18 .45 .34 .35 .39
162 30001 30001 00030 30001 .25 .14 .15 .18 .45 .34 .35 .39
163 30001 30001 00030 30001 .25 .14 .15 .18 .45 .34 .35 .39
164 30001 30001 00030 30001 .25 .14 .15 .18 .45 .34 .35 .39
165 30001 30001 00030 30001 .25 .14 .15 .18 .45 .34 .35 .39
166 30001 30001 00030 30001 .25 .14 .15 .18 .45 .34 .35 .39
167 30001 30001 00030 30001 .25 .14 .15 .18 .45 .34 .35 .39
168 30001 30001 00030 30001 .25 .14 .15 .18 .45 .34 .35 .39
169 30001 30001 00030 30001 .25 .14 .15 .18 .45 .34 .35 .39
170 30001 30001 00030 30001 .25 .14 .15 .18 .45 .34 .35 .39
171 30001 30001 00030 30001 .25 .14 .15 .18 .45 .34 .35 .39
172 30001 30001 00030 30001 .25 .14 .15 .18 .45 .34 .35 .39
173 30001 30001 00030 30001 .25 .14 .15 .18 .45 .34 .35 .39
174 30001 30001 00030 30001 .25 .14 .15 .18 .45 .34 .35 .39
175 30001 30001 00030 30001 .25 .14 .15 .18 .45 .34 .35 .39
176 30001 30001 00030 30001 .25 .14 .15 .18 .45 .34 .35 .39
177 30001 30001 00030 30001 .25 .14 .15 .18 .45 .34 .35 .39
178 30001 30001 00030 30001 .25 .14 .15 .18 .45 .34 .35 .39
179 30001 30001 00030 30001 .25 .14 .15 .18 .45 .34 .35 .39
180 30001 30001 00030 30001 .25 .14 .15 .18 .45 .34 .35 .39
181 30001 30001 00030 30001 .25 .14 .15 .18 .45 .34 .35 .39
182 30001 30001 00030 30001 .25 .14 .15 .18 .45 .34 .35 .39
183 30001 30001 00030 30001 .25 .14 .15 .18 .45 .34 .35 .39
184 30001 30001 00030 30001 .25 .14 .15 .18 .45 .34 .35 .39
185 30001 30001 00030 30001 .25 .14 .15 .18 .45 .34 .35 .39
186 30001 30001 00030 30001 .25 .14 .15 .18 .45 .34 .35 .39
187 30001 30001 00030 30001 .25 .14 .15 .18 .45 .34 .35 .39
188 30001 30001 00030 30001 .25 .14 .15 .18 .45 .34 .35 .39
189 30001 30001 00030 30001 .25 .14 .15 .18 .45 .34 .35 .39
190 30001 30001 00030 30001 .25 .14 .15 .18 .45 .34 .35 .39
191 30001 30001 30030 30001 .55 .55 .63 .50 .66 .65 .70 .62
192 30001 30001 30030 30001 .55 .55 .63 .50 .66 .65 .70 .62
193 30001 30001 30030 30001 .55 .55 .63 .50 .66 .65 .70 .62
194 30001 30001 30030 30001 .55 .55 .63 .50 .66 .65 .70 .62
195 30001 30001 30030 30001 .55 .55 .63 .50 .66 .65 .70 .62
