0 30300 20000 00000 30000 .08 .19 .16 .22 .24 .38 .35 .40
1 30300 20000 00000 30000 .08 .19 .16 .22 .24 .38 .35 .40
2 30300 20000 00000 30000 .08 .19 .16 .22 .24 .38 .35 .40
3 30300 20000 00000 30000 .08 .19 .16 .22 .24 .38 .35 .40
4 30300 20000 00000 30000 .08 .19 .16 .22 .24 .38 .35 .40
5 30300 20000 00000 30000 .08 .19 .16 .22 .24 .38 .35 .40
6 30300 20000 00000 30000 .08 .19 .16 .22 .24 .38 .35 .40
7 30300 20000 00000 30000 .08 .19 .16 .22 .24 .38 .35 .40
8 30300 20000 00000 30000 .08 .19 .16 .22 .24 .38 .35 .40
9 30300 20000 00000 30000 .08 .19 .16 .22 .24 .38 .35 .40
10 30300 20000 00000 30000 .08 .19 .16 .22 .24 .38 .35 .40
11 30300 20000 00000 30000 .08 .19 .16 .22 .24 .38 .35 .40
12 30300 20000 00000 30000 .08 .19 .16 .22 .24 .38 .35 .40
13 30300 20000 00000 30000 .08 .19 .16 .22 .24 .38 .35 .40
14 30300 20000 00000 30000 .08 .19 .16 .22 .24 .38 .35 .40
15 30300 20000 00000 30000 .08 .19 .16 .22 .24 .38 .35 .40
16 30300 20000 00000 30000 .08 .19 .16 .22 .24 .38 .35 .40
17 30300 20000 00000 30000 .08 .19 .16 .22 .24 .38 .35 .40
18 30300 20000 00000 30000 .08 .19 .16 .22 .24 .38 .35 .40
19 30300 20000 00000 30000 .08 .19 .16 .22 .24 .38 .35 .40
20 30300 20000 00000 30000 .08 .19 .16 .22 .24 .38 .35 .40
21 30300 20000 00000 30000 .08 .19 .16 .22 .24 .38 .35 .40
22 30300 20000 00000 30000 .08 .19 .16 .22 .24 .38 .35 .40
23 30300 20000 00000 30000 .08 .19 .16 .22 .24 .38 .35 .40
24 30300 20000 00000 30000 .08 .19 .16 .22 .24 .38 .35 .40
25 30300 20000 00000 30000 .08 .19 .16 .22 .24 .38 .35 .40
26 30300 20000 00000 30000 .08 .19 .16 .22 .24 .38 .35 .40
27 30300 20000 00000 30000 .08 .19 .16 .22 .24 .38 .35 .40
28 30300 20000 00000 30000 .08 .19 .16 .22 .24 .38 .35 .40
29 30300 20000 00000 30000 .08 .19 .16 .22 .24 .38 .35 .40
30 30300 20000 00000 30000 .08 .19 .16 .22 .24 .38 .35 .40
31 30300 20000 00000 30000 .08 .19 .16 .22 .24 .38 .35 .40
32 30300 20000 00000 30000 .08 .19 .16 .22 .24 .38 .35 .40
33 30300 20000 00000 30000 .08 .19 .16 .22 .24 .38 .35 .40
34 30300 20000 00000 30000 .08 .19 .16 .22 .24 .38 .35 .40
35 30300 20000 00000 30000 .08 .19 .16 .22 .24 .38 .35 .40
36 30300 20000 00000 30000 .08 .19 .16 .22 .24 .38 .35 .40
37 30300 20000 00000 30000 .08 .19 .16 .22 .24 .38 .35 .40
38 30300 20000 00000 30000 .08 .19 .16 .22 .24 .38 .35 .40
39 30300 20000 00000 30000 .08 .19 .16 .22 .24 .38 .35 .40
40 30300 20020 00000 30000 -0.02 .04 .03 .04 .14 .25 .25 .24
41 30300 20020 00000 30000 -0.02 .04 .03 .04 .14 .25 .25 .24
42 30300 20020 00000 30000 -0.02 .04 .03 .04 .14 .25 .25 .24
43 30300 20020 00000 30000 -0.02 .04 .03 .04 .14 .25 .25 .24
44 30300 20020 00000 30000 -0.02 .04 .03 .04 .14 .25 .25 .24
45 30300 20020 00000 30000 -0.02 .04 .03 .04 .14 .25 .25 .24
46 30300 20020 00000 30000 -0.02 .04 .03 .04 .14 .25 .25 .24
47 30300 20020 00000 30000 -0.02 .04 .03 .04 .14 .25 .25 .24
48 30300 20020 00000 30000 -0.02 .04 .03 .04 .14 .25 .25 .24
49 30300 20020 00000 30000 -0.02 .04 .03 .04 .14 .25 .25 .24
50 03030 00020 00000 00030 .08 .19 .16 .22 .24 .38 .35 .40
51 03030 00020 00000 00030 .08 .19 .16 .22 .24 .38 .35 .40
52 03030 00020 00000 00030 .08 .19 .16 .22 .24 .38 .35 .40
53 03030 00020 00000 00030 .08 .19 .16 .22 .24 .38 .35 .40
54 03030 00020 00000 00030 .08 .19 .16 .22 .24 .38 .35 .40
55 03030 00020 00000 00030 .08 .19 .16 .22 .24 .38 .35 .40
56 03030 00020 00000 00030 .08 .19 .16 .22 .24 .38 .35 .40
57 03030 00020 00000 00030 .08 .19 .16 .22 .24 .38 .35 .40
58 03030 00020 00000 00030 .08 .19 .16 .22 .24 .38 .35 .40
59 03030 00020 00000 00030 .08 .19 .16 .22 .24 .38 .35 .40
60 00000 00000 00000 00000 1.0 1.0 1.0 1.0 1.0 1.0 1.0 1.0
61 00000 00000 00000 00000 1.0 1.0 1.0 1.0 1.0 1.0 1.0 1.0
62 00000 00000 00000 00000 1.0 1.0 1.0 1.0 1.0 1.0 1.0 1.0
63 00000 00000 00000 00000 1.0 1.0 1.0 1.0 1.0 1.0 1.0 1.0
64 00000 00000 00000 00000 1.0 1.0 1.0 1.0 1.0 1.0 1.0 1.0
65 00000 00000 00000 00000 1.0 1.0 1.0 1.0 1.0 1.0 1.0 1.0
66 00000 00000 00000 00000 1.0 1.0 1.0 1.0 1.0 1.0 1.0 1.0
67 00000 00000 00000 00000 1.0 1.0 1.0 1.0 1.0 1.0 1.0 1.0
68 00000 00000 00000 00000 1.0 1.0 1.0 1.0 1.0 1.0 1.0 1.0
69 00000 00000 00000 00000 1.0 1.0 1.0 1.0 1.0 1.0 1.0 1.0
70 00000 00000 00000 00000 1.0 1.0 1.0 1.0 1.0 1.0 1.0 1.0
71 00000 00000 00000 00000 1.0 1.0 1.0 1.0 1.0 1.0 1.0 1.0
72 00000 00000 00000 00000 1.0 1.0 1.0 1.0 1.0 1.0 1.0 1.0
73 00000 00000 00000 00000 1.0 1.0 1.0 1.0 1.0 1.0 1.0 1.0
74 00000 00000 00000 00000 1.0 1.0 1.0 1.0 1.0 1.0 1.0 1.0
75 00000 00000 00000 00000 1.0 1.0 1.0 1.0 1.0 1.0 1.0 1.0
76 00000 00000 00000 00000 1.0 1.0 1.0 1.0 1.0 1.0 1.0 1.0
77 00000 00000 00000 00000 1.0 1.0 1.0 1.0 1.0 1.0 1.0 1.0
78 00000 00000 00000 00000 1.0 1.0 1.0 1.0 1.0 1.0 1.0 1.0
79 00000 00000 00000 00000 1.0 1.0 1.0 1.0 1.0 1.0 1.0 1.0
80 00000 00000 00000 00000 1.0 1.0 1.0 1.0 1.0 1.0 1.0 1.0
81 00000 00000 00000 00000 1.0 1.0 1.0 1.0 1.0 1.0 1.0 1.0
82 00000 00000 00000 00000 1.0 1.0 1.0 1.0 1.0 1.0 1.0 1.0
83 00000 00000 00000 00000 1.0 1.0 1.0 1.0 1.0 1.0 1.0 1.0
84 00000 00000 00000 00000 1.0 1.0 1.0 1.0 1.0 1.0 1.0 1.0
85 00000 00000 03000 00000 1.0 1.0 1.0 1.0 1.0 1.0 1.0 1.0
86 00000 00000 03000 00000 1.0 1.0 1.0 1.0 1.0 1.0 1.0 1.0
87 00000 00000 03000 00000 1.0 1.0 1.0 1.0 1.0 1.0 1.0 1.0
88 00000 00000 03000 00000 1.0 1.0 1.0 1.0 1.0 1.0 1.0 1.0
89 00000 00000 03000 00000 1.0 1.0 1.0 1.0 1.0 1.0 1.0 1.0
90 00000 00000 03000 00000 1.0 1.0 1.0 1.0 1.0 1.0 1.0 1.0
91 00000 00000 03000 00000 1.0 1.0 1.0 1.0 1.0 1.0 1.0 1.0
92 00000 00000 03000 00000 1.0 1.0 1.0 1.0 1.0 1.0 1.0 1.0
93 00000 00000 03000 00000 1.0 1.0 1.0 1.0 1.0 1.0 1.0 1.0
94 00000 00000 03000 00000 1.0 1.0 1.0 1.0 1.0 1.0 1.0 1.0
95 00000 00000 03000 00000 1.0 1.0 1.0 1.0 1.0 1.0 1.0 1.0
96 00000 00000 03000 00000 1.0 1.0 1.0 1.0 1.0 1.0 1.0 1.0
97 00000 00000 03000 00000 1.0 1.0 1.0 1.0 1.0 1.0 1.0 1.0
98 00000 00000 03000 00000 1.0 1.0 1.0 1.0 1.0 1.0 1.0 1.0
99 00000 00000 03000 00000 1.0 1.0 1.0 1.0 1.0 1.0 1.0 1.0
100 00000 00000 00000 00000 1.0 1.0 1.0 1.0 1.0 1.0 1.0 1.0
101 00000 00000 00000 00000 1.0 1.0 1.0 1.0 1.0 1.0 1.0 1.0
102 00000 00000 00000 00000 1.0 1.0 1.0 1.0 1.0 1.0 1.0 1.0
103 00000 00000 00000 00000 1.0 1.0 1.0 1.0 1.0 1.0 1.0 1.0
104 00000 00000 00000 00000 1.0 1.0 1.0 1.0 1.0 1.0 1.0 1.0
105 00000 00000 00000 00000 1.0 1.0 1.0 1.0 1.0 1.0 1.0 1.0
106 00000 00000 00000 00000 1.0 1.0 1.0 1.0 1.0 1.0 1.0 1.0
107 00000 00000 00000 00000 1.0 1.0 1.0 1.0 1.0 1.0 1.0 1.0
108 00000 00000 00000 00000 1.0 1.0 1.0 1.0 1.0 1.0 1.0 1.0
109 00000 00000 00000 00000 1.0 1.0 1.0 1.0 1.0 1.0 1.0 1.0
110 00000 00000 00000 00000 1.0 1.0 1.0 1.0 1.0 1.0 1.0 1.0
111 00000 00000 00000 00000 1.0 1.0 1.0 1.0 1.0 1.0 1.0 1.0
112 00000 00000 00000 00000 1.0 1.0 1.0 1.0 1.0 1.0 1.0 1.0
113 00000 00000 00000 00000 1.0 1.0 1.0 1.0 1.0 1.0 1.0 1.0
114 00000 00000 00000 00000 1.0 1.0 1.0 1.0 1.0 1.0 1.0 1.0
115 00000 00000 00000 00000 1.0 1.0 1.0 1.0 1.0 1.0 1.0 1.0
116 00000 00000 00000 00000 1.0 1.0 1.0 1.0 1.0 1.0 1.0 1.0
117 00000 00000 00000 00000 1.0 1.0 1.0 1.0 1.0 1.0 1.0 1.0
118 00000 00000 00000 00000 1.0 1.0 1.0 1.0 1.0 1.0 1.0 1.0
119 00000 00000 00000 00000 1.0 1.0 1.0 1.0 1.0 1.0 1.0 1.0
120 00000 00000 00000 00000 1.0 1.0 1.0 1.0 1.0 1.0 1.0 1.0
121 00000 00000 00000 00000 1.0 1.0 1.0 1.0 1.0 1.0 1.0 1.0
122 00000 00000 00000 00000 1.0 1.0 1.0 1.0 1.0 1.0 1.0 1.0
123 00000 00000 00000 00000 1.0 1.0 1.0 1.0 1.0 1.0 1.0 1.0
124 00000 00000 00000 00000 1.0 1.0 1.0 1.0 1.0 1.0 1.0 1.0
125 00000 00000 00000 00000 1.0 1.0 1.0 1.0 1.0 1.0 1.0 1.0
126 00000 00000 00000 00000 1.0 1.0 1.0 1.0 1.0 1.0 1.0 1.0
127 00000 00000 00000 00000 1.0 1.0 1.0 1.0 1.0 1.0 1.0 1.0
128 00000 00000 00000 00000 1.0 1.0 1.0 1.0 1.0 1.0 1.0 1.0
129 00000 00000 00000 00000 1.0 1.0 1.0 1.0 1.0 1.0 1.0 1.0
130 00000 00000 30000 00000 1.0 1.0 1.0 1.0 1.0 1.0 1.0 1.0
131 00000 00000 30000 00000 1.0 1.0 1.0 1.0 1.0 1.0 1.0 1.0
132 00000 00000 30000 00000 1.0 1.0 1.0 1.0 1.0 1.0 1.0 1.0
133 00000 00000 30000 00000 1.0 1.0 1.0 1.0 1.0 1.0 1.0 1.0
134 00000 00000 30000 00000 1.0 1.0 1.0 1.0 1.0 1.0 1.0 1.0
135 00000 00000 30000 00000 1.0 1.0 1.0 1.0 1.0 1.0 1.0 1.0
136 00000 00000 30000 00000 1.0 1.0 1.0 1.0 1.0 1.0 1.0 1.0
137 00000 00000 30000 00000 1.0 1.0 1.0 1.0 1.0 1.0 1.0 1.0
138 00000 00000 30000 00000 1.0 1.0 1.0 1.0 1.0 1.0 1.0 1.0
139 00000 00000 30000 00000 1.0 1.0 1.0 1.0 1.0 1.0 1.0 1.0
140 00000 00000 30000 00000 1.0 1.0 1.0 1.0 1.0 1.0 1.0 1.0
141 00000 00000 30000 00000 1.0 1.0 1.0 1.0 1.0 1.0 1.0 1.0
142 00000 00000 30000 00000 1.0 1.0 1.0 1.0 1.0 1.0 1.0 1.0
143 00000 00000 30000 00000 1.0 1.0 1.0 1.0 1.0 1.0 1.0 1.0
144 00000 00000 30000 00000 1.0 1.0 1.0 1.0 1.0 1.0 1.0 1.0
145 00000 00000 00000 00000 1.0 1.0 1.0 1.0 1.0 1.0 1.0 1.0
146 00000 00000 00000 00000 1.0 1.0 1.0 1.0 1.0 1.0 1.0 1.0
147 00000 00000 00000 00000 1.0 1.0 1.0 1.0 1.0 1.0 1.0 1.0
148 00000 00000 00000 00000 1.0 1.0 1.0 1.0 1.0 1.0 1.0 1.0
149 00000 00000 00000 00000 1.0 1.0 1.0 1.0 1.0 1.0 1.0 1.0
150 00000 00000 00000 00000 1.0 1.0 1.0 1.0 1.0 1.0 1.0 1.0
151 00000 00000 00000 00000 1.0 1.0 1.0 1.0 1.0 1.0 1.0 1.0
152 00000 00000 00000 00000 1.0 1.0 1.0 1.0 1.0 1.0 1.0 1.0
153 00000 00000 00000 00000 1.0 1.0 1.0 1.0 1.0 1.0 1.0 1.0
154 00000 00000 00000 00000 1.0 1.0 1.0 1.0 1.0 1.0 1.0 1.0
155 00000 00000 00000 00000 1.0 1.0 1.0 1.0 1.0 1.0 1.0 1.0
156 00000 00000 00000 00000 1.0 1.0 1.0 1.0 1.0 1.0 1.0 1.0
157 00000 00000 00000 00000 1.0 1.0 1.0 1.0 1.0 1.0 1.0 1.0
158 00000 00000 00000 00000 1.0 1.0 1.0 1.0 1.0 1.0 1.0 1.0
159 00000 00000 00000 00000 1.0 1.0 1.0 1.0 1.0 1.0 1.0 1.0
160 00000 00000 00000 00000 1.0 1.0 1.0 1.0 1.0 1.0 1.0 1.0
161 00000 00000 00000 00000 1.0 1.0 1.0 1.0 1.0 1.0 1.0 1.0
162 00000 00000 00000 00000 1.0 1.0 1.0 1.0 1.0 1.0 1.0 1.0
163 00000 00000 00000 00000 1.0 1.0 1.0 1.0 1.0 1.0 1.0 1.0
164 00000 00000 00000 00000 1.0 1.0 1.0 1.0 1.0 1.0 1.0 1.0
165 00000 00000 00000 00000 1.0 1.0 1.0 1.0 1.0 1.0 1.0 1.0
166 00000 00000 00000 00000 1.0 1.0 1.0 1.0 1.0 1.0 1.0 1.0
167 00000 00000 00000 00000 1.0 1.0 1.0 1.0 1.0 1.0 1.0 1.0
168 00000 00000 00000 00000 1.0 1.0 1.0 1.0 1.0 1.0 1.0 1.0
169 00000 00000 00000 00000 1.0 1.0 1.0 1.0 1.0 1.0 1.0 1.0
170 00000 00000 00000 00000 1.0 1.0 1.0 1.0 1.0 1.0 1.0 1.0
171 00000 00000 00000 00000 1.0 1.0 1.0 1.0 1.0 1.0 1.0 1.0
172 00000 00000 00000 00000 1.0 1.0 1.0 1.0 1.0 1.0 1.0 1.0
173 00000 00000 00000 00000 1.0 1.0 1.0 1.0 1.0 1.0 1.0 1.0
174 00000 00000 00000 00000 1.0 1.0 1.0 1.0 1.0 1.0 1.0 1.0
175 00000 00000 00000 00000 1.0 1.0 1.0 1.0 1.0 1.0 1.0 1.0
176 00000 00000 00000 00000 1.0 1.0 1.0 1.0 1.0 1.0 1.0 1.0
177 00000 00000 00000 00000 1.0 1.0 1.0 1.0 1.0 1.0 1.0 1.0
178 00000 00000 00000 00000 1.0 1.0 1.0 1.0 1.0 1.0 1.0 1.0
179 00000 00000 00000 00000 1.0 1.0 1.0 1.0 1.0 1.0 1.0 1.0
180 00000 00000 00000 00000 1.0 1.0 1.0 1.0 1.0 1.0 1.0 1.0
181 00000 00000 00000 00000 1.0 1.0 1.0 1.0 1.0 1.0 1.0 1.0
182 00000 00000 00000 00000 1.0 1.0 1.0 1.0 1.0 1.0 1.0 1.0
