0 00000 00000 00000 00000 1.0 1.0 1.0 1.0 1.0 1.0 1.0 1.0
1 00000 00000 00000 00000 1.0 1.0 1.0 1.0 1.0 1.0 1.0 1.0
2 00000 00000 00000 00000 1.0 1.0 1.0 1.0 1.0 1.0 1.0 1.0
3 00000 00000 00000 00000 1.0 1.0 1.0 1.0 1.0 1.0 1.0 1.0
4 00000 00000 00000 00000 1.0 1.0 1.0 1.0 1.0 1.0 1.0 1.0
5 00000 00000 00000 00000 1.0 1.0 1.0 1.0 1.0 1.0 1.0 1.0
6 00000 00000 00000 00000 1.0 1.0 1.0 1.0 1.0 1.0 1.0 1.0
7 00000 00000 00000 00000 1.0 1.0 1.0 1.0 1.0 1.0 1.0 1.0
8 00000 00000 00000 00000 1.0 1.0 1.0 1.0 1.0 1.0 1.0 1.0
9 00000 00000 00000 00000 1.0 1.0 1.0 1.0 1.0 1.0 1.0 1.0
10 00000 00000 00000 00000 1.0 1.0 1.0 1.0 1.0 1.0 1.0 1.0
11 00000 00000 00000 00000 1.0 1.0 1.0 1.0 1.0 1.0 1.0 1.0
12 00000 00000 00000 00000 1.0 1.0 1.0 1.0 1.0 1.0 1.0 1.0
13 00000 00000 00000 00000 1.0 1.0 1.0 1.0 1.0 1.0 1.0 1.0
14 00000 00000 00000 00000 1.0 1.0 1.0 1.0 1.0 1.0 1.0 1.0
15 00000 00000 00000 00000 1.0 1.0 1.0 1.0 1.0 1.0 1.0 1.0
16 00000 00000 00000 00000 1.0 1.0 1.0 1.0 1.0 1.0 1.0 1.0
17 00000 00000 00000 00000 1.0 1.0 1.0 1.0 1.0 1.0 1.0 1.0
18 00000 00000 00000 00000 1.0 1.0 1.0 1.0 1.0 1.0 1.0 1.0
19 00000 00000 00000 00000 1.0 1.0 1.0 1.0 1.0 1.0 1.0 1.0
20 00000 00000 00000 00000 1.0 1.0 1.0 1.0 1.0 1.0 1.0 1.0
21 00000 00000 00000 00000 1.0 1.0 1.0 1.0 1.0 1.0 1.0 1.0
22 00000 00000 00000 00000 1.0 1.0 1.0 1.0 1.0 1.0 1.0 1.0
23 00000 00000 00000 00000 1.0 1.0 1.0 1.0 1.0 1.0 1.0 1.0
24 00000 00000 00000 00000 1.0 1.0 1.0 1.0 1.0 1.0 1.0 1.0
25 00000 00000 00000 00000 1.0 1.0 1.0 1.0 1.0 1.0 1.0 1.0
26 00000 00000 00000 00000 1.0 1.0 1.0 1.0 1.0 1.0 1.0 1.0
27 00000 00000 00000 00000 1.0 1.0 1.0 1.0 1.0 1.0 1.0 1.0
28 00000 00000 00000 00000 1.0 1.0 1.0 1.0 1.0 1.0 1.0 1.0
29 00000 00000 00000 00000 1.0 1.0 1.0 1.0 1.0 1.0 1.0 1.0
30 00000 00000 00000 00000 1.0 1.0 1.0 1.0 1.0 1.0 1.0 1.0
31 00000 00000 00000 00000 1.0 1.0 1.0 1.0 1.0 1.0 1.0 1.0
32 00000 00000 00000 00000 1.0 1.0 1.0 1.0 1.0 1.0 1.0 1.0
33 00000 00000 00000 00000 1.0 1.0 1.0 1.0 1.0 1.0 1.0 1.0
34 00000 00000 00000 00000 1.0 1.0 1.0 1.0 1.0 1.0 1.0 1.0
35 00000 00000 00000 00000 1.0 1.0 1.0 1.0 1.0 1.0 1.0 1.0
36 00000 00000 00000 00000 1.0 1.0 1.0 1.0 1.0 1.0 1.0 1.0
37 00000 00000 00000 00000 1.0 1.0 1.0 1.0 1.0 1.0 1.0 1.0
38 00000 00000 00000 00000 1.0 1.0 1.0 1.0 1.0 1.0 1.0 1.0
39 00000 00000 00000 00000 1.0 1.0 1.0 1.0 1.0 1.0 1.0 1.0
40 00000 00000 00000 00000 1.0 1.0 1.0 1.0 1.0 1.0 1.0 1.0
41 00000 00000 00000 00000 1.0 1.0 1.0 1.0 1.0 1.0 1.0 1.0
42 00000 00000 00000 00000 1.0 1.0 1.0 1.0 1.0 1.0 1.0 1.0
43 00000 00000 00000 00000 1.0 1.0 1.0 1.0 1.0 1.0 1.0 1.0
44 00000 00000 00000 00000 1.0 1.0 1.0 1.0 1.0 1.0 1.0 1.0
45 00000 00000 00000 00000 1.0 1.0 1.0 1.0 1.0 1.0 1.0 1.0
46 00000 00000 00000 00000 1.0 1.0 1.0 1.0 1.0 1.0 1.0 1.0
47 00000 00000 00000 00000 1.0 1.0 1.0 1.0 1.0 1.0 1.0 1.0
48 00000 00000 00000 00000 1.0 1.0 1.0 1.0 1.0 1.0 1.0 1.0
49 00000 00000 00000 00000 1.0 1.0 1.0 1.0 1.0 1.0 1.0 1.0
50 00000 00000 00000 00000 1.0 1.0 1.0 1.0 1.0 1.0 1.0 1.0
51 00000 00000 00000 00000 1.0 1.0 1.0 1.0 1.0 1.0 1.0 1.0
52 00000 00000 00000 00000 1.0 1.0 1.0 1.0 1.0 1.0 1.0 1.0
53 00000 00000 00000 00000 1.0 1.0 1.0 1.0 1.0 1.0 1.0 1.0
54 00000 00000 00000 00000 1.0 1.0 1.0 1.0 1.0 1.0 1.0 1.0
55 00000 00000 00000 00000 1.0 1.0 1.0 1.0 1.0 1.0 1.0 1.0
56 00000 00000 00000 00000 1.0 1.0 1.0 1.0 1.0 1.0 1.0 1.0
57 00000 00000 00000 00000 1.0 1.0 1.0 1.0 1.0 1.0 1.0 1.0
58 00000 00000 00000 00000 1.0 1.0 1.0 1.0 1.0 1.0 1.0 1.0
59 00000 00000 00000 00000 1.0 1.0 1.0 1.0 1.0 1.0 1.0 1.0
60 00000 00000 00000 00000 1.0 1.0 1.0 1.0 1.0 1.0 1.0 1.0
61 00000 00000 00000 00000 1.0 1.0 1.0 1.0 1.0 1.0 1.0 1.0
62 00000 00000 00000 00000 1.0 1.0 1.0 1.0 1.0 1.0 1.0 1.0
63 00000 00000 00000 00000 1.0 1.0 1.0 1.0 1.0 1.0 1.0 1.0
64 00000 00000 00000 00000 1.0 1.0 1.0 1.0 1.0 1.0 1.0 1.0
65 00000 00000 00000 00000 1.0 1.0 1.0 1.0 1.0 1.0 1.0 1.0
66 00000 00000 00000 00000 1.0 1.0 1.0 1.0 1.0 1.0 1.0 1.0
67 00000 00000 00000 00000 1.0 1.0 1.0 1.0 1.0 1.0 1.0 1.0
68 00000 00000 00000 00000 1.0 1.0 1.0 1.0 1.0 1.0 1.0 1.0
69 00000 00000 00000 00000 1.0 1.0 1.0 1.0 1.0 1.0 1.0 1.0
70 00000 00000 00000 00000 1.0 1.0 1.0 1.0 1.0 1.0 1.0 1.0
71 00000 00000 00000 00000 1.0 1.0 1.0 1.0 1.0 1.0 1.0 1.0
72 00000 00000 00000 00000 1.0 1.0 1.0 1.0 1.0 1.0 1.0 1.0
73 00000 00000 00000 00000 1.0 1.0 1.0 1.0 1.0 1.0 1.0 1.0
74 00000 00000 00000 00000 1.0 1.0 1.0 1.0 1.0 1.0 1.0 1.0
75 00000 00000 00000 00000 1.0 1.0 1.0 1.0 1.0 1.0 1.0 1.0
76 00000 00000 00000 00000 1.0 1.0 1.0 1.0 1.0 1.0 1.0 1.0
77 00000 00000 00000 00000 1.0 1.0 1.0 1.0 1.0 1.0 1.0 1.0
78 00000 00000 00000 00000 1.0 1.0 1.0 1.0 1.0 1.0 1.0 1.0
79 00000 00000 00000 00000 1.0 1.0 1.0 1.0 1.0 1.0 1.0 1.0
80 00000 00000 00000 00000 1.0 1.0 1.0 1.0 1.0 1.0 1.0 1.0
81 00000 00000 00000 00000 1.0 1.0 1.0 1.0 1.0 1.0 1.0 1.0
82 00000 00000 00000 00000 1.0 1.0 1.0 1.0 1.0 1.0 1.0 1.0
83 00000 00000 00000 00000 1.0 1.0 1.0 1.0 1.0 1.0 1.0 1.0
84 00000 00000 00000 00000 1.0 1.0 1.0 1.0 1.0 1.0 1.0 1.0
85 00000 00000 00000 00000 1.0 1.0 1.0 1.0 1.0 1.0 1.0 1.0
86 00000 00000 00000 00000 1.0 1.0 1.0 1.0 1.0 1.0 1.0 1.0
87 00000 00000 00000 00000 1.0 1.0 1.0 1.0 1.0 1.0 1.0 1.0
88 00000 00000 00000 00000 1.0 1.0 1.0 1.0 1.0 1.0 1.0 1.0
89 00000 00000 00000 00000 1.0 1.0 1.0 1.0 1.0 1.0 1.0 1.0
90 00000 00000 00000 00000 1.0 1.0 1.0 1.0 1.0 1.0 1.0 1.0
91 00000 00000 00000 00000 1.0 1.0 1.0 1.0 1.0 1.0 1.0 1.0
92 00000 00000 00000 00000 1.0 1.0 1.0 1.0 1.0 1.0 1.0 1.0
93 00000 00000 00000 00000 1.0 1.0 1.0 1.0 1.0 1.0 1.0 1.0
94 00000 00000 00000 00000 1.0 1.0 1.0 1.0 1.0 1.0 1.0 1.0
95 00000 00000 03000 00000 1.0 1.0 1.0 1.0 1.0 1.0 1.0 1.0
96 00000 00000 03000 00000 1.0 1.0 1.0 1.0 1.0 1.0 1.0 1.0
97 00000 00000 03000 00000 1.0 1.0 1.0 1.0 1.0 1.0 1.0 1.0
98 00000 00000 03000 00000 1.0 1.0 1.0 1.0 1.0 1.0 1.0 1.0
99 00000 00000 03000 00000 1.0 1.0 1.0 1.0 1.0 1.0 1.0 1.0
100 00000 00000 03000 00000 1.0 1.0 1.0 1.0 1.0 1.0 1.0 1.0
101 00000 00000 03000 00000 1.0 1.0 1.0 1.0 1.0 1.0 1.0 1.0
102 00000 00000 03000 00000 1.0 1.0 1.0 1.0 1.0 1.0 1.0 1.0
103 00000 00000 03000 00000 1.0 1.0 1.0 1.0 1.0 1.0 1.0 1.0
104 00000 00000 03000 00000 1.0 1.0 1.0 1.0 1.0 1.0 1.0 1.0
105 00000 00000 03000 00000 1.0 1.0 1.0 1.0 1.0 1.0 1.0 1.0
106 00000 00000 03000 00000 1.0 1.0 1.0 1.0 1.0 1.0 1.0 1.0
107 00000 00000 03000 00000 1.0 1.0 1.0 1.0 1.0 1.0 1.0 1.0
108 00000 00000 03000 00000 1.0 1.0 1.0 1.0 1.0 1.0 1.0 1.0
109 00000 00000 03000 00000 1.0 1.0 1.0 1.0 1.0 1.0 1.0 1.0
110 00000 00000 03000 00000 1.0 1.0 1.0 1.0 1.0 1.0 1.0 1.0
111 00000 00000 03000 00000 1.0 1.0 1.0 1.0 1.0 1.0 1.0 1.0
112 00000 00000 03000 00000 1.0 1.0 1.0 1.0 1.0 1.0 1.0 1.0
113 00000 00000 03000 00000 1.0 1.0 1.0 1.0 1.0 1.0 1.0 1.0
114 00000 00000 03000 00000 1.0 1.0 1.0 1.0 1.0 1.0 1.0 1.0
115 00000 00000 03000 00000 1.0 1.0 1.0 1.0 1.0 1.0 1.0 1.0
116 00000 00000 03000 00000 1.0 1.0 1.0 1.0 1.0 1.0 1.0 1.0
117 00000 00000 03000 00000 1.0 1.0 1.0 1.0 1.0 1.0 1.0 1.0
118 00000 00000 03000 00000 1.0 1.0 1.0 1.0 1.0 1.0 1.0 1.0
119 00000 00000 03000 00000 1.0 1.0 1.0 1.0 1.0 1.0 1.0 1.0
120 00000 00000 03000 00000 1.0 1.0 1.0 1.0 1.0 1.0 1.0 1.0
121 00000 00000 03000 00000 1.0 1.0 1.0 1.0 1.0 1.0 1.0 1.0
122 00000 00000 03000 00000 1.0 1.0 1.0 1.0 1.0 1.0 1.0 1.0
123 00000 00000 03000 00000 1.0 1.0 1.0 1.0 1.0 1.0 1.0 1.0
124 00000 00000 03000 00000 1.0 1.0 1.0 1.0 1.0 1.0 1.0 1.0
125 00000 00000 03000 00000 1.0 1.0 1.0 1.0 1.0 1.0 1.0 1.0
126 00000 00000 03000 00000 1.0 1.0 1.0 1.0 1.0 1.0 1.0 1.0
127 00000 00000 03000 00000 1.0 1.0 1.0 1.0 1.0 1.0 1.0 1.0
128 00000 00000 03000 00000 1.0 1.0 1.0 1.0 1.0 1.0 1.0 1.0
129 00000 00000 03000 00000 1.0 1.0 1.0 1.0 1.0 1.0 1.0 1.0
130 03000 00000 03000 03000 .46 .46 .46 .46 .63 .63 .63 .63
131 03000 00000 03000 03000 .46 .46 .46 .46 .63 .63 .63 .63
132 03000 00000 03000 03000 .46 .46 .46 .46 .63 .63 .63 .63
133 03000 00000 03000 03000 .46 .46 .46 .46 .63 .63 .63 .63
134 03000 00000 03000 03000 .46 .46 .46 .46 .63 .63 .63 .63
135 03000 00000 03000 03000 .46 .46 .46 .46 .63 .63 .63 .63
136 03000 00000 03000 03000 .46 .46 .46 .46 .63 .63 .63 .63
137 03000 00000 03000 03000 .46 .46 .46 .46 .63 .63 .63 .63
138 03000 00000 03000 03000 .46 .46 .46 .46 .63 .63 .63 .63
139 03000 00000 03000 03000 .46 .46 .46 .46 .63 .63 .63 .63
140 30000 30000 03000 30000 .22 .22 .22 .22 .41 .41 .41 .41
141 30000 30000 03000 30000 .22 .22 .22 .22 .41 .41 .41 .41
142 30000 30000 03000 30000 .22 .22 .22 .22 .41 .41 .41 .41
143 30000 30000 03000 30000 .22 .22 .22 .22 .41 .41 .41 .41
144 30000 30000 03000 30000 .22 .22 .22 .22 .41 .41 .41 .41
145 30000 30000 03000 30000 .22 .22 .22 .22 .41 .41 .41 .41
146 30000 30000 03000 30000 .22 .22 .22 .22 .41 .41 .41 .41
147 30000 30000 03000 30000 .22 .22 .22 .22 .41 .41 .41 .41
148 30000 30000 03000 30000 .22 .22 .22 .22 .41 .41 .41 .41
149 30000 30000 03000 30000 .22 .22 .22 .22 .41 .41 .41 .41
150 30000 30000 03000 30000 .22 .22 .22 .22 .41 .41 .41 .41
151 30000 30000 03000 30000 .22 .22 .22 .22 .41 .41 .41 .41
152 30000 30000 03000 30000 .22 .22 .22 .22 .41 .41 .41 .41
153 30000 30000 03000 30000 .22 .22 .22 .22 .41 .41 .41 .41
154 30000 30000 03000 30000 .22 .22 .22 .22 .41 .41 .41 .41
155 30000 30000 30000 30000 1.00 1.00 1.00 1.00 1.00 1.00 1.00 1.00
156 30000 30000 30000 30000 1.00 1.00 1.00 1.00 1.00 1.00 1.00 1.00
157 30000 30000 30000 30000 1.00 1.00 1.00 1.00 1.00 1.00 1.00 1.00
158 30000 30000 30000 30000 1.00 1.00 1.00 1.00 1.00 1.00 1.00 1.00
159 30000 30000 30000 30000 1.00 1.00 1.00 1.00 1.00 1.00 1.00 1.00
160 30000 30000 30000 30000 1.00 1.00 1.00 1.00 1.00 1.00 1.00 1.00
161 30000 30000 30000 30000 1.00 1.00 1.00 1.00 1.00 1.00 1.00 1.00
162 30000 30000 30000 30000 1.00 1.00 1.00 1.00 1.00 1.00 1.00 1.00
163 30000 30000 30000 30000 1.00 1.00 1.00 1.00 1.00 1.00 1.00 1.00
164 30000 30000 30000 30000 1.00 1.00 1.00 1.00 1.00 1.00 1.00 1.00
165 30000 30000 30000 30000 1.00 1.00 1.00 1.00 1.00 1.00 1.00 1.00
166 30000 30000 30000 30000 1.00 1.00 1.00 1.00 1.00 1.00 1.00 1.00
167 30000 30000 30000 30000 1.00 1.00 1.00 1.00 1.00 1.00 1.00 1.00
168 30000 30000 30000 30000 1.00 1.00 1.00 1.00 1.00 1.00 1.00 1.00
169 30000 30000 30000 30000 1.00 1.00 1.00 1.00 1.00 1.00 1.00 1.00
170 30000 30000 03000 30000 .22 .22 .22 .22 .41 .41 .41 .41
171 30000 30000 03000 30000 .22 .22 .22 .22 .41 .41 .41 .41
172 30000 30000 03000 30000 .22 .22 .22 .22 .41 .41 .41 .41
173 30000 30000 03000 30000 .22 .22 .22 .22 .41 .41 .41 .41
174 30000 30000 03000 30000 .22 .22 .22 .22 .41 .41 .41 .41
175 30000 30000 03000 30000 .22 .22 .22 .22 .41 .41 .41 .41
176 30000 30000 03000 30000 .22 .22 .22 .22 .41 .41 .41 .41
177 30000 30000 03000 30000 .22 .22 .22 .22 .41 .41 .41 .41
178 30000 30000 03000 30000 .22 .22 .22 .22 .41 .41 .41 .41
179 30000 30000 03000 30000 .22 .22 .22 .22 .41 .41 .41 .41
180 30000 30000 03000 30000 .22 .22 .22 .22 .41 .41 .41 .41
181 30000 30000 03000 30000 .22 .22 .22 .22 .41 .41 .41 .41
182 30000 30000 03000 30000 .22 .22 .22 .22 .41 .41 .41 .41
183 30000 30000 03000 30000 .22 .22 .22 .22 .41 .41 .41 .41
184 30000 30000 03000 30000 .22 .22 .22 .22 .41 .41 .41 .41
185 30000 30000 03000 30000 .22 .22 .22 .22 .41 .41 .41 .41
186 30000 30000 03000 30000 .22 .22 .22 .22 .41 .41 .41 .41
187 30000 30000 03000 30000 .22 .22 .22 .22 .41 .41 .41 .41
188 30000 30000 03000 30000 .22 .22 .22 .22 .41 .41 .41 .41
189 30000 30000 03000 30000 .22 .22 .22 .22 .41 .41 .41 .41
190 30000 30000 03000 30000 .22 .22 .22 .22 .41 .41 .41 .41
191 30000 30000 03000 30000 .22 .22 .22 .22 .41 .41 .41 .41
192 30000 30000 03000 30000 .22 .22 .22 .22 .41 .41 .41 .41
193 30000 30000 03000 30000 .22 .22 .22 .22 .41 .41 .41 .41
194 30000 30000 03000 30000 .22 .22 .22 .22 .41 .41 .41 .41
195 30000 30000 03000 30000 .22 .22 .22 .22 .41 .41 .41 .41
196 30000 30000 03000 30000 .22 .22 .22 .22 .41 .41 .41 .41
197 30000 30000 03000 30000 .22 .22 .22 .22 .41 .41 .41 .41
198 30000 30000 03000 30000 .22 .22 .22 .22 .41 .41 .41 .41
199 30000 30000 03000 30000 .22 .22 .22 .22 .41 .41 .41 .41
200 30000 30000 03030 30000 .05 .05 .05 .05 .24 .24 .24 .24
201 30000 30000 03030 30000 .05 .05 .05 .05 .24 .24 .24 .24
202 30000 30000 03030 30000 .05 .05 .05 .05 .24 .24 .24 .24
203 30000 30000 03030 30000 .05 .05 .05 .05 .24 .24 .24 .24
204 30000 30000 03030 30000 .05 .05 .05 .05 .24 .24 .24 .24
205 30000 30000 03030 30000 .05 .05 .05 .05 .24 .24 .24 .24
206 30000 30000 03030 30000 .05 .05 .05 .05 .24 .24 .24 .24
207 30000 30000 03030 30000 .05 .05 .05 .05 .24 .24 .24 .24
208 30000 30000 03030 30000 .05 .05 .05 .05 .24 .24 .24 .24
209 30000 30000 03030 30000 .05 .05 .05 .05 .24 .24 .24 .24
210 30000 30000 03030 30000 .05 .05 .05 .05 .24 .24 .24 .24
211 30000 30000 03030 30000 .05 .05 .05 .05 .24 .24 .24 .24
212 30000 30000 03030 30000 .05 .05 .05 .05 .24 .24 .24 .24
213 30000 30000 03030 30000 .05 .05 .05 .05 .24 .24 .24 .24
214 30000 30000 03030 30000 .05 .05 .05 .05 .24 .24 .24 .24
215 30000 30000 03030 30000 .05 .05 .05 .05 .24 .24 .24 .24
216 30000 30000 03030 30000 .05 .05 .05 .05 .24 .24 .24 .24
217 30000 30000 03030 30000 .05 .05 .05 .05 .24 .24 .24 .24
218 30000 30000 03030 30000 .05 .05 .05 .05 .24 .24 .24 .24
219 30000 30000 03030 30000 .05 .05 .05 .05 .24 .24 .24 .24
220 30300 30300 03030 30300 -0.04 -0.04 -0.04 -0.04 .21 .21 .21 .21
221 30300 30300 03030 30300 -0.04 -0.04 -0.04 -0.04 .21 .21 .21 .21
222 30300 30300 03030 30300 -0.04 -0.04 -0.04 -0.04 .21 .21 .21 .21
223 30300 30300 03030 30300 -0.04 -0.04 -0.04 -0.04 .21 .21 .21 .21
224 30300 30300 03030 30300 -0.04 -0.04 -0.04 -0.04 .21 .21 .21 .21
225 30300 30300 03030 30300 -0.04 -0.04 -0.04 -0.04 .21 .21 .21 .21
226 30300 30300 03030 30300 -0.04 -0.04 -0.04 -0.04 .21 .21 .21 .21
227 30300 30300 03030 30300 -0.04 -0.04 -0.04 -0.04 .21 .21 .21 .21
228 30300 30300 03030 30300 -0.04 -0.04 -0.04 -0.04 .21 .21 .21 .21
229 30300 30300 03030 30300 -0.04 -0.04 -0.04 -0.04 .21 .21 .21 .21
230 30300 30300 03300 30300 .48 .48 .48 .48 .60 .60 .60 .60
231 30300 30300 03300 30300 .48 .48 .48 .48 .60 .60 .60 .60
232 30300 30300 03300 30300 .48 .48 .48 .48 .60 .60 .60 .60
233 30300 30300 03300 30300 .48 .48 .48 .48 .60 .60 .60 .60
234 30300 30300 03300 30300 .48 .48 .48 .48 .60 .60 .60 .60
235 30300 30300 03300 30300 .48 .48 .48 .48 .60 .60 .60 .60
236 30300 30300 03300 30300 .48 .48 .48 .48 .60 .60 .60 .60
237 30300 30300 03300 30300 .48 .48 .48 .48 .60 .60 .60 .60
238 30300 30300 03300 30300 .48 .48 .48 .48 .60 .60 .60 .60
239 30300 30300 03300 30300 .48 .48 .48 .48 .60 .60 .60 .60
240 30300 30300 03300 30300 .48 .48 .48 .48 .60 .60 .60 .60
241 30300 30300 03300 30300 .48 .48 .48 .48 .60 .60 .60 .60
242 30300 30300 03300 30300 .48 .48 .48 .48 .60 .60 .60 .60
243 30300 30300 03300 30300 .48 .48 .48 .48 .60 .60 .60 .60
244 30300 30300 03300 30300 .48 .48 .48 .48 .60 .60 .60 .60
245 30300 30300 00300 30300 .72 .72 .72 .72 .79 .79 .79 .79
246 30300 30300 00300 30300 .72 .72 .72 .72 .79 .79 .79 .79
247 30300 30300 00300 30300 .72 .72 .72 .72 .79 .79 .79 .79
248 30300 30300 00300 30300 .72 .72 .72 .72 .79 .79 .79 .79
249 30300 30300 00300 30300 .72 .72 .72 .72 .79 .79 .79 .79
250 00300 00300 00300 00300 1.00 1.00 1.00 1.00 1.00 1.00 1.00 1.00
251 00300 00300 00300 00300 1.00 1.00 1.00 1.00 1.00 1.00 1.00 1.00
252 00300 00300 00300 00300 1.00 1.00 1.00 1.00 1.00 1.00 1.00 1.00
253 00300 00300 00300 00300 1.00 1.00 1.00 1.00 1.00 1.00 1.00 1.00
254 00300 00300 00300 00300 1.00 1.00 1.00 1.00 1.00 1.00 1.00 1.00
255 00300 00300 00300 00300 1.00 1.00 1.00 1.00 1.00 1.00 1.00 1.00
256 00300 00300 00300 00300 1.00 1.00 1.00 1.00 1.00 1.00 1.00 1.00
257 00300 00300 00300 00300 1.00 1.00 1.00 1.00 1.00 1.00 1.00 1.00
258 00300 00300 00300 00300 1.00 1.00 1.00 1.00 1.00 1.00 1.00 1.00
259 00300 00300 00300 00300 1.00 1.00 1.00 1.00 1.00 1.00 1.00 1.00
260 00300 00300 00300 00300 1.00 1.00 1.00 1.00 1.00 1.00 1.00 1.00
261 00300 00300 00300 00300 1.00 1.00 1.00 1.00 1.00 1.00 1.00 1.00
262 00300 00300 00300 00300 1.00 1.00 1.00 1.00 1.00 1.00 1.00 1.00
263 00300 00300 00300 00300 1.00 1.00 1.00 1.00 1.00 1.00 1.00 1.00
264 00300 00300 00300 00300 1.00 1.00 1.00 1.00 1.00 1.00 1.00 1.00
265 00300 00300 00300 00300 1.00 1.00 1.00 1.00 1.00 1.00 1.00 1.00
266 00300 00300 00300 00300 1.00 1.00 1.00 1.00 1.00 1.00 1.00 1.00
267 00300 00300 00300 00300 1.00 1.00 1.00 1.00 1.00 1.00 1.00 1.00
268 00300 00300 00300 00300 1.00 1.00 1.00 1.00 1.00 1.00 1.00 1.00
269 00300 00300 00300 00300 1.00 1.00 1.00 1.00 1.00 1.00 1.00 1.00
270 00300 00300 00300 00300 1.00 1.00 1.00 1.00 1.00 1.00 1.00 1.00
271 00300 00300 00300 00300 1.00 1.00 1.00 1.00 1.00 1.00 1.00 1.00
272 00300 00300 00300 00300 1.00 1.00 1.00 1.00 1.00 1.00 1.00 1.00
273 00300 00300 00300 00300 1.00 1.00 1.00 1.00 1.00 1.00 1.00 1.00
274 00300 00300 00300 00300 1.00 1.00 1.00 1.00 1.00 1.00 1.00 1.00
275 00300 00300 03300 00300 .68 .68 .68 .68 .75 .75 .75 .75
276 00300 00300 03300 00300 .68 .68 .68 .68 .75 .75 .75 .75
277 00300 00300 03300 00300 .68 .68 .68 .68 .75 .75 .75 .75
278 00300 00300 03300 00300 .68 .68 .68 .68 .75 .75 .75 .75
279 00300 00300 03300 00300 .68 .68 .68 .68 .75 .75 .75 .75
280 00300 00300 03300 00300 .68 .68 .68 .68 .75 .75 .75 .75
281 00300 00300 03300 00300 .68 .68 .68 .68 .75 .75 .75 .75
282 00300 00300 03300 00300 .68 .68 .68 .68 .75 .75 .75 .75
283 00300 00300 03300 00300 .68 .68 .68 .68 .75 .75 .75 .75
284 00300 00300 03300 00300 .68 .68 .68 .68 .75 .75 .75 .75
285 00300 00300 03300 00300 .68 .68 .68 .68 .75 .75 .75 .75
286 00300 00300 03300 00300 .68 .68 .68 .68 .75 .75 .75 .75
287 00300 00300 03300 00300 .68 .68 .68 .68 .75 .75 .75 .75
288 00300 00300 03300 00300 .68 .68 .68 .68 .75 .75 .75 .75
289 00300 00300 03300 00300 .68 .68 .68 .68 .75 .75 .75 .75
290 00300 00300 03300 00300 .68 .68 .68 .68 .75 .75 .75 .75
291 00300 00300 03300 00300 .68 .68 .68 .68 .75 .75 .75 .75
292 00300 00300 03300 00300 .68 .68 .68 .68 .75 .75 .75 .75
293 00300 00300 03300 00300 .68 .68 .68 .68 .75 .75 .75 .75
294 00300 00300 03300 00300 .68 .68 .68 .68 .75 .75 .75 .75
295 00300 00300 03300 00300 .68 .68 .68 .68 .75 .75 .75 .75
296 00300 00300 03300 00300 .68 .68 .68 .68 .75 .75 .75 .75
297 00300 00300 03300 00300 .68 .68 .68 .68 .75 .75 .75 .75
298 00300 00300 03300 00300 .68 .68 .68 .68 .75 .75 .75 .75
299 00300 00300 03300 00300 .68 .68 .68 .68 .75 .75 .75 .75
300 00300 00300 03300 00300 .68 .68 .68 .68 .75 .75 .75 .75
301 00300 00300 03300 00300 .68 .68 .68 .68 .75 .75 .75 .75
302 00300 00300 03300 00300 .68 .68 .68 .68 .75 .75 .75 .75
303 00300 00300 03300 00300 .68 .68 .68 .68 .75 .75 .75 .75
304 00300 00300 03300 00300 .68 .68 .68 .68 .75 .75 .75 .75
305 00300 00300 03300 00300 .68 .68 .68 .68 .75 .75 .75 .75
306 00300 00300 03300 00300 .68 .68 .68 .68 .75 .75 .75 .75
307 00300 00300 03300 00300 .68 .68 .68 .68 .75 .75 .75 .75
308 00300 00300 03300 00300 .68 .68 .68 .68 .75 .75 .75 .75
309 00300 00300 03300 00300 .68 .68 .68 .68 .75 .75 .75 .75
310 00300 00300 03300 00300 .68 .68 .68 .68 .75 .75 .75 .75
311 00300 00300 03300 00300 .68 .68 .68 .68 .75 .75 .75 .75
312 00300 00300 03300 00300 .68 .68 .68 .68 .75 .75 .75 .75
313 00300 00300 03300 00300 .68 .68 .68 .68 .75 .75 .75 .75
314 00300 00300 03300 00300 .68 .68 .68 .68 .75 .75 .75 .75
315 00300 00300 03300 00300 .68 .68 .68 .68 .75 .75 .75 .75
316 00300 00300 03300 00300 .68 .68 .68 .68 .75 .75 .75 .75
317 00300 00300 03300 00300 .68 .68 .68 .68 .75 .75 .75 .75
318 00300 00300 03300 00300 .68 .68 .68 .68 .75 .75 .75 .75
319 00300 00300 03300 00300 .68 .68 .68 .68 .75 .75 .75 .75
320 30300 30300 03030 30300 -0.04 -0.04 -0.04 -0.04 .21 .21 .21 .21
321 30300 30300 03030 30300 -0.04 -0.04 -0.04 -0.04 .21 .21 .21 .21
322 30300 30300 03030 30300 -0.04 -0.04 -0.04 -0.04 .21 .21 .21 .21
323 30300 30300 03030 30300 -0.04 -0.04 -0.04 -0.04 .21 .21 .21 .21
324 30300 30300 03030 30300 -0.04 -0.04 -0.04 -0.04 .21 .21 .21 .21
325 30300 30300 03030 30300 -0.04 -0.04 -0.04 -0.04 .21 .21 .21 .21
326 30300 30300 03030 30300 -0.04 -0.04 -0.04 -0.04 .21 .21 .21 .21
327 30300 30300 03030 30300 -0.04 -0.04 -0.04 -0.04 .21 .21 .21 .21
328 30300 30300 03030 30300 -0.04 -0.04 -0.04 -0.04 .21 .21 .21 .21
329 30300 30300 03030 30300 -0.04 -0.04 -0.04 -0.04 .21 .21 .21 .21
330 30030 30000 03030 30030 .16 .16 .16 .16 .37 .37 .37 .37
331 30030 30000 03030 30030 .16 .16 .16 .16 .37 .37 .37 .37
332 30030 30000 03030 30030 .16 .16 .16 .16 .37 .37 .37 .37
333 30030 30000 03030 30030 .16 .16 .16 .16 .37 .37 .37 .37
334 30030 30000 03030 30030 .16 .16 .16 .16 .37 .37 .37 .37
335 30030 30000 03030 30030 .16 .16 .16 .16 .37 .37 .37 .37
336 30030 30000 03030 30030 .16 .16 .16 .16 .37 .37 .37 .37
337 30030 30000 03030 30030 .16 .16 .16 .16 .37 .37 .37 .37
338 30030 30000 03030 30030 .16 .16 .16 .16 .37 .37 .37 .37
339 30030 30000 03030 30030 .16 .16 .16 .16 .37 .37 .37 .37
340 30000 30000 03030 30000 .05 .05 .05 .05 .24 .24 .24 .24
341 30000 30000 03030 30000 .05 .05 .05 .05 .24 .24 .24 .24
342 30000 30000 03030 30000 .05 .05 .05 .05 .24 .24 .24 .24
343 30000 30000 03030 30000 .05 .05 .05 .05 .24 .24 .24 .24
344 30000 30000 03030 30000 .05 .05 .05 .05 .24 .24 .24 .24
345 30000 30000 03030 30000 .05 .05 .05 .05 .24 .24 .24 .24
346 30000 30000 03030 30000 .05 .05 .05 .05 .24 .24 .24 .24
347 30000 30000 03030 30000 .05 .05 .05 .05 .24 .24 .24 .24
348 30000 30000 03030 30000 .05 .05 .05 .05 .24 .24 .24 .24
349 30000 30000 03030 30000 .05 .05 .05 .05 .24 .24 .24 .24
350 30000 30000 00000 30000 .46 .46 .46 .46 .63 .63 .63 .63
351 30000 30000 00000 30000 .46 .46 .46 .46 .63 .63 .63 .63
352 30000 30000 00000 30000 .46 .46 .46 .46 .63 .63 .63 .63
353 30000 30000 00000 30000 .46 .46 .46 .46 .63 .63 .63 .63
354 30000 30000 00000 30000 .46 .46 .46 .46 .63 .63 .63 .63
355 30000 30000 00000 30000 .46 .46 .46 .46 .63 .63 .63 .63
356 30000 30000 00000 30000 .46 .46 .46 .46 .63 .63 .63 .63
357 30000 30000 03000 30000 .22 .22 .22 .22 .41 .41 .41 .41
358 30000 30000 03000 30000 .22 .22 .22 .22 .41 .41 .41 .41
359 30000 30000 03000 30000 .22 .22 .22 .22 .41 .41 .41 .41
360 30000 30000 03000 30000 .22 .22 .22 .22 .41 .41 .41 .41
361 30000 30000 03000 30000 .22 .22 .22 .22 .41 .41 .41 .41
362 30000 30000 03000 30000 .22 .22 .22 .22 .41 .41 .41 .41
363 30000 30000 03000 30000 .22 .22 .22 .22 .41 .41 .41 .41
364 30000 30000 03000 30000 .22 .22 .22 .22 .41 .41 .41 .41
365 30000 30000 03000 30000 .22 .22 .22 .22 .41 .41 .41 .41
366 30000 30000 03000 30000 .22 .22 .22 .22 .41 .41 .41 .41
367 30000 30000 03000 30000 .22 .22 .22 .22 .41 .41 .41 .41
368 30000 30000 03000 30000 .22 .22 .22 .22 .41 .41 .41 .41
369 30000 30000 03000 30000 .22 .22 .22 .22 .41 .41 .41 .41
370 30000 30000 03000 30000 .22 .22 .22 .22 .41 .41 .41 .41
371 30000 30000 03000 30000 .22 .22 .22 .22 .41 .41 .41 .41
372 30000 30000 03000 30000 .22 .22 .22 .22 .41 .41 .41 .41
373 30000 30000 03000 30000 .22 .22 .22 .22 .41 .41 .41 .41
374 30000 30000 03000 30000 .22 .22 .22 .22 .41 .41 .41 .41
375 30000 30000 03300 30000 .05 .05 .05 .05 .24 .24 .24 .24
376 30000 30000 03300 30000 .05 .05 .05 .05 .24 .24 .24 .24
377 30000 30000 03300 30000 .05 .05 .05 .05 .24 .24 .24 .24
378 30000 30000 03300 30000 .05 .05 .05 .05 .24 .24 .24 .24
379 30000 30000 03300 30000 .05 .05 .05 .05 .24 .24 .24 .24
380 30000 30000 03300 30000 .05 .05 .05 .05 .24 .24 .24 .24
381 30000 30000 03300 30000 .05 .05 .05 .05 .24 .24 .24 .24
382 30000 30000 03300 30000 .05 .05 .05 .05 .24 .24 .24 .24
383 30000 30000 03300 30000 .05 .05 .05 .05 .24 .24 .24 .24
384 30000 30000 03300 30000 .05 .05 .05 .05 .24 .24 .24 .24
385 30000 30000 03300 30000 .05 .05 .05 .05 .24 .24 .24 .24
386 30000 30000 03300 30000 .05 .05 .05 .05 .24 .24 .24 .24
