0 00000 00000 00000 00000 1.0 1.0 1.0 1.0 1.0 1.0 1.0 1.0
1 00000 00000 00030 00000 1.0 1.0 1.0 1.0 1.0 1.0 1.0 1.0
2 00000 00000 00030 00000 1.0 1.0 1.0 1.0 1.0 1.0 1.0 1.0
3 00000 00000 00030 00000 1.0 1.0 1.0 1.0 1.0 1.0 1.0 1.0
4 00000 00000 00030 00000 1.0 1.0 1.0 1.0 1.0 1.0 1.0 1.0
5 00000 00000 00030 00000 1.0 1.0 1.0 1.0 1.0 1.0 1.0 1.0
6 00000 00000 00030 00000 1.0 1.0 1.0 1.0 1.0 1.0 1.0 1.0
7 00000 00000 00030 00000 1.0 1.0 1.0 1.0 1.0 1.0 1.0 1.0
8 00000 00000 00030 00000 1.0 1.0 1.0 1.0 1.0 1.0 1.0 1.0
9 00000 00000 00030 00000 1.0 1.0 1.0 1.0 1.0 1.0 1.0 1.0
10 00000 00000 00030 00000 1.0 1.0 1.0 1.0 1.0 1.0 1.0 1.0
11 00000 00000 00030 00000 1.0 1.0 1.0 1.0 1.0 1.0 1.0 1.0
12 00000 00000 00030 00000 1.0 1.0 1.0 1.0 1.0 1.0 1.0 1.0
13 00000 00000 00030 00000 1.0 1.0 1.0 1.0 1.0 1.0 1.0 1.0
14 00000 00000 00030 00000 1.0 1.0 1.0 1.0 1.0 1.0 1.0 1.0
15 00000 00000 00030 00000 1.0 1.0 1.0 1.0 1.0 1.0 1.0 1.0
16 00000 00000 00000 00000 1.0 1.0 1.0 1.0 1.0 1.0 1.0 1.0
17 00000 00000 00000 00000 1.0 1.0 1.0 1.0 1.0 1.0 1.0 1.0
18 00000 00000 00000 00000 1.0 1.0 1.0 1.0 1.0 1.0 1.0 1.0
19 00000 00000 00000 00000 1.0 1.0 1.0 1.0 1.0 1.0 1.0 1.0
20 00000 00000 00000 00000 1.0 1.0 1.0 1.0 1.0 1.0 1.0 1.0
21 00000 00000 00000 00000 1.0 1.0 1.0 1.0 1.0 1.0 1.0 1.0
22 00000 00000 00000 00000 1.0 1.0 1.0 1.0 1.0 1.0 1.0 1.0
23 00000 00000 00000 00000 1.0 1.0 1.0 1.0 1.0 1.0 1.0 1.0
24 00000 00000 00000 00000 1.0 1.0 1.0 1.0 1.0 1.0 1.0 1.0
25 00000 00000 00000 00000 1.0 1.0 1.0 1.0 1.0 1.0 1.0 1.0
26 00000 00000 00000 00000 1.0 1.0 1.0 1.0 1.0 1.0 1.0 1.0
27 00000 00000 00000 00000 1.0 1.0 1.0 1.0 1.0 1.0 1.0 1.0
28 00000 00000 00000 00000 1.0 1.0 1.0 1.0 1.0 1.0 1.0 1.0
29 00000 00000 00000 00000 1.0 1.0 1.0 1.0 1.0 1.0 1.0 1.0
30 00000 00000 00000 00000 1.0 1.0 1.0 1.0 1.0 1.0 1.0 1.0
31 00000 00000 00030 00000 1.0 1.0 1.0 1.0 1.0 1.0 1.0 1.0
32 00000 00000 00030 00000 1.0 1.0 1.0 1.0 1.0 1.0 1.0 1.0
33 00000 00000 00030 00000 1.0 1.0 1.0 1.0 1.0 1.0 1.0 1.0
34 00000 00000 00030 00000 1.0 1.0 1.0 1.0 1.0 1.0 1.0 1.0
35 00000 00000 00030 00000 1.0 1.0 1.0 1.0 1.0 1.0 1.0 1.0
36 00000 00000 00030 00000 1.0 1.0 1.0 1.0 1.0 1.0 1.0 1.0
37 00000 00000 00030 00000 1.0 1.0 1.0 1.0 1.0 1.0 1.0 1.0
38 00000 00000 00030 00000 1.0 1.0 1.0 1.0 1.0 1.0 1.0 1.0
39 00000 00000 00030 00000 1.0 1.0 1.0 1.0 1.0 1.0 1.0 1.0
40 00000 00000 00030 00000 1.0 1.0 1.0 1.0 1.0 1.0 1.0 1.0
41 00000 00000 00030 00000 1.0 1.0 1.0 1.0 1.0 1.0 1.0 1.0
42 00000 00000 00030 00000 1.0 1.0 1.0 1.0 1.0 1.0 1.0 1.0
43 00000 00000 00030 00000 1.0 1.0 1.0 1.0 1.0 1.0 1.0 1.0
44 00000 00000 00030 00000 1.0 1.0 1.0 1.0 1.0 1.0 1.0 1.0
45 00000 00000 00030 00000 1.0 1.0 1.0 1.0 1.0 1.0 1.0 1.0
46 00000 00000 00030 00000 1.0 1.0 1.0 1.0 1.0 1.0 1.0 1.0
47 00000 00000 00030 00000 1.0 1.0 1.0 1.0 1.0 1.0 1.0 1.0
48 00000 00000 00030 00000 1.0 1.0 1.0 1.0 1.0 1.0 1.0 1.0
49 00000 00000 00030 00000 1.0 1.0 1.0 1.0 1.0 1.0 1.0 1.0
50 00300 00030 00030 00030 .22 .22 .22 .22 .41 .41 .41 .41
51 00300 00030 00030 00030 .22 .22 .22 .22 .41 .41 .41 .41
52 00300 00030 00030 00030 .22 .22 .22 .22 .41 .41 .41 .41
53 00300 00030 00030 00030 .22 .22 .22 .22 .41 .41 .41 .41
54 00300 00030 00030 00030 .22 .22 .22 .22 .41 .41 .41 .41
55 00300 00030 00030 00030 .22 .22 .22 .22 .41 .41 .41 .41
56 00300 00030 00030 00030 .22 .22 .22 .22 .41 .41 .41 .41
57 00300 00030 00030 00030 .22 .22 .22 .22 .41 .41 .41 .41
58 00300 00030 00030 00030 .22 .22 .22 .22 .41 .41 .41 .41
59 00300 00030 00030 00030 .22 .22 .22 .22 .41 .41 .41 .41
60 00300 00300 00030 00300 .22 .22 .22 .22 .41 .41 .41 .41
61 00300 00300 00300 00300 1.00 1.00 1.00 1.00 1.00 1.00 1.00 1.00
62 00300 00300 00300 00300 1.00 1.00 1.00 1.00 1.00 1.00 1.00 1.00
63 00300 00300 00300 00300 1.00 1.00 1.00 1.00 1.00 1.00 1.00 1.00
64 00300 00300 00300 00300 1.00 1.00 1.00 1.00 1.00 1.00 1.00 1.00
65 00300 00300 00300 00300 1.00 1.00 1.00 1.00 1.00 1.00 1.00 1.00
66 00300 00300 00300 00300 1.00 1.00 1.00 1.00 1.00 1.00 1.00 1.00
67 00300 00300 00300 00300 1.00 1.00 1.00 1.00 1.00 1.00 1.00 1.00
68 00300 00300 00300 00300 1.00 1.00 1.00 1.00 1.00 1.00 1.00 1.00
69 00300 00300 00300 00300 1.00 1.00 1.00 1.00 1.00 1.00 1.00 1.00
70 00300 00300 00300 00300 1.00 1.00 1.00 1.00 1.00 1.00 1.00 1.00
71 00300 00300 00300 00300 1.00 1.00 1.00 1.00 1.00 1.00 1.00 1.00
72 00300 00300 00300 00300 1.00 1.00 1.00 1.00 1.00 1.00 1.00 1.00
73 00300 00300 00300 00300 1.00 1.00 1.00 1.00 1.00 1.00 1.00 1.00
74 00300 00300 00300 00300 1.00 1.00 1.00 1.00 1.00 1.00 1.00 1.00
75 00300 00300 00300 00300 1.00 1.00 1.00 1.00 1.00 1.00 1.00 1.00
76 00300 00300 00300 00300 1.00 1.00 1.00 1.00 1.00 1.00 1.00 1.00
77 00300 00300 00300 00300 1.00 1.00 1.00 1.00 1.00 1.00 1.00 1.00
78 00300 00300 00300 00300 1.00 1.00 1.00 1.00 1.00 1.00 1.00 1.00
79 00300 00300 00300 00300 1.00 1.00 1.00 1.00 1.00 1.00 1.00 1.00
80 00300 00300 00300 00300 1.00 1.00 1.00 1.00 1.00 1.00 1.00 1.00
81 00300 00300 00300 00300 1.00 1.00 1.00 1.00 1.00 1.00 1.00 1.00
82 00300 00300 00300 00300 1.00 1.00 1.00 1.00 1.00 1.00 1.00 1.00
83 00300 00300 00300 00300 1.00 1.00 1.00 1.00 1.00 1.00 1.00 1.00
84 00300 00300 00300 00300 1.00 1.00 1.00 1.00 1.00 1.00 1.00 1.00
85 00300 00300 00300 00300 1.00 1.00 1.00 1.00 1.00 1.00 1.00 1.00
86 00300 00300 00300 00300 1.00 1.00 1.00 1.00 1.00 1.00 1.00 1.00
87 00300 00300 00300 00300 1.00 1.00 1.00 1.00 1.00 1.00 1.00 1.00
88 00300 00300 00300 00300 1.00 1.00 1.00 1.00 1.00 1.00 1.00 1.00
89 00300 00300 00300 00300 1.00 1.00 1.00 1.00 1.00 1.00 1.00 1.00
90 00300 00300 00300 00300 1.00 1.00 1.00 1.00 1.00 1.00 1.00 1.00
91 00300 00300 00300 00300 1.00 1.00 1.00 1.00 1.00 1.00 1.00 1.00
92 00300 00300 00300 00300 1.00 1.00 1.00 1.00 1.00 1.00 1.00 1.00
93 00300 00300 00300 00300 1.00 1.00 1.00 1.00 1.00 1.00 1.00 1.00
94 00300 00300 00300 00300 1.00 1.00 1.00 1.00 1.00 1.00 1.00 1.00
95 00300 00300 00300 00300 1.00 1.00 1.00 1.00 1.00 1.00 1.00 1.00
96 00300 00300 00300 00300 1.00 1.00 1.00 1.00 1.00 1.00 1.00 1.00
97 00300 00300 00300 00300 1.00 1.00 1.00 1.00 1.00 1.00 1.00 1.00
98 00300 00300 00300 00300 1.00 1.00 1.00 1.00 1.00 1.00 1.00 1.00
99 00300 00300 00300 00300 1.00 1.00 1.00 1.00 1.00 1.00 1.00 1.00
100 00300 00300 00300 00300 1.00 1.00 1.00 1.00 1.00 1.00 1.00 1.00
101 00300 00300 00300 00300 1.00 1.00 1.00 1.00 1.00 1.00 1.00 1.00
102 00300 00300 00300 00300 1.00 1.00 1.00 1.00 1.00 1.00 1.00 1.00
103 00300 00300 00300 00300 1.00 1.00 1.00 1.00 1.00 1.00 1.00 1.00
104 00300 00300 00300 00300 1.00 1.00 1.00 1.00 1.00 1.00 1.00 1.00
105 00300 00300 00300 00300 1.00 1.00 1.00 1.00 1.00 1.00 1.00 1.00
106 00300 00300 00300 00300 1.00 1.00 1.00 1.00 1.00 1.00 1.00 1.00
107 00300 00300 00300 00300 1.00 1.00 1.00 1.00 1.00 1.00 1.00 1.00
108 00300 00300 00300 00300 1.00 1.00 1.00 1.00 1.00 1.00 1.00 1.00
109 00300 00300 00300 00300 1.00 1.00 1.00 1.00 1.00 1.00 1.00 1.00
110 00300 00300 00300 00300 1.00 1.00 1.00 1.00 1.00 1.00 1.00 1.00
111 00300 00300 00300 00300 1.00 1.00 1.00 1.00 1.00 1.00 1.00 1.00
112 00300 00300 00300 00300 1.00 1.00 1.00 1.00 1.00 1.00 1.00 1.00
113 00300 00300 00300 00300 1.00 1.00 1.00 1.00 1.00 1.00 1.00 1.00
114 00300 00300 00300 00300 1.00 1.00 1.00 1.00 1.00 1.00 1.00 1.00
115 00300 00300 00300 00300 1.00 1.00 1.00 1.00 1.00 1.00 1.00 1.00
116 00300 00300 00300 00300 1.00 1.00 1.00 1.00 1.00 1.00 1.00 1.00
117 00300 00300 00300 00300 1.00 1.00 1.00 1.00 1.00 1.00 1.00 1.00
118 00300 00300 00300 00300 1.00 1.00 1.00 1.00 1.00 1.00 1.00 1.00
119 00300 00300 00300 00300 1.00 1.00 1.00 1.00 1.00 1.00 1.00 1.00
120 00300 00300 00300 00300 1.00 1.00 1.00 1.00 1.00 1.00 1.00 1.00
121 00300 00300 00300 00300 1.00 1.00 1.00 1.00 1.00 1.00 1.00 1.00
122 00300 00300 00000 00300 .46 .46 .46 .46 .63 .63 .63 .63
123 00300 00300 00000 00300 .46 .46 .46 .46 .63 .63 .63 .63
124 00300 00300 00000 00300 .46 .46 .46 .46 .63 .63 .63 .63
125 00300 00300 00000 00300 .46 .46 .46 .46 .63 .63 .63 .63
126 00300 00300 00000 00300 .46 .46 .46 .46 .63 .63 .63 .63
127 00300 00300 00000 00300 .46 .46 .46 .46 .63 .63 .63 .63
128 00300 00300 00000 00300 .46 .46 .46 .46 .63 .63 .63 .63
129 00300 00300 00000 00300 .46 .46 .46 .46 .63 .63 .63 .63
130 00300 00300 00000 00300 .46 .46 .46 .46 .63 .63 .63 .63
131 00300 00300 00000 00300 .46 .46 .46 .46 .63 .63 .63 .63
132 00300 00300 00000 00300 .46 .46 .46 .46 .63 .63 .63 .63
133 00300 00300 00000 00300 .46 .46 .46 .46 .63 .63 .63 .63
134 00300 00300 00000 00300 .46 .46 .46 .46 .63 .63 .63 .63
135 00300 00300 00000 00300 .46 .46 .46 .46 .63 .63 .63 .63
136 00300 00300 00000 00300 .46 .46 .46 .46 .63 .63 .63 .63
137 00300 00300 03000 00300 .22 .22 .22 .22 .41 .41 .41 .41
138 00300 00300 03000 00300 .22 .22 .22 .22 .41 .41 .41 .41
139 00300 00300 03000 00300 .22 .22 .22 .22 .41 .41 .41 .41
140 00300 00300 03000 00300 .22 .22 .22 .22 .41 .41 .41 .41
141 00300 00300 03000 00300 .22 .22 .22 .22 .41 .41 .41 .41
142 00300 00300 03000 00300 .22 .22 .22 .22 .41 .41 .41 .41
143 00300 00300 03000 00300 .22 .22 .22 .22 .41 .41 .41 .41
144 00300 00300 03000 00300 .22 .22 .22 .22 .41 .41 .41 .41
145 00300 00300 03000 00300 .22 .22 .22 .22 .41 .41 .41 .41
146 00300 00300 03000 00300 .22 .22 .22 .22 .41 .41 .41 .41
147 00300 00300 03000 00300 .22 .22 .22 .22 .41 .41 .41 .41
148 00300 00300 03000 00300 .22 .22 .22 .22 .41 .41 .41 .41
149 00300 00300 03000 00300 .22 .22 .22 .22 .41 .41 .41 .41
150 00300 03300 03000 03300 .36 .36 .36 .36 .55 .55 .55 .55
151 00300 03300 03000 03300 .36 .36 .36 .36 .55 .55 .55 .55
152 00300 03300 30000 00300 .05 .05 .05 .05 .24 .24 .24 .24
153 00300 03300 30000 00300 .05 .05 .05 .05 .24 .24 .24 .24
154 00300 03300 30000 00300 .05 .05 .05 .05 .24 .24 .24 .24
155 00300 03300 30000 00300 .05 .05 .05 .05 .24 .24 .24 .24
156 00300 03300 30000 00300 .05 .05 .05 .05 .24 .24 .24 .24
157 00300 03300 30000 00300 .05 .05 .05 .05 .24 .24 .24 .24
158 00300 03300 30000 00300 .05 .05 .05 .05 .24 .24 .24 .24
159 00300 03300 30000 00300 .05 .05 .05 .05 .24 .24 .24 .24
160 30300 30300 30000 30300 .72 .72 .72 .72 .79 .79 .79 .79
161 30300 30300 30000 30300 .72 .72 .72 .72 .79 .79 .79 .79
162 30300 30300 30000 30300 .72 .72 .72 .72 .79 .79 .79 .79
163 30300 30300 30000 30300 .72 .72 .72 .72 .79 .79 .79 .79
164 30300 30300 30000 30300 .72 .72 .72 .72 .79 .79 .79 .79
165 30300 30300 30000 30300 .72 .72 .72 .72 .79 .79 .79 .79
166 30300 30300 30000 30300 .72 .72 .72 .72 .79 .79 .79 .79
167 30300 30300 30030 30300 .48 .48 .48 .48 .60 .60 .60 .60
168 30300 30300 30030 30300 .48 .48 .48 .48 .60 .60 .60 .60
169 30300 30300 30030 30300 .48 .48 .48 .48 .60 .60 .60 .60
170 30030 30300 30030 30030 .48 .48 .48 .48 .60 .60 .60 .60
171 30030 30300 30030 30030 .48 .48 .48 .48 .60 .60 .60 .60
172 30030 30300 30030 30030 .48 .48 .48 .48 .60 .60 .60 .60
173 30030 30300 30030 30030 .48 .48 .48 .48 .60 .60 .60 .60
174 30030 30300 30030 30030 .48 .48 .48 .48 .60 .60 .60 .60
175 30030 30300 30030 30030 .48 .48 .48 .48 .60 .60 .60 .60
176 30030 30300 30030 30030 .48 .48 .48 .48 .60 .60 .60 .60
177 30030 30300 30030 30030 .48 .48 .48 .48 .60 .60 .60 .60
178 30030 30300 30030 30030 .48 .48 .48 .48 .60 .60 .60 .60
179 30030 30300 30030 30030 .48 .48 .48 .48 .60 .60 .60 .60
180 30030 30300 30030 30030 .48 .48 .48 .48 .60 .60 .60 .60
181 30030 30300 30030 30030 .48 .48 .48 .48 .60 .60 .60 .60
182 30030 30300 30030 30030 .48 .48 .48 .48 .60 .60 .60 .60
183 30030 30300 30030 30030 .48 .48 .48 .48 .60 .60 .60 .60
184 30030 30300 30030 30030 .48 .48 .48 .48 .60 .60 .60 .60
185 30030 30300 30030 30030 .48 .48 .48 .48 .60 .60 .60 .60
186 30030 30300 30030 30030 .48 .48 .48 .48 .60 .60 .60 .60
187 30030 30300 30030 30030 .48 .48 .48 .48 .60 .60 .60 .60
188 30030 30300 30030 30030 .48 .48 .48 .48 .60 .60 .60 .60
189 30030 30300 30030 30030 .48 .48 .48 .48 .60 .60 .60 .60
190 30030 30300 30030 30030 .48 .48 .48 .48 .60 .60 .60 .60
191 30030 30300 30030 30030 .48 .48 .48 .48 .60 .60 .60 .60
192 30030 30300 30030 30030 .48 .48 .48 .48 .60 .60 .60 .60
193 30030 30300 30030 30030 .48 .48 .48 .48 .60 .60 .60 .60
194 30030 30300 30030 30030 .48 .48 .48 .48 .60 .60 .60 .60
195 30030 30300 30030 30030 .48 .48 .48 .48 .60 .60 .60 .60
196 30030 30300 30030 30030 .48 .48 .48 .48 .60 .60 .60 .60
197 30030 30300 30030 30030 .48 .48 .48 .48 .60 .60 .60 .60
198 30030 30300 30030 30030 .48 .48 .48 .48 .60 .60 .60 .60
199 30030 30300 30030 30030 .48 .48 .48 .48 .60 .60 .60 .60
200 30030 30030 30030 30030 1.00 1.00 1.00 1.00 1.00 1.00 1.00 1.00
201 30030 30030 30030 30030 1.00 1.00 1.00 1.00 1.00 1.00 1.00 1.00
202 30030 30030 30030 30030 1.00 1.00 1.00 1.00 1.00 1.00 1.00 1.00
203 30030 30030 30030 30030 1.00 1.00 1.00 1.00 1.00 1.00 1.00 1.00
204 30030 30030 30030 30030 1.00 1.00 1.00 1.00 1.00 1.00 1.00 1.00
205 30030 30030 30030 30030 1.00 1.00 1.00 1.00 1.00 1.00 1.00 1.00
206 30030 30030 30030 30030 1.00 1.00 1.00 1.00 1.00 1.00 1.00 1.00
207 30030 30030 30030 30030 1.00 1.00 1.00 1.00 1.00 1.00 1.00 1.00
208 30030 30030 30030 30030 1.00 1.00 1.00 1.00 1.00 1.00 1.00 1.00
209 30030 30030 30030 30030 1.00 1.00 1.00 1.00 1.00 1.00 1.00 1.00
210 30030 30030 30030 30030 1.00 1.00 1.00 1.00 1.00 1.00 1.00 1.00
211 30030 30030 30030 30030 1.00 1.00 1.00 1.00 1.00 1.00 1.00 1.00
212 30030 30030 30030 30030 1.00 1.00 1.00 1.00 1.00 1.00 1.00 1.00
213 30030 30030 30030 30030 1.00 1.00 1.00 1.00 1.00 1.00 1.00 1.00
214 30030 30030 30030 30030 1.00 1.00 1.00 1.00 1.00 1.00 1.00 1.00
215 30030 30030 30030 30030 1.00 1.00 1.00 1.00 1.00 1.00 1.00 1.00
216 30030 30030 30030 30030 1.00 1.00 1.00 1.00 1.00 1.00 1.00 1.00
217 30030 30030 30030 30030 1.00 1.00 1.00 1.00 1.00 1.00 1.00 1.00
218 30030 30030 30030 30030 1.00 1.00 1.00 1.00 1.00 1.00 1.00 1.00
219 30030 30030 30030 30030 1.00 1.00 1.00 1.00 1.00 1.00 1.00 1.00
220 30030 30030 30030 30030 1.00 1.00 1.00 1.00 1.00 1.00 1.00 1.00
221 30030 30030 30030 30030 1.00 1.00 1.00 1.00 1.00 1.00 1.00 1.00
222 30030 30030 30030 30030 1.00 1.00 1.00 1.00 1.00 1.00 1.00 1.00
223 30030 30030 30030 30030 1.00 1.00 1.00 1.00 1.00 1.00 1.00 1.00
224 30030 30030 30030 30030 1.00 1.00 1.00 1.00 1.00 1.00 1.00 1.00
225 30030 30030 30030 30030 1.00 1.00 1.00 1.00 1.00 1.00 1.00 1.00
226 30030 30030 30030 30030 1.00 1.00 1.00 1.00 1.00 1.00 1.00 1.00
227 30030 30030 30030 30030 1.00 1.00 1.00 1.00 1.00 1.00 1.00 1.00
228 30030 30030 30030 30030 1.00 1.00 1.00 1.00 1.00 1.00 1.00 1.00
229 30030 30030 30030 30030 1.00 1.00 1.00 1.00 1.00 1.00 1.00 1.00
230 30000 30000 30030 30000 .68 .68 .68 .68 .75 .75 .75 .75
231 30000 30000 30030 30000 .68 .68 .68 .68 .75 .75 .75 .75
232 30000 30000 30030 30000 .68 .68 .68 .68 .75 .75 .75 .75
233 30000 30000 30030 30000 .68 .68 .68 .68 .75 .75 .75 .75
234 30000 30000 30030 30000 .68 .68 .68 .68 .75 .75 .75 .75
235 30000 30000 30030 30000 .68 .68 .68 .68 .75 .75 .75 .75
236 30000 30000 30030 30000 .68 .68 .68 .68 .75 .75 .75 .75
237 30000 30000 30030 30000 .68 .68 .68 .68 .75 .75 .75 .75
238 30000 30000 30030 30000 .68 .68 .68 .68 .75 .75 .75 .75
239 30000 30000 30030 30000 .68 .68 .68 .68 .75 .75 .75 .75
240 30000 30000 30030 30000 .68 .68 .68 .68 .75 .75 .75 .75
241 30000 30000 30030 30000 .68 .68 .68 .68 .75 .75 .75 .75
242 30000 30000 30000 30000 1.00 1.00 1.00 1.00 1.00 1.00 1.00 1.00
243 30000 30000 30000 30000 1.00 1.00 1.00 1.00 1.00 1.00 1.00 1.00
244 30000 30000 30000 30000 1.00 1.00 1.00 1.00 1.00 1.00 1.00 1.00
245 30000 30000 30000 30000 1.00 1.00 1.00 1.00 1.00 1.00 1.00 1.00
246 30000 30000 30000 30000 1.00 1.00 1.00 1.00 1.00 1.00 1.00 1.00
247 30000 30000 30000 30000 1.00 1.00 1.00 1.00 1.00 1.00 1.00 1.00
248 30000 30000 30000 30000 1.00 1.00 1.00 1.00 1.00 1.00 1.00 1.00
249 30000 30000 30000 30000 1.00 1.00 1.00 1.00 1.00 1.00 1.00 1.00
250 30000 30001 30000 30000 .70 .80 .96 .69 .76 .84 .97 .75
251 30000 30001 30000 30000 .70 .80 .96 .69 .76 .84 .97 .75
252 30000 30001 00000 30000 .26 .27 .41 .23 .43 .46 .59 .41
253 30000 30001 00000 30000 .26 .27 .41 .23 .43 .46 .59 .41
254 30000 30001 00000 30000 .26 .27 .41 .23 .43 .46 .59 .41
255 30000 30001 00000 30000 .26 .27 .41 .23 .43 .46 .59 .41
256 30000 30001 00000 30000 .26 .27 .41 .23 .43 .46 .59 .41
257 30000 30001 00000 30000 .26 .27 .41 .23 .43 .46 .59 .41
258 30000 30001 00000 30000 .26 .27 .41 .23 .43 .46 .59 .41
259 30000 30001 00000 30000 .26 .27 .41 .23 .43 .46 .59 .41
260 30000 30001 00000 30000 .26 .27 .41 .23 .43 .46 .59 .41
261 30000 30001 00000 30000 .26 .27 .41 .23 .43 .46 .59 .41
262 30000 30001 00000 30000 .26 .27 .41 .23 .43 .46 .59 .41
263 30000 30001 00000 30000 .26 .27 .41 .23 .43 .46 .59 .41
264 30000 30001 00000 30000 .26 .27 .41 .23 .43 .46 .59 .41
265 30000 30001 00000 30000 .26 .27 .41 .23 .43 .46 .59 .41
266 30000 30001 00000 30000 .26 .27 .41 .23 .43 .46 .59 .41
