0 00000 00000 00000 00000 1.0 1.0 1.0 1.0 1.0 1.0 1.0 1.0
1 00000 00000 00000 00000 1.0 1.0 1.0 1.0 1.0 1.0 1.0 1.0
2 00000 00000 00000 00000 1.0 1.0 1.0 1.0 1.0 1.0 1.0 1.0
3 00000 00000 00000 00000 1.0 1.0 1.0 1.0 1.0 1.0 1.0 1.0
4 00000 00000 00000 00000 1.0 1.0 1.0 1.0 1.0 1.0 1.0 1.0
5 00000 00000 00000 00000 1.0 1.0 1.0 1.0 1.0 1.0 1.0 1.0
6 00000 00000 00000 00000 1.0 1.0 1.0 1.0 1.0 1.0 1.0 1.0
7 00000 00000 00000 00000 1.0 1.0 1.0 1.0 1.0 1.0 1.0 1.0
8 00000 00000 00000 00000 1.0 1.0 1.0 1.0 1.0 1.0 1.0 1.0
9 00000 00000 00000 00000 1.0 1.0 1.0 1.0 1.0 1.0 1.0 1.0
10 00000 00000 00000 00000 1.0 1.0 1.0 1.0 1.0 1.0 1.0 1.0
11 00000 00000 00000 00000 1.0 1.0 1.0 1.0 1.0 1.0 1.0 1.0
12 00000 00000 00000 00000 1.0 1.0 1.0 1.0 1.0 1.0 1.0 1.0
13 00000 00000 00000 00000 1.0 1.0 1.0 1.0 1.0 1.0 1.0 1.0
14 00000 00000 00000 00000 1.0 1.0 1.0 1.0 1.0 1.0 1.0 1.0
15 00000 00000 00000 00000 1.0 1.0 1.0 1.0 1.0 1.0 1.0 1.0
16 00000 00000 00000 00000 1.0 1.0 1.0 1.0 1.0 1.0 1.0 1.0
17 00000 00000 00000 00000 1.0 1.0 1.0 1.0 1.0 1.0 1.0 1.0
18 00000 00000 00000 00000 1.0 1.0 1.0 1.0 1.0 1.0 1.0 1.0
19 00000 00000 00000 00000 1.0 1.0 1.0 1.0 1.0 1.0 1.0 1.0
20 00000 00000 00000 00000 1.0 1.0 1.0 1.0 1.0 1.0 1.0 1.0
21 00000 00000 00000 00000 1.0 1.0 1.0 1.0 1.0 1.0 1.0 1.0
22 00000 00000 00000 00000 1.0 1.0 1.0 1.0 1.0 1.0 1.0 1.0
23 00000 00000 00000 00000 1.0 1.0 1.0 1.0 1.0 1.0 1.0 1.0
24 00000 00000 00000 00000 1.0 1.0 1.0 1.0 1.0 1.0 1.0 1.0
25 00000 00000 00000 00000 1.0 1.0 1.0 1.0 1.0 1.0 1.0 1.0
26 00000 00000 00000 00000 1.0 1.0 1.0 1.0 1.0 1.0 1.0 1.0
27 00000 00000 00000 00000 1.0 1.0 1.0 1.0 1.0 1.0 1.0 1.0
28 00000 00000 00000 00000 1.0 1.0 1.0 1.0 1.0 1.0 1.0 1.0
29 00000 00000 00000 00000 1.0 1.0 1.0 1.0 1.0 1.0 1.0 1.0
30 00000 00000 00000 00000 1.0 1.0 1.0 1.0 1.0 1.0 1.0 1.0
31 00000 00000 00000 00000 1.0 1.0 1.0 1.0 1.0 1.0 1.0 1.0
32 00000 00000 00000 00000 1.0 1.0 1.0 1.0 1.0 1.0 1.0 1.0
33 00000 00000 00000 00000 1.0 1.0 1.0 1.0 1.0 1.0 1.0 1.0
34 00000 00000 00000 00000 1.0 1.0 1.0 1.0 1.0 1.0 1.0 1.0
35 00000 00000 00000 00000 1.0 1.0 1.0 1.0 1.0 1.0 1.0 1.0
36 00000 00000 00000 00000 1.0 1.0 1.0 1.0 1.0 1.0 1.0 1.0
37 00000 00000 00000 00000 1.0 1.0 1.0 1.0 1.0 1.0 1.0 1.0
38 00000 00000 00000 00000 1.0 1.0 1.0 1.0 1.0 1.0 1.0 1.0
39 00000 00000 00000 00000 1.0 1.0 1.0 1.0 1.0 1.0 1.0 1.0
40 00300 00300 00000 00300 .46 .46 .46 .46 .63 .63 .63 .63
41 00300 00300 00000 00300 .46 .46 .46 .46 .63 .63 .63 .63
42 00300 00300 00000 00300 .46 .46 .46 .46 .63 .63 .63 .63
43 00300 00300 00000 00300 .46 .46 .46 .46 .63 .63 .63 .63
44 00300 00300 00000 00300 .46 .46 .46 .46 .63 .63 .63 .63
45 00300 00300 00000 00300 .46 .46 .46 .46 .63 .63 .63 .63
46 00300 00300 00000 00300 .46 .46 .46 .46 .63 .63 .63 .63
47 00300 00300 00000 00300 .46 .46 .46 .46 .63 .63 .63 .63
48 00300 00300 00000 00300 .46 .46 .46 .46 .63 .63 .63 .63
49 00300 00300 00000 00300 .46 .46 .46 .46 .63 .63 .63 .63
50 00300 00300 00000 00300 .46 .46 .46 .46 .63 .63 .63 .63
51 00300 00300 00000 00300 .46 .46 .46 .46 .63 .63 .63 .63
52 00300 00300 00000 00300 .46 .46 .46 .46 .63 .63 .63 .63
53 00300 00300 00000 00300 .46 .46 .46 .46 .63 .63 .63 .63
54 00300 00300 00000 00300 .46 .46 .46 .46 .63 .63 .63 .63
55 00300 00300 00000 00300 .46 .46 .46 .46 .63 .63 .63 .63
56 00300 00300 00000 00300 .46 .46 .46 .46 .63 .63 .63 .63
57 00300 00300 00000 00300 .46 .46 .46 .46 .63 .63 .63 .63
58 00300 00300 00000 00300 .46 .46 .46 .46 .63 .63 .63 .63
59 00300 00300 00000 00300 .46 .46 .46 .46 .63 .63 .63 .63
60 00300 00300 00000 00300 .46 .46 .46 .46 .63 .63 .63 .63
61 00300 00300 00300 00300 1.00 1.00 1.00 1.00 1.00 1.00 1.00 1.00
62 00300 00300 00300 00300 1.00 1.00 1.00 1.00 1.00 1.00 1.00 1.00
63 00300 00300 00300 00300 1.00 1.00 1.00 1.00 1.00 1.00 1.00 1.00
64 00300 00300 00300 00300 1.00 1.00 1.00 1.00 1.00 1.00 1.00 1.00
65 00300 00300 00300 00300 1.00 1.00 1.00 1.00 1.00 1.00 1.00 1.00
66 00300 00300 00300 00300 1.00 1.00 1.00 1.00 1.00 1.00 1.00 1.00
67 00300 00300 00300 00300 1.00 1.00 1.00 1.00 1.00 1.00 1.00 1.00
68 00300 00300 00300 00300 1.00 1.00 1.00 1.00 1.00 1.00 1.00 1.00
69 00300 00300 00300 00300 1.00 1.00 1.00 1.00 1.00 1.00 1.00 1.00
70 00300 00300 00300 00300 1.00 1.00 1.00 1.00 1.00 1.00 1.00 1.00
71 00300 00300 00300 00300 1.00 1.00 1.00 1.00 1.00 1.00 1.00 1.00
72 00300 00300 00300 00300 1.00 1.00 1.00 1.00 1.00 1.00 1.00 1.00
73 00300 00300 00300 00300 1.00 1.00 1.00 1.00 1.00 1.00 1.00 1.00
74 00300 00300 00300 00300 1.00 1.00 1.00 1.00 1.00 1.00 1.00 1.00
75 00300 00300 00300 00300 1.00 1.00 1.00 1.00 1.00 1.00 1.00 1.00
76 00300 00300 00300 00300 1.00 1.00 1.00 1.00 1.00 1.00 1.00 1.00
77 00300 00300 00300 00300 1.00 1.00 1.00 1.00 1.00 1.00 1.00 1.00
78 00300 00300 00300 00300 1.00 1.00 1.00 1.00 1.00 1.00 1.00 1.00
79 00300 00300 00300 00300 1.00 1.00 1.00 1.00 1.00 1.00 1.00 1.00
80 00300 00300 00300 00300 1.00 1.00 1.00 1.00 1.00 1.00 1.00 1.00
81 00300 00300 00300 00300 1.00 1.00 1.00 1.00 1.00 1.00 1.00 1.00
82 00300 00300 00300 00300 1.00 1.00 1.00 1.00 1.00 1.00 1.00 1.00
83 00300 00300 00300 00300 1.00 1.00 1.00 1.00 1.00 1.00 1.00 1.00
84 00300 00300 00300 00300 1.00 1.00 1.00 1.00 1.00 1.00 1.00 1.00
85 00300 00300 00300 00300 1.00 1.00 1.00 1.00 1.00 1.00 1.00 1.00
86 00300 00300 00300 00300 1.00 1.00 1.00 1.00 1.00 1.00 1.00 1.00
87 00300 00300 00300 00300 1.00 1.00 1.00 1.00 1.00 1.00 1.00 1.00
88 00300 00300 00300 00300 1.00 1.00 1.00 1.00 1.00 1.00 1.00 1.00
89 00300 00300 00300 00300 1.00 1.00 1.00 1.00 1.00 1.00 1.00 1.00
90 00300 00300 00300 00300 1.00 1.00 1.00 1.00 1.00 1.00 1.00 1.00
91 00300 00300 00300 00300 1.00 1.00 1.00 1.00 1.00 1.00 1.00 1.00
92 00300 00300 00300 00300 1.00 1.00 1.00 1.00 1.00 1.00 1.00 1.00
93 00300 00300 00300 00300 1.00 1.00 1.00 1.00 1.00 1.00 1.00 1.00
94 00300 00300 00300 00300 1.00 1.00 1.00 1.00 1.00 1.00 1.00 1.00
95 00300 00300 00300 00300 1.00 1.00 1.00 1.00 1.00 1.00 1.00 1.00
96 00300 00300 00300 00300 1.00 1.00 1.00 1.00 1.00 1.00 1.00 1.00
97 00300 00300 00300 00300 1.00 1.00 1.00 1.00 1.00 1.00 1.00 1.00
98 00300 00300 00300 00300 1.00 1.00 1.00 1.00 1.00 1.00 1.00 1.00
99 00300 00300 00300 00300 1.00 1.00 1.00 1.00 1.00 1.00 1.00 1.00
100 00300 00300 00300 00300 1.00 1.00 1.00 1.00 1.00 1.00 1.00 1.00
101 00300 00300 03300 00300 .68 .68 .68 .68 .75 .75 .75 .75
102 00300 00300 03300 00300 .68 .68 .68 .68 .75 .75 .75 .75
103 00300 00300 03300 00300 .68 .68 .68 .68 .75 .75 .75 .75
104 00300 00300 03300 00300 .68 .68 .68 .68 .75 .75 .75 .75
105 00300 00300 03300 00300 .68 .68 .68 .68 .75 .75 .75 .75
106 00300 00300 03300 00300 .68 .68 .68 .68 .75 .75 .75 .75
107 00300 00300 03300 00300 .68 .68 .68 .68 .75 .75 .75 .75
108 00300 00300 03300 00300 .68 .68 .68 .68 .75 .75 .75 .75
109 00300 00300 03300 00300 .68 .68 .68 .68 .75 .75 .75 .75
110 00300 00300 03300 00300 .68 .68 .68 .68 .75 .75 .75 .75
111 00300 00300 03300 00300 .68 .68 .68 .68 .75 .75 .75 .75
112 00300 00300 03300 00300 .68 .68 .68 .68 .75 .75 .75 .75
113 00300 00300 03300 00300 .68 .68 .68 .68 .75 .75 .75 .75
114 00300 00300 03300 00300 .68 .68 .68 .68 .75 .75 .75 .75
115 00300 00300 03300 00300 .68 .68 .68 .68 .75 .75 .75 .75
116 00300 00300 03300 00300 .68 .68 .68 .68 .75 .75 .75 .75
117 00300 00300 03300 00300 .68 .68 .68 .68 .75 .75 .75 .75
118 00300 00300 03300 00300 .68 .68 .68 .68 .75 .75 .75 .75
119 00300 00300 03300 00300 .68 .68 .68 .68 .75 .75 .75 .75
120 00300 00300 03300 00300 .68 .68 .68 .68 .75 .75 .75 .75
121 00300 00300 03300 00300 .68 .68 .68 .68 .75 .75 .75 .75
122 00300 00300 03300 00300 .68 .68 .68 .68 .75 .75 .75 .75
123 00300 00300 03300 00300 .68 .68 .68 .68 .75 .75 .75 .75
124 00300 00300 03300 00300 .68 .68 .68 .68 .75 .75 .75 .75
125 00300 00300 03300 00300 .68 .68 .68 .68 .75 .75 .75 .75
126 00300 00300 03300 00300 .68 .68 .68 .68 .75 .75 .75 .75
127 00300 00300 03300 00300 .68 .68 .68 .68 .75 .75 .75 .75
128 00300 00300 03300 00300 .68 .68 .68 .68 .75 .75 .75 .75
129 00300 00300 03300 00300 .68 .68 .68 .68 .75 .75 .75 .75
130 00300 00300 03300 00300 .68 .68 .68 .68 .75 .75 .75 .75
131 00300 00300 03300 00300 .68 .68 .68 .68 .75 .75 .75 .75
132 00300 00300 03300 00300 .68 .68 .68 .68 .75 .75 .75 .75
133 00300 00300 03300 00300 .68 .68 .68 .68 .75 .75 .75 .75
134 00300 00300 03300 00300 .68 .68 .68 .68 .75 .75 .75 .75
135 00300 00300 03300 00300 .68 .68 .68 .68 .75 .75 .75 .75
136 00300 00300 03300 00300 .68 .68 .68 .68 .75 .75 .75 .75
137 00300 00300 03300 00300 .68 .68 .68 .68 .75 .75 .75 .75
138 00300 00300 03300 00300 .68 .68 .68 .68 .75 .75 .75 .75
139 00300 00300 03300 00300 .68 .68 .68 .68 .75 .75 .75 .75
140 00300 00300 03300 00300 .68 .68 .68 .68 .75 .75 .75 .75
141 00300 00300 03300 00300 .68 .68 .68 .68 .75 .75 .75 .75
142 00300 00300 03300 00300 .68 .68 .68 .68 .75 .75 .75 .75
143 00300 00300 03300 00300 .68 .68 .68 .68 .75 .75 .75 .75
144 00300 00300 03300 00300 .68 .68 .68 .68 .75 .75 .75 .75
145 00300 00300 03300 00300 .68 .68 .68 .68 .75 .75 .75 .75
146 00300 00300 03300 00300 .68 .68 .68 .68 .75 .75 .75 .75
147 00300 00300 03300 00300 .68 .68 .68 .68 .75 .75 .75 .75
148 00300 00300 03300 00300 .68 .68 .68 .68 .75 .75 .75 .75
149 00300 00300 00300 00300 1.00 1.00 1.00 1.00 1.00 1.00 1.00 1.00
150 00300 00300 00300 00300 1.00 1.00 1.00 1.00 1.00 1.00 1.00 1.00
151 00300 00300 00300 00300 1.00 1.00 1.00 1.00 1.00 1.00 1.00 1.00
152 00300 00300 00300 00300 1.00 1.00 1.00 1.00 1.00 1.00 1.00 1.00
153 00300 00300 00300 00300 1.00 1.00 1.00 1.00 1.00 1.00 1.00 1.00
154 00300 00300 00300 00300 1.00 1.00 1.00 1.00 1.00 1.00 1.00 1.00
155 00300 00300 00300 00300 1.00 1.00 1.00 1.00 1.00 1.00 1.00 1.00
156 00300 00300 00300 00300 1.00 1.00 1.00 1.00 1.00 1.00 1.00 1.00
157 00300 00300 00300 00300 1.00 1.00 1.00 1.00 1.00 1.00 1.00 1.00
158 00300 00300 00300 00300 1.00 1.00 1.00 1.00 1.00 1.00 1.00 1.00
159 00300 00300 00300 00300 1.00 1.00 1.00 1.00 1.00 1.00 1.00 1.00
160 00300 00300 00300 00300 1.00 1.00 1.00 1.00 1.00 1.00 1.00 1.00
161 00300 00300 00300 00300 1.00 1.00 1.00 1.00 1.00 1.00 1.00 1.00
162 00300 00300 00300 00300 1.00 1.00 1.00 1.00 1.00 1.00 1.00 1.00
163 00300 00300 00300 00300 1.00 1.00 1.00 1.00 1.00 1.00 1.00 1.00
164 00300 00300 03300 00300 .68 .68 .68 .68 .75 .75 .75 .75
165 00300 00300 03300 00300 .68 .68 .68 .68 .75 .75 .75 .75
166 00300 00300 03300 00300 .68 .68 .68 .68 .75 .75 .75 .75
167 00300 00300 03300 00300 .68 .68 .68 .68 .75 .75 .75 .75
168 00300 00300 03300 00300 .68 .68 .68 .68 .75 .75 .75 .75
169 00300 00300 03300 00300 .68 .68 .68 .68 .75 .75 .75 .75
170 00300 00300 03300 00300 .68 .68 .68 .68 .75 .75 .75 .75
171 00300 00300 03300 00300 .68 .68 .68 .68 .75 .75 .75 .75
172 00300 00300 03300 00300 .68 .68 .68 .68 .75 .75 .75 .75
173 00300 00300 03300 00300 .68 .68 .68 .68 .75 .75 .75 .75
174 00300 00300 03300 00300 .68 .68 .68 .68 .75 .75 .75 .75
175 00300 00300 03300 00300 .68 .68 .68 .68 .75 .75 .75 .75
176 00300 00300 03300 00300 .68 .68 .68 .68 .75 .75 .75 .75
177 00300 00300 03300 00300 .68 .68 .68 .68 .75 .75 .75 .75
178 00300 00300 03300 00300 .68 .68 .68 .68 .75 .75 .75 .75
179 00300 00300 03300 00300 .68 .68 .68 .68 .75 .75 .75 .75
180 00300 00300 03300 00300 .68 .68 .68 .68 .75 .75 .75 .75
181 00300 00300 03300 00300 .68 .68 .68 .68 .75 .75 .75 .75
182 00300 00300 03300 00300 .68 .68 .68 .68 .75 .75 .75 .75
183 00300 00300 03300 00300 .68 .68 .68 .68 .75 .75 .75 .75
184 00300 00300 03300 00300 .68 .68 .68 .68 .75 .75 .75 .75
185 00300 00300 03300 00300 .68 .68 .68 .68 .75 .75 .75 .75
186 00300 00300 03300 00300 .68 .68 .68 .68 .75 .75 .75 .75
187 00300 00300 03300 00300 .68 .68 .68 .68 .75 .75 .75 .75
188 00300 00300 03300 00300 .68 .68 .68 .68 .75 .75 .75 .75
189 00300 00300 03300 00300 .68 .68 .68 .68 .75 .75 .75 .75
190 00300 00300 03300 00300 .68 .68 .68 .68 .75 .75 .75 .75
191 00300 00300 03300 00300 .68 .68 .68 .68 .75 .75 .75 .75
192 00300 00300 03300 00300 .68 .68 .68 .68 .75 .75 .75 .75
193 00300 00300 03300 00300 .68 .68 .68 .68 .75 .75 .75 .75
194 00300 00300 30000 00300 .22 .22 .22 .22 .41 .41 .41 .41
195 00300 00300 30000 00300 .22 .22 .22 .22 .41 .41 .41 .41
196 00300 00300 30000 00300 .22 .22 .22 .22 .41 .41 .41 .41
197 00300 00300 30000 00300 .22 .22 .22 .22 .41 .41 .41 .41
198 00300 00300 30000 00300 .22 .22 .22 .22 .41 .41 .41 .41
199 00300 00300 30000 00300 .22 .22 .22 .22 .41 .41 .41 .41
200 30300 30300 30000 30300 .72 .72 .72 .72 .79 .79 .79 .79
201 30300 30300 30000 30300 .72 .72 .72 .72 .79 .79 .79 .79
202 30300 30300 30000 30300 .72 .72 .72 .72 .79 .79 .79 .79
203 30300 30300 30000 30300 .72 .72 .72 .72 .79 .79 .79 .79
204 30300 30300 30000 30300 .72 .72 .72 .72 .79 .79 .79 .79
205 30300 30300 30000 30300 .72 .72 .72 .72 .79 .79 .79 .79
206 30300 30300 30000 30300 .72 .72 .72 .72 .79 .79 .79 .79
