0 00000 00000 00000 00000 1.0 1.0 1.0 1.0 1.0 1.0 1.0 1.0
1 00000 00000 00000 00000 1.0 1.0 1.0 1.0 1.0 1.0 1.0 1.0
2 00000 00000 00000 00000 1.0 1.0 1.0 1.0 1.0 1.0 1.0 1.0
3 00000 00000 00000 00000 1.0 1.0 1.0 1.0 1.0 1.0 1.0 1.0
4 00000 00000 00000 00000 1.0 1.0 1.0 1.0 1.0 1.0 1.0 1.0
5 00000 00000 00000 00000 1.0 1.0 1.0 1.0 1.0 1.0 1.0 1.0
6 00000 00000 00000 00000 1.0 1.0 1.0 1.0 1.0 1.0 1.0 1.0
7 00000 00000 00000 00000 1.0 1.0 1.0 1.0 1.0 1.0 1.0 1.0
8 00000 00000 00000 00000 1.0 1.0 1.0 1.0 1.0 1.0 1.0 1.0
9 00000 00000 00000 00000 1.0 1.0 1.0 1.0 1.0 1.0 1.0 1.0
10 00000 00000 00000 00000 1.0 1.0 1.0 1.0 1.0 1.0 1.0 1.0
11 00000 00000 00000 00000 1.0 1.0 1.0 1.0 1.0 1.0 1.0 1.0
12 00000 00000 00000 00000 1.0 1.0 1.0 1.0 1.0 1.0 1.0 1.0
13 00000 00000 00000 00000 1.0 1.0 1.0 1.0 1.0 1.0 1.0 1.0
14 00000 00000 00000 00000 1.0 1.0 1.0 1.0 1.0 1.0 1.0 1.0
15 00000 00000 00000 00000 1.0 1.0 1.0 1.0 1.0 1.0 1.0 1.0
16 00000 00000 00000 00000 1.0 1.0 1.0 1.0 1.0 1.0 1.0 1.0
17 00000 00000 00000 00000 1.0 1.0 1.0 1.0 1.0 1.0 1.0 1.0
18 00000 00000 00000 00000 1.0 1.0 1.0 1.0 1.0 1.0 1.0 1.0
19 00000 00000 00000 00000 1.0 1.0 1.0 1.0 1.0 1.0 1.0 1.0
20 00000 00000 00000 00000 1.0 1.0 1.0 1.0 1.0 1.0 1.0 1.0
21 00000 00000 00000 00000 1.0 1.0 1.0 1.0 1.0 1.0 1.0 1.0
22 00000 00000 00000 00000 1.0 1.0 1.0 1.0 1.0 1.0 1.0 1.0
23 00000 00000 00000 00000 1.0 1.0 1.0 1.0 1.0 1.0 1.0 1.0
24 00000 00000 00000 00000 1.0 1.0 1.0 1.0 1.0 1.0 1.0 1.0
25 00000 00000 00000 00000 1.0 1.0 1.0 1.0 1.0 1.0 1.0 1.0
26 00000 00000 00000 00000 1.0 1.0 1.0 1.0 1.0 1.0 1.0 1.0
27 00000 00000 00000 00000 1.0 1.0 1.0 1.0 1.0 1.0 1.0 1.0
28 00000 00000 00000 00000 1.0 1.0 1.0 1.0 1.0 1.0 1.0 1.0
29 00000 00000 00000 00000 1.0 1.0 1.0 1.0 1.0 1.0 1.0 1.0
30 00000 00000 00000 00000 1.0 1.0 1.0 1.0 1.0 1.0 1.0 1.0
31 00000 00000 00000 00000 1.0 1.0 1.0 1.0 1.0 1.0 1.0 1.0
32 00000 00000 00000 00000 1.0 1.0 1.0 1.0 1.0 1.0 1.0 1.0
33 00000 00000 00000 00000 1.0 1.0 1.0 1.0 1.0 1.0 1.0 1.0
34 00000 00000 00000 00000 1.0 1.0 1.0 1.0 1.0 1.0 1.0 1.0
35 00000 00000 00000 00000 1.0 1.0 1.0 1.0 1.0 1.0 1.0 1.0
36 00000 00000 00000 00000 1.0 1.0 1.0 1.0 1.0 1.0 1.0 1.0
37 00000 00000 00000 00000 1.0 1.0 1.0 1.0 1.0 1.0 1.0 1.0
38 00000 00000 00000 00000 1.0 1.0 1.0 1.0 1.0 1.0 1.0 1.0
39 00000 00000 00000 00000 1.0 1.0 1.0 1.0 1.0 1.0 1.0 1.0
40 00000 00000 00000 00000 1.0 1.0 1.0 1.0 1.0 1.0 1.0 1.0
41 00000 00000 00000 00000 1.0 1.0 1.0 1.0 1.0 1.0 1.0 1.0
42 00000 00000 00000 00000 1.0 1.0 1.0 1.0 1.0 1.0 1.0 1.0
43 00000 00000 00000 00000 1.0 1.0 1.0 1.0 1.0 1.0 1.0 1.0
44 00000 00000 00000 00000 1.0 1.0 1.0 1.0 1.0 1.0 1.0 1.0
45 00000 00000 00000 00000 1.0 1.0 1.0 1.0 1.0 1.0 1.0 1.0
46 00000 00000 00000 00000 1.0 1.0 1.0 1.0 1.0 1.0 1.0 1.0
47 00000 00000 00000 00000 1.0 1.0 1.0 1.0 1.0 1.0 1.0 1.0
48 00000 00000 00000 00000 1.0 1.0 1.0 1.0 1.0 1.0 1.0 1.0
49 00000 00000 00000 00000 1.0 1.0 1.0 1.0 1.0 1.0 1.0 1.0
50 00300 00300 00000 00300 .46 .46 .46 .46 .63 .63 .63 .63
51 00300 00300 00000 00300 .46 .46 .46 .46 .63 .63 .63 .63
52 00300 00300 00000 00300 .46 .46 .46 .46 .63 .63 .63 .63
53 00300 00300 00000 00300 .46 .46 .46 .46 .63 .63 .63 .63
54 00300 00300 00000 00300 .46 .46 .46 .46 .63 .63 .63 .63
55 00300 00300 00000 00300 .46 .46 .46 .46 .63 .63 .63 .63
56 00300 00300 00000 00300 .46 .46 .46 .46 .63 .63 .63 .63
57 00300 00300 00000 00300 .46 .46 .46 .46 .63 .63 .63 .63
58 00300 00300 00000 00300 .46 .46 .46 .46 .63 .63 .63 .63
59 00300 00300 00000 00300 .46 .46 .46 .46 .63 .63 .63 .63
60 00300 00300 00000 00300 .46 .46 .46 .46 .63 .63 .63 .63
61 00300 00300 00000 00300 .46 .46 .46 .46 .63 .63 .63 .63
62 00300 00300 00000 00300 .46 .46 .46 .46 .63 .63 .63 .63
63 00300 00300 00000 00300 .46 .46 .46 .46 .63 .63 .63 .63
64 00300 00300 00000 00300 .46 .46 .46 .46 .63 .63 .63 .63
65 00300 00300 00000 00300 .46 .46 .46 .46 .63 .63 .63 .63
66 00300 00300 00000 00300 .46 .46 .46 .46 .63 .63 .63 .63
67 00300 00300 00000 00300 .46 .46 .46 .46 .63 .63 .63 .63
68 00300 00300 00000 00300 .46 .46 .46 .46 .63 .63 .63 .63
69 00300 00300 00000 00300 .46 .46 .46 .46 .63 .63 .63 .63
70 00300 00300 00000 00300 .46 .46 .46 .46 .63 .63 .63 .63
71 00300 00300 00000 00300 .46 .46 .46 .46 .63 .63 .63 .63
72 00300 00300 00000 00300 .46 .46 .46 .46 .63 .63 .63 .63
73 00300 00300 00000 00300 .46 .46 .46 .46 .63 .63 .63 .63
74 00300 00300 00000 00300 .46 .46 .46 .46 .63 .63 .63 .63
75 00300 00300 00000 00300 .46 .46 .46 .46 .63 .63 .63 .63
76 00300 00300 00000 00300 .46 .46 .46 .46 .63 .63 .63 .63
77 00300 00300 03300 00300 .68 .68 .68 .68 .75 .75 .75 .75
78 00300 00300 03300 00300 .68 .68 .68 .68 .75 .75 .75 .75
79 00300 00300 03300 00300 .68 .68 .68 .68 .75 .75 .75 .75
80 00300 00300 03300 00300 .68 .68 .68 .68 .75 .75 .75 .75
81 00300 00300 03300 00300 .68 .68 .68 .68 .75 .75 .75 .75
82 00300 00300 03300 00300 .68 .68 .68 .68 .75 .75 .75 .75
83 00300 00300 03300 00300 .68 .68 .68 .68 .75 .75 .75 .75
84 00300 00300 03300 00300 .68 .68 .68 .68 .75 .75 .75 .75
85 00300 00300 03300 00300 .68 .68 .68 .68 .75 .75 .75 .75
86 00300 00300 03300 00300 .68 .68 .68 .68 .75 .75 .75 .75
87 00300 00300 03300 00300 .68 .68 .68 .68 .75 .75 .75 .75
88 00300 00300 03300 00300 .68 .68 .68 .68 .75 .75 .75 .75
89 00300 00300 03300 00300 .68 .68 .68 .68 .75 .75 .75 .75
90 00300 00300 03300 00300 .68 .68 .68 .68 .75 .75 .75 .75
91 00300 00300 03300 00300 .68 .68 .68 .68 .75 .75 .75 .75
92 00300 00300 03300 00300 .68 .68 .68 .68 .75 .75 .75 .75
93 00300 00300 03300 00300 .68 .68 .68 .68 .75 .75 .75 .75
94 00300 00300 03300 00300 .68 .68 .68 .68 .75 .75 .75 .75
95 00300 00300 03300 00300 .68 .68 .68 .68 .75 .75 .75 .75
96 00300 00300 03300 00300 .68 .68 .68 .68 .75 .75 .75 .75
97 00300 00300 03300 00300 .68 .68 .68 .68 .75 .75 .75 .75
98 00300 00300 03300 00300 .68 .68 .68 .68 .75 .75 .75 .75
99 00300 00300 03300 00300 .68 .68 .68 .68 .75 .75 .75 .75
100 00300 00300 03300 00300 .68 .68 .68 .68 .75 .75 .75 .75
101 00300 00300 03300 00300 .68 .68 .68 .68 .75 .75 .75 .75
102 00300 00300 03300 00300 .68 .68 .68 .68 .75 .75 .75 .75
103 00300 00300 03300 00300 .68 .68 .68 .68 .75 .75 .75 .75
104 00300 00300 03300 00300 .68 .68 .68 .68 .75 .75 .75 .75
105 00300 00300 03300 00300 .68 .68 .68 .68 .75 .75 .75 .75
106 00300 00300 03300 00300 .68 .68 .68 .68 .75 .75 .75 .75
107 00300 00300 03300 00300 .68 .68 .68 .68 .75 .75 .75 .75
