0 00300 00300 00000 00300 .46 .46 .46 .46 .63 .63 .63 .63
1 00300 00300 03300 00300 .68 .68 .68 .68 .75 .75 .75 .75
2 00300 00300 03300 00300 .68 .68 .68 .68 .75 .75 .75 .75
3 00300 00300 03300 00300 .68 .68 .68 .68 .75 .75 .75 .75
4 00300 00300 03300 00300 .68 .68 .68 .68 .75 .75 .75 .75
5 00300 00300 03300 00300 .68 .68 .68 .68 .75 .75 .75 .75
6 00300 00300 03300 00300 .68 .68 .68 .68 .75 .75 .75 .75
7 00300 00300 03300 00300 .68 .68 .68 .68 .75 .75 .75 .75
8 00300 00300 03300 00300 .68 .68 .68 .68 .75 .75 .75 .75
9 00300 00300 03300 00300 .68 .68 .68 .68 .75 .75 .75 .75
10 00300 00300 03300 00300 .68 .68 .68 .68 .75 .75 .75 .75
11 00300 00300 03300 00300 .68 .68 .68 .68 .75 .75 .75 .75
12 00300 00300 03300 00300 .68 .68 .68 .68 .75 .75 .75 .75
13 00300 00300 03300 00300 .68 .68 .68 .68 .75 .75 .75 .75
14 00300 00300 03300 00300 .68 .68 .68 .68 .75 .75 .75 .75
15 00300 00300 03300 00300 .68 .68 .68 .68 .75 .75 .75 .75
16 00300 00300 03300 00300 .68 .68 .68 .68 .75 .75 .75 .75
17 00300 00300 03300 00300 .68 .68 .68 .68 .75 .75 .75 .75
18 00300 00300 03300 00300 .68 .68 .68 .68 .75 .75 .75 .75
19 00300 00300 03300 00300 .68 .68 .68 .68 .75 .75 .75 .75
20 00300 00300 03300 00300 .68 .68 .68 .68 .75 .75 .75 .75
21 00300 00300 03300 00300 .68 .68 .68 .68 .75 .75 .75 .75
22 00300 00300 03300 00300 .68 .68 .68 .68 .75 .75 .75 .75
23 00300 00300 03300 00300 .68 .68 .68 .68 .75 .75 .75 .75
24 00300 00300 03300 00300 .68 .68 .68 .68 .75 .75 .75 .75
25 00300 00300 03300 00300 .68 .68 .68 .68 .75 .75 .75 .75
26 00300 00300 03300 00300 .68 .68 .68 .68 .75 .75 .75 .75
27 00300 00300 03300 00300 .68 .68 .68 .68 .75 .75 .75 .75
28 00300 00300 03300 00300 .68 .68 .68 .68 .75 .75 .75 .75
29 00300 00300 03300 00300 .68 .68 .68 .68 .75 .75 .75 .75
30 30300 30300 03300 30300 .48 .48 .48 .48 .60 .60 .60 .60
31 30300 30300 30000 30300 .72 .72 .72 .72 .79 .79 .79 .79
32 30300 30300 30000 30300 .72 .72 .72 .72 .79 .79 .79 .79
33 30300 30300 30000 30300 .72 .72 .72 .72 .79 .79 .79 .79
34 30300 30300 30000 30300 .72 .72 .72 .72 .79 .79 .79 .79
35 30300 30300 30000 30300 .72 .72 .72 .72 .79 .79 .79 .79
36 30300 30300 30000 30300 .72 .72 .72 .72 .79 .79 .79 .79
37 30300 30300 30000 30300 .72 .72 .72 .72 .79 .79 .79 .79
38 30300 30300 30000 30300 .72 .72 .72 .72 .79 .79 .79 .79
39 30300 30300 30000 30300 .72 .72 .72 .72 .79 .79 .79 .79
40 30000 30000 30000 30000 1.00 1.00 1.00 1.00 1.00 1.00 1.00 1.00
41 30000 30000 30000 30000 1.00 1.00 1.00 1.00 1.00 1.00 1.00 1.00
42 30000 30000 30000 30000 1.00 1.00 1.00 1.00 1.00 1.00 1.00 1.00
43 30000 30000 30000 30000 1.00 1.00 1.00 1.00 1.00 1.00 1.00 1.00
44 30000 30000 30000 30000 1.00 1.00 1.00 1.00 1.00 1.00 1.00 1.00
45 30000 30000 30000 30000 1.00 1.00 1.00 1.00 1.00 1.00 1.00 1.00
46 30000 30000 30000 30000 1.00 1.00 1.00 1.00 1.00 1.00 1.00 1.00
47 30000 30000 30000 30000 1.00 1.00 1.00 1.00 1.00 1.00 1.00 1.00
48 30000 30000 30000 30000 1.00 1.00 1.00 1.00 1.00 1.00 1.00 1.00
49 30000 30000 30000 30000 1.00 1.00 1.00 1.00 1.00 1.00 1.00 1.00
50 30000 30000 30000 30000 1.00 1.00 1.00 1.00 1.00 1.00 1.00 1.00
51 30000 30000 30000 30000 1.00 1.00 1.00 1.00 1.00 1.00 1.00 1.00
52 30000 30000 30000 30000 1.00 1.00 1.00 1.00 1.00 1.00 1.00 1.00
53 30000 30000 30000 30000 1.00 1.00 1.00 1.00 1.00 1.00 1.00 1.00
54 30000 30000 30000 30000 1.00 1.00 1.00 1.00 1.00 1.00 1.00 1.00
55 30000 30000 30000 30000 1.00 1.00 1.00 1.00 1.00 1.00 1.00 1.00
56 30000 30000 30000 30000 1.00 1.00 1.00 1.00 1.00 1.00 1.00 1.00
57 30000 30000 30000 30000 1.00 1.00 1.00 1.00 1.00 1.00 1.00 1.00
58 30000 30000 30000 30000 1.00 1.00 1.00 1.00 1.00 1.00 1.00 1.00
59 30000 30000 30000 30000 1.00 1.00 1.00 1.00 1.00 1.00 1.00 1.00
60 30000 30000 30000 30000 1.00 1.00 1.00 1.00 1.00 1.00 1.00 1.00
61 30000 30000 30000 30000 1.00 1.00 1.00 1.00 1.00 1.00 1.00 1.00
62 30000 30000 30000 30000 1.00 1.00 1.00 1.00 1.00 1.00 1.00 1.00
63 30000 30000 30000 30000 1.00 1.00 1.00 1.00 1.00 1.00 1.00 1.00
64 30000 30000 30000 30000 1.00 1.00 1.00 1.00 1.00 1.00 1.00 1.00
65 30000 30000 30000 30000 1.00 1.00 1.00 1.00 1.00 1.00 1.00 1.00
66 30000 30000 30000 30000 1.00 1.00 1.00 1.00 1.00 1.00 1.00 1.00
67 30000 30000 30000 30000 1.00 1.00 1.00 1.00 1.00 1.00 1.00 1.00
68 30000 30000 30300 30000 .68 .68 .68 .68 .75 .75 .75 .75
69 30000 30000 30300 30000 .68 .68 .68 .68 .75 .75 .75 .75
70 30000 30000 30300 30000 .68 .68 .68 .68 .75 .75 .75 .75
71 30000 30000 30300 30000 .68 .68 .68 .68 .75 .75 .75 .75
72 30000 30000 30300 30000 .68 .68 .68 .68 .75 .75 .75 .75
73 30000 30000 30300 30000 .68 .68 .68 .68 .75 .75 .75 .75
74 30000 30000 30300 30000 .68 .68 .68 .68 .75 .75 .75 .75
75 30000 30000 30300 30000 .68 .68 .68 .68 .75 .75 .75 .75
76 30000 30000 30300 30000 .68 .68 .68 .68 .75 .75 .75 .75
77 30000 30000 30300 30000 .68 .68 .68 .68 .75 .75 .75 .75
78 30000 30000 30300 30000 .68 .68 .68 .68 .75 .75 .75 .75
79 30000 30000 30300 30000 .68 .68 .68 .68 .75 .75 .75 .75
80 30000 30000 30300 30000 .68 .68 .68 .68 .75 .75 .75 .75
81 30000 30000 30300 30000 .68 .68 .68 .68 .75 .75 .75 .75
82 30000 30000 30300 30000 .68 .68 .68 .68 .75 .75 .75 .75
83 30000 30000 30000 30000 1.00 1.00 1.00 1.00 1.00 1.00 1.00 1.00
84 30000 30000 30000 30000 1.00 1.00 1.00 1.00 1.00 1.00 1.00 1.00
85 30000 30000 30000 30000 1.00 1.00 1.00 1.00 1.00 1.00 1.00 1.00
86 30000 30000 30000 30000 1.00 1.00 1.00 1.00 1.00 1.00 1.00 1.00
87 30000 30000 30000 30000 1.00 1.00 1.00 1.00 1.00 1.00 1.00 1.00
88 30000 30000 30000 30000 1.00 1.00 1.00 1.00 1.00 1.00 1.00 1.00
89 30000 30000 30000 30000 1.00 1.00 1.00 1.00 1.00 1.00 1.00 1.00
90 30000 30000 30000 30000 1.00 1.00 1.00 1.00 1.00 1.00 1.00 1.00
91 30000 30000 30000 30000 1.00 1.00 1.00 1.00 1.00 1.00 1.00 1.00
92 30000 30000 30000 30000 1.00 1.00 1.00 1.00 1.00 1.00 1.00 1.00
93 30000 30000 30000 30000 1.00 1.00 1.00 1.00 1.00 1.00 1.00 1.00
94 30000 30000 30000 30000 1.00 1.00 1.00 1.00 1.00 1.00 1.00 1.00
95 30000 30000 30000 30000 1.00 1.00 1.00 1.00 1.00 1.00 1.00 1.00
96 30000 30000 30000 30000 1.00 1.00 1.00 1.00 1.00 1.00 1.00 1.00
97 30000 30000 30000 30000 1.00 1.00 1.00 1.00 1.00 1.00 1.00 1.00
98 30000 30000 00000 30000 .46 .46 .46 .46 .63 .63 .63 .63
99 30000 30000 00000 30000 .46 .46 .46 .46 .63 .63 .63 .63
100 30001 30001 00000 30001 .42 .37 .41 .38 .59 .55 .58 .56
101 30001 30001 00000 30001 .42 .37 .41 .38 .59 .55 .58 .56
