0 03000 30000 00000 00000 -0.08 -0.08 -0.08 -0.08 -0.06 -0.06 -0.06 -0.06
1 03000 30000 03300 03000 .05 .05 .05 .05 .24 .24 .24 .24
2 03000 30000 03300 03000 .05 .05 .05 .05 .24 .24 .24 .24
3 03000 30000 03300 03000 .05 .05 .05 .05 .24 .24 .24 .24
4 03000 30000 03300 03000 .05 .05 .05 .05 .24 .24 .24 .24
5 03000 30000 03300 03000 .05 .05 .05 .05 .24 .24 .24 .24
6 03000 30000 03300 03000 .05 .05 .05 .05 .24 .24 .24 .24
7 03000 30000 03300 03000 .05 .05 .05 .05 .24 .24 .24 .24
8 03000 30000 03300 03000 .05 .05 .05 .05 .24 .24 .24 .24
9 03000 30000 03300 03000 .05 .05 .05 .05 .24 .24 .24 .24
10 30000 30000 03300 30000 .05 .05 .05 .05 .24 .24 .24 .24
11 30000 30000 03300 30000 .05 .05 .05 .05 .24 .24 .24 .24
12 30000 30000 03300 30000 .05 .05 .05 .05 .24 .24 .24 .24
13 30000 30000 30030 30000 .68 .68 .68 .68 .75 .75 .75 .75
14 30000 30000 30030 30000 .68 .68 .68 .68 .75 .75 .75 .75
15 30000 30000 30030 30000 .68 .68 .68 .68 .75 .75 .75 .75
16 30000 30000 30030 30000 .68 .68 .68 .68 .75 .75 .75 .75
17 30000 30000 30030 30000 .68 .68 .68 .68 .75 .75 .75 .75
18 30000 30000 30030 30000 .68 .68 .68 .68 .75 .75 .75 .75
19 30000 30000 30030 30000 .68 .68 .68 .68 .75 .75 .75 .75
20 30000 30000 30030 30000 .68 .68 .68 .68 .75 .75 .75 .75
21 30000 30000 30030 30000 .68 .68 .68 .68 .75 .75 .75 .75
22 30000 30000 30030 30000 .68 .68 .68 .68 .75 .75 .75 .75
23 30000 30000 30030 30000 .68 .68 .68 .68 .75 .75 .75 .75
24 30000 30000 30030 30000 .68 .68 .68 .68 .75 .75 .75 .75
25 30000 30000 03000 30000 .22 .22 .22 .22 .41 .41 .41 .41
26 30000 30000 03000 30000 .22 .22 .22 .22 .41 .41 .41 .41
27 30000 30000 03000 30000 .22 .22 .22 .22 .41 .41 .41 .41
28 30000 30000 03000 30000 .22 .22 .22 .22 .41 .41 .41 .41
29 30000 30000 03000 30000 .22 .22 .22 .22 .41 .41 .41 .41
30 30000 30000 03000 30000 .22 .22 .22 .22 .41 .41 .41 .41
31 30000 30000 03000 30000 .22 .22 .22 .22 .41 .41 .41 .41
32 30000 30000 30000 30000 1.00 1.00 1.00 1.00 1.00 1.00 1.00 1.00
33 30000 30000 30000 30000 1.00 1.00 1.00 1.00 1.00 1.00 1.00 1.00
34 30000 30000 30000 30000 1.00 1.00 1.00 1.00 1.00 1.00 1.00 1.00
35 30000 30000 30000 30000 1.00 1.00 1.00 1.00 1.00 1.00 1.00 1.00
36 30000 30000 30000 30000 1.00 1.00 1.00 1.00 1.00 1.00 1.00 1.00
37 30000 30000 30000 30000 1.00 1.00 1.00 1.00 1.00 1.00 1.00 1.00
38 30000 30000 30000 30000 1.00 1.00 1.00 1.00 1.00 1.00 1.00 1.00
39 30000 30000 30000 30000 1.00 1.00 1.00 1.00 1.00 1.00 1.00 1.00
40 30000 30000 30000 30000 1.00 1.00 1.00 1.00 1.00 1.00 1.00 1.00
41 30000 30000 30000 30000 1.00 1.00 1.00 1.00 1.00 1.00 1.00 1.00
42 30000 30000 30000 30000 1.00 1.00 1.00 1.00 1.00 1.00 1.00 1.00
43 30000 30000 30000 30000 1.00 1.00 1.00 1.00 1.00 1.00 1.00 1.00
44 30000 30000 30000 30000 1.00 1.00 1.00 1.00 1.00 1.00 1.00 1.00
45 30000 30000 30000 30000 1.00 1.00 1.00 1.00 1.00 1.00 1.00 1.00
46 30000 30000 30000 30000 1.00 1.00 1.00 1.00 1.00 1.00 1.00 1.00
47 30000 30000 30000 30000 1.00 1.00 1.00 1.00 1.00 1.00 1.00 1.00
48 30000 30000 30000 30000 1.00 1.00 1.00 1.00 1.00 1.00 1.00 1.00
49 30000 30000 30000 30000 1.00 1.00 1.00 1.00 1.00 1.00 1.00 1.00
50 30000 30000 30300 30000 .68 .68 .68 .68 .75 .75 .75 .75
51 30000 30000 30300 30000 .68 .68 .68 .68 .75 .75 .75 .75
52 30000 30000 30300 30000 .68 .68 .68 .68 .75 .75 .75 .75
53 30000 30000 30300 30000 .68 .68 .68 .68 .75 .75 .75 .75
54 30000 30000 30300 30000 .68 .68 .68 .68 .75 .75 .75 .75
55 30000 30000 30300 30000 .68 .68 .68 .68 .75 .75 .75 .75
56 30000 30000 30300 30000 .68 .68 .68 .68 .75 .75 .75 .75
57 30000 30000 30300 30000 .68 .68 .68 .68 .75 .75 .75 .75
58 30000 30000 30300 30000 .68 .68 .68 .68 .75 .75 .75 .75
59 30000 30000 30300 30000 .68 .68 .68 .68 .75 .75 .75 .75
60 30000 30000 30300 30000 .68 .68 .68 .68 .75 .75 .75 .75
61 30000 30000 30300 30000 .68 .68 .68 .68 .75 .75 .75 .75
62 30000 30000 30300 30000 .68 .68 .68 .68 .75 .75 .75 .75
63 30000 30000 30300 30000 .68 .68 .68 .68 .75 .75 .75 .75
64 30000 30000 30300 30000 .68 .68 .68 .68 .75 .75 .75 .75
65 30000 30000 00030 30000 .22 .22 .22 .22 .41 .41 .41 .41
66 30000 30000 00030 30000 .22 .22 .22 .22 .41 .41 .41 .41
67 30000 30000 00030 30000 .22 .22 .22 .22 .41 .41 .41 .41
68 30000 30000 00030 30000 .22 .22 .22 .22 .41 .41 .41 .41
69 30000 30000 00030 30000 .22 .22 .22 .22 .41 .41 .41 .41
70 30000 30001 00030 30000 .11 .09 .17 .06 .28 .29 .37 .25
71 30000 30001 00030 30000 .11 .09 .17 .06 .28 .29 .37 .25
72 30000 30001 00030 30000 .11 .09 .17 .06 .28 .29 .37 .25
73 30000 30001 00030 30000 .11 .09 .17 .06 .28 .29 .37 .25
74 30000 30001 00030 30000 .11 .09 .17 .06 .28 .29 .37 .25
75 30000 30001 00030 30000 .11 .09 .17 .06 .28 .29 .37 .25
76 30000 30001 00030 30000 .11 .09 .17 .06 .28 .29 .37 .25
77 30000 30001 00030 30000 .11 .09 .17 .06 .28 .29 .37 .25
78 30000 30001 00030 30000 .11 .09 .17 .06 .28 .29 .37 .25
79 30000 30001 00030 30000 .11 .09 .17 .06 .28 .29 .37 .25
80 30001 30001 00030 30001 .25 .14 .15 .18 .45 .34 .35 .39
81 30001 30001 00030 30001 .25 .14 .15 .18 .45 .34 .35 .39
82 30001 30001 00030 30001 .25 .14 .15 .18 .45 .34 .35 .39
83 30001 30001 00030 30001 .25 .14 .15 .18 .45 .34 .35 .39
84 30001 30001 30030 30001 .55 .55 .63 .50 .66 .65 .70 .62
85 30001 30001 30030 30001 .55 .55 .63 .50 .66 .65 .70 .62
86 30001 30001 30030 30001 .55 .55 .63 .50 .66 .65 .70 .62
87 30001 30001 30030 30001 .55 .55 .63 .50 .66 .65 .70 .62
88 30001 30001 30030 30001 .55 .55 .63 .50 .66 .65 .70 .62
89 30001 30001 30030 30001 .55 .55 .63 .50 .66 .65 .70 .62
90 30001 30001 30030 30001 .55 .55 .63 .50 .66 .65 .70 .62
91 30001 30001 30030 30001 .55 .55 .63 .50 .66 .65 .70 .62
92 30001 30001 30030 30001 .55 .55 .63 .50 .66 .65 .70 .62
