0 00000 00000 00000 00000 1.0 1.0 1.0 1.0 1.0 1.0 1.0 1.0
1 00000 00000 00000 00000 1.0 1.0 1.0 1.0 1.0 1.0 1.0 1.0
2 00000 00000 00000 00000 1.0 1.0 1.0 1.0 1.0 1.0 1.0 1.0
3 00000 00000 00000 00000 1.0 1.0 1.0 1.0 1.0 1.0 1.0 1.0
4 00000 00000 00000 00000 1.0 1.0 1.0 1.0 1.0 1.0 1.0 1.0
5 00000 00000 00000 00000 1.0 1.0 1.0 1.0 1.0 1.0 1.0 1.0
6 00000 00000 00000 00000 1.0 1.0 1.0 1.0 1.0 1.0 1.0 1.0
7 00000 00000 00000 00000 1.0 1.0 1.0 1.0 1.0 1.0 1.0 1.0
8 00000 00000 00000 00000 1.0 1.0 1.0 1.0 1.0 1.0 1.0 1.0
9 00000 00000 00000 00000 1.0 1.0 1.0 1.0 1.0 1.0 1.0 1.0
10 00000 00000 00000 00000 1.0 1.0 1.0 1.0 1.0 1.0 1.0 1.0
11 00000 00000 00000 00000 1.0 1.0 1.0 1.0 1.0 1.0 1.0 1.0
12 00000 00000 00000 00000 1.0 1.0 1.0 1.0 1.0 1.0 1.0 1.0
13 00000 00000 00000 00000 1.0 1.0 1.0 1.0 1.0 1.0 1.0 1.0
14 00000 00000 00000 00000 1.0 1.0 1.0 1.0 1.0 1.0 1.0 1.0
15 00000 00000 00000 00000 1.0 1.0 1.0 1.0 1.0 1.0 1.0 1.0
16 00000 00000 00000 00000 1.0 1.0 1.0 1.0 1.0 1.0 1.0 1.0
17 00000 00000 00000 00000 1.0 1.0 1.0 1.0 1.0 1.0 1.0 1.0
18 00000 00000 00000 00000 1.0 1.0 1.0 1.0 1.0 1.0 1.0 1.0
19 00000 00000 00000 00000 1.0 1.0 1.0 1.0 1.0 1.0 1.0 1.0
20 00000 00000 00000 00000 1.0 1.0 1.0 1.0 1.0 1.0 1.0 1.0
21 00000 00000 00000 00000 1.0 1.0 1.0 1.0 1.0 1.0 1.0 1.0
22 00000 00000 00000 00000 1.0 1.0 1.0 1.0 1.0 1.0 1.0 1.0
23 00000 00000 00000 00000 1.0 1.0 1.0 1.0 1.0 1.0 1.0 1.0
24 00000 00000 00000 00000 1.0 1.0 1.0 1.0 1.0 1.0 1.0 1.0
25 00000 00000 00000 00000 1.0 1.0 1.0 1.0 1.0 1.0 1.0 1.0
26 00000 00000 00000 00000 1.0 1.0 1.0 1.0 1.0 1.0 1.0 1.0
27 00000 00000 00000 00000 1.0 1.0 1.0 1.0 1.0 1.0 1.0 1.0
28 00000 00000 00000 00000 1.0 1.0 1.0 1.0 1.0 1.0 1.0 1.0
29 00000 00000 00000 00000 1.0 1.0 1.0 1.0 1.0 1.0 1.0 1.0
30 00000 00000 00000 00000 1.0 1.0 1.0 1.0 1.0 1.0 1.0 1.0
31 00000 00000 00000 00000 1.0 1.0 1.0 1.0 1.0 1.0 1.0 1.0
32 00000 00000 00000 00000 1.0 1.0 1.0 1.0 1.0 1.0 1.0 1.0
33 00000 00000 00000 00000 1.0 1.0 1.0 1.0 1.0 1.0 1.0 1.0
34 00000 00000 00000 00000 1.0 1.0 1.0 1.0 1.0 1.0 1.0 1.0
35 00000 00000 00000 00000 1.0 1.0 1.0 1.0 1.0 1.0 1.0 1.0
36 00000 00000 00000 00000 1.0 1.0 1.0 1.0 1.0 1.0 1.0 1.0
37 00000 00000 00000 00000 1.0 1.0 1.0 1.0 1.0 1.0 1.0 1.0
38 00000 00000 03000 00000 1.0 1.0 1.0 1.0 1.0 1.0 1.0 1.0
39 00000 00000 03000 00000 1.0 1.0 1.0 1.0 1.0 1.0 1.0 1.0
40 00000 00000 03000 00000 1.0 1.0 1.0 1.0 1.0 1.0 1.0 1.0
41 00000 00000 03000 00000 1.0 1.0 1.0 1.0 1.0 1.0 1.0 1.0
42 00000 00000 03000 00000 1.0 1.0 1.0 1.0 1.0 1.0 1.0 1.0
43 00000 00000 03000 00000 1.0 1.0 1.0 1.0 1.0 1.0 1.0 1.0
44 00000 00000 03000 00000 1.0 1.0 1.0 1.0 1.0 1.0 1.0 1.0
45 00000 00000 03000 00000 1.0 1.0 1.0 1.0 1.0 1.0 1.0 1.0
46 00000 00000 03000 00000 1.0 1.0 1.0 1.0 1.0 1.0 1.0 1.0
47 00000 00000 03000 00000 1.0 1.0 1.0 1.0 1.0 1.0 1.0 1.0
48 00000 00000 03000 00000 1.0 1.0 1.0 1.0 1.0 1.0 1.0 1.0
49 00000 00000 03000 00000 1.0 1.0 1.0 1.0 1.0 1.0 1.0 1.0
50 00000 00000 03000 00000 1.0 1.0 1.0 1.0 1.0 1.0 1.0 1.0
51 00000 00000 03000 00000 1.0 1.0 1.0 1.0 1.0 1.0 1.0 1.0
52 00000 00000 03000 00000 1.0 1.0 1.0 1.0 1.0 1.0 1.0 1.0
53 00000 00000 00000 00000 1.0 1.0 1.0 1.0 1.0 1.0 1.0 1.0
54 00000 00000 00000 00000 1.0 1.0 1.0 1.0 1.0 1.0 1.0 1.0
55 00000 00000 00000 00000 1.0 1.0 1.0 1.0 1.0 1.0 1.0 1.0
56 00000 00000 00000 00000 1.0 1.0 1.0 1.0 1.0 1.0 1.0 1.0
57 00000 00000 00000 00000 1.0 1.0 1.0 1.0 1.0 1.0 1.0 1.0
58 00000 00000 00000 00000 1.0 1.0 1.0 1.0 1.0 1.0 1.0 1.0
59 00000 00000 00000 00000 1.0 1.0 1.0 1.0 1.0 1.0 1.0 1.0
60 00000 00000 00000 00000 1.0 1.0 1.0 1.0 1.0 1.0 1.0 1.0
61 00000 00000 00000 00000 1.0 1.0 1.0 1.0 1.0 1.0 1.0 1.0
62 00000 00000 00000 00000 1.0 1.0 1.0 1.0 1.0 1.0 1.0 1.0
63 00000 00000 00000 00000 1.0 1.0 1.0 1.0 1.0 1.0 1.0 1.0
64 00000 00000 00000 00000 1.0 1.0 1.0 1.0 1.0 1.0 1.0 1.0
65 00000 00000 00000 00000 1.0 1.0 1.0 1.0 1.0 1.0 1.0 1.0
66 00000 00000 00000 00000 1.0 1.0 1.0 1.0 1.0 1.0 1.0 1.0
67 00000 00000 00000 00000 1.0 1.0 1.0 1.0 1.0 1.0 1.0 1.0
68 00000 00000 00000 00000 1.0 1.0 1.0 1.0 1.0 1.0 1.0 1.0
69 00000 00000 00000 00000 1.0 1.0 1.0 1.0 1.0 1.0 1.0 1.0
70 00000 03000 00000 00000 1.0 1.0 1.0 1.0 1.0 1.0 1.0 1.0
71 00000 03000 00000 00000 1.0 1.0 1.0 1.0 1.0 1.0 1.0 1.0
72 00000 03000 00000 00000 1.0 1.0 1.0 1.0 1.0 1.0 1.0 1.0
73 00000 03000 00000 00000 1.0 1.0 1.0 1.0 1.0 1.0 1.0 1.0
74 00000 03000 00000 00000 1.0 1.0 1.0 1.0 1.0 1.0 1.0 1.0
75 00000 03000 00000 00000 1.0 1.0 1.0 1.0 1.0 1.0 1.0 1.0
76 00000 03000 00000 00000 1.0 1.0 1.0 1.0 1.0 1.0 1.0 1.0
77 00000 03000 00000 00000 1.0 1.0 1.0 1.0 1.0 1.0 1.0 1.0
78 00000 03000 00000 00000 1.0 1.0 1.0 1.0 1.0 1.0 1.0 1.0
79 00000 03000 00000 00000 1.0 1.0 1.0 1.0 1.0 1.0 1.0 1.0
80 03000 03000 00000 03000 .46 .46 .46 .46 .63 .63 .63 .63
81 03000 03000 00000 03000 .46 .46 .46 .46 .63 .63 .63 .63
82 03000 03000 00000 03000 .46 .46 .46 .46 .63 .63 .63 .63
83 03000 03000 03000 03000 1.00 1.00 1.00 1.00 1.00 1.00 1.00 1.00
84 03000 03000 03000 03000 1.00 1.00 1.00 1.00 1.00 1.00 1.00 1.00
85 03000 03000 03000 03000 1.00 1.00 1.00 1.00 1.00 1.00 1.00 1.00
86 03000 03000 03000 03000 1.00 1.00 1.00 1.00 1.00 1.00 1.00 1.00
87 03000 03000 03000 03000 1.00 1.00 1.00 1.00 1.00 1.00 1.00 1.00
88 03000 03000 03000 03000 1.00 1.00 1.00 1.00 1.00 1.00 1.00 1.00
89 03000 03000 03000 03000 1.00 1.00 1.00 1.00 1.00 1.00 1.00 1.00
90 30000 30000 03000 30000 .22 .22 .22 .22 .41 .41 .41 .41
91 30000 30000 03000 30000 .22 .22 .22 .22 .41 .41 .41 .41
92 30000 30000 03000 30000 .22 .22 .22 .22 .41 .41 .41 .41
93 30000 30000 03000 30000 .22 .22 .22 .22 .41 .41 .41 .41
94 30000 30000 03000 30000 .22 .22 .22 .22 .41 .41 .41 .41
95 30000 30000 03000 30000 .22 .22 .22 .22 .41 .41 .41 .41
96 30000 30000 03000 30000 .22 .22 .22 .22 .41 .41 .41 .41
97 30000 30000 03000 30000 .22 .22 .22 .22 .41 .41 .41 .41
98 30000 30000 03000 30000 .22 .22 .22 .22 .41 .41 .41 .41
99 30000 30000 03000 30000 .22 .22 .22 .22 .41 .41 .41 .41
100 30000 30000 03000 30000 .22 .22 .22 .22 .41 .41 .41 .41
101 30000 30000 03000 30000 .22 .22 .22 .22 .41 .41 .41 .41
102 30000 30000 03000 30000 .22 .22 .22 .22 .41 .41 .41 .41
103 30000 30000 03000 30000 .22 .22 .22 .22 .41 .41 .41 .41
104 30000 30000 03000 30000 .22 .22 .22 .22 .41 .41 .41 .41
105 30000 30000 03000 30000 .22 .22 .22 .22 .41 .41 .41 .41
106 30000 30000 03000 30000 .22 .22 .22 .22 .41 .41 .41 .41
107 30000 30000 03000 30000 .22 .22 .22 .22 .41 .41 .41 .41
108 30000 30000 03000 30000 .22 .22 .22 .22 .41 .41 .41 .41
109 30000 30000 03000 30000 .22 .22 .22 .22 .41 .41 .41 .41
110 30000 30000 03000 30000 .22 .22 .22 .22 .41 .41 .41 .41
111 30000 30000 03000 30000 .22 .22 .22 .22 .41 .41 .41 .41
112 30000 30000 03000 30000 .22 .22 .22 .22 .41 .41 .41 .41
113 30000 30000 03000 30000 .22 .22 .22 .22 .41 .41 .41 .41
114 30000 30000 03000 30000 .22 .22 .22 .22 .41 .41 .41 .41
115 30000 30000 03000 30000 .22 .22 .22 .22 .41 .41 .41 .41
116 30000 30000 03000 30000 .22 .22 .22 .22 .41 .41 .41 .41
117 30000 30000 03000 30000 .22 .22 .22 .22 .41 .41 .41 .41
118 30000 30000 03000 30000 .22 .22 .22 .22 .41 .41 .41 .41
119 30000 30000 03000 30000 .22 .22 .22 .22 .41 .41 .41 .41
120 30000 30000 03000 30000 .22 .22 .22 .22 .41 .41 .41 .41
121 30000 30000 03000 30000 .22 .22 .22 .22 .41 .41 .41 .41
122 30000 30000 03000 30000 .22 .22 .22 .22 .41 .41 .41 .41
123 30000 30000 03000 30000 .22 .22 .22 .22 .41 .41 .41 .41
124 30000 30000 03000 30000 .22 .22 .22 .22 .41 .41 .41 .41
125 30000 30000 03000 30000 .22 .22 .22 .22 .41 .41 .41 .41
126 30000 30000 03000 30000 .22 .22 .22 .22 .41 .41 .41 .41
127 30000 30000 03000 30000 .22 .22 .22 .22 .41 .41 .41 .41
128 30000 30000 03030 30000 .05 .05 .05 .05 .24 .24 .24 .24
129 30000 30000 03030 30000 .05 .05 .05 .05 .24 .24 .24 .24
130 30030 30000 03030 30030 .16 .16 .16 .16 .37 .37 .37 .37
131 30030 30000 03030 30030 .16 .16 .16 .16 .37 .37 .37 .37
132 30030 30000 03030 30030 .16 .16 .16 .16 .37 .37 .37 .37
133 30030 30000 03030 30030 .16 .16 .16 .16 .37 .37 .37 .37
134 30030 30000 03030 30030 .16 .16 .16 .16 .37 .37 .37 .37
135 30030 30000 03030 30030 .16 .16 .16 .16 .37 .37 .37 .37
136 30030 30000 03030 30030 .16 .16 .16 .16 .37 .37 .37 .37
137 30030 30000 03030 30030 .16 .16 .16 .16 .37 .37 .37 .37
138 30030 30000 03030 30030 .16 .16 .16 .16 .37 .37 .37 .37
139 30030 30000 03030 30030 .16 .16 .16 .16 .37 .37 .37 .37
140 30300 30300 03030 30300 -0.04 -0.04 -0.04 -0.04 .21 .21 .21 .21
141 30300 30300 03030 30300 -0.04 -0.04 -0.04 -0.04 .21 .21 .21 .21
142 30300 30300 03030 30300 -0.04 -0.04 -0.04 -0.04 .21 .21 .21 .21
143 30300 30300 03300 30300 .48 .48 .48 .48 .60 .60 .60 .60
144 30300 30300 03300 30300 .48 .48 .48 .48 .60 .60 .60 .60
145 30300 30300 03300 30300 .48 .48 .48 .48 .60 .60 .60 .60
146 30300 30300 03300 30300 .48 .48 .48 .48 .60 .60 .60 .60
147 30300 30300 03300 30300 .48 .48 .48 .48 .60 .60 .60 .60
148 30300 30300 03300 30300 .48 .48 .48 .48 .60 .60 .60 .60
149 30300 30300 03300 30300 .48 .48 .48 .48 .60 .60 .60 .60
150 03300 00300 03300 03300 .72 .72 .72 .72 .79 .79 .79 .79
151 03300 00300 03300 03300 .72 .72 .72 .72 .79 .79 .79 .79
152 03300 00300 03300 03300 .72 .72 .72 .72 .79 .79 .79 .79
153 03300 00300 03300 03300 .72 .72 .72 .72 .79 .79 .79 .79
154 03300 00300 03300 03300 .72 .72 .72 .72 .79 .79 .79 .79
155 03300 00300 03300 03300 .72 .72 .72 .72 .79 .79 .79 .79
156 03300 00300 03300 03300 .72 .72 .72 .72 .79 .79 .79 .79
157 03300 00300 03300 03300 .72 .72 .72 .72 .79 .79 .79 .79
158 03300 00300 00300 00300 .68 .68 .68 .68 .75 .75 .75 .75
159 03300 00300 00300 00300 .68 .68 .68 .68 .75 .75 .75 .75
160 00300 00300 00300 00300 1.00 1.00 1.00 1.00 1.00 1.00 1.00 1.00
161 00300 00300 00300 00300 1.00 1.00 1.00 1.00 1.00 1.00 1.00 1.00
162 00300 00300 00300 00300 1.00 1.00 1.00 1.00 1.00 1.00 1.00 1.00
163 00300 00300 00300 00300 1.00 1.00 1.00 1.00 1.00 1.00 1.00 1.00
164 00300 00300 00300 00300 1.00 1.00 1.00 1.00 1.00 1.00 1.00 1.00
165 00300 00300 00300 00300 1.00 1.00 1.00 1.00 1.00 1.00 1.00 1.00
166 00300 00300 00300 00300 1.00 1.00 1.00 1.00 1.00 1.00 1.00 1.00
167 00300 00300 00300 00300 1.00 1.00 1.00 1.00 1.00 1.00 1.00 1.00
168 00300 00300 00300 00300 1.00 1.00 1.00 1.00 1.00 1.00 1.00 1.00
169 00300 00300 00300 00300 1.00 1.00 1.00 1.00 1.00 1.00 1.00 1.00
