0 00000 00000 00000 00000 1.0 1.0 1.0 1.0 1.0 1.0 1.0 1.0
1 00000 00000 00000 00000 1.0 1.0 1.0 1.0 1.0 1.0 1.0 1.0
2 00000 00000 00000 00000 1.0 1.0 1.0 1.0 1.0 1.0 1.0 1.0
3 00000 00000 00000 00000 1.0 1.0 1.0 1.0 1.0 1.0 1.0 1.0
4 00000 00000 00000 00000 1.0 1.0 1.0 1.0 1.0 1.0 1.0 1.0
5 00000 00000 00000 00000 1.0 1.0 1.0 1.0 1.0 1.0 1.0 1.0
6 00000 00000 00000 00000 1.0 1.0 1.0 1.0 1.0 1.0 1.0 1.0
7 00000 00000 00000 00000 1.0 1.0 1.0 1.0 1.0 1.0 1.0 1.0
8 00000 00000 00000 00000 1.0 1.0 1.0 1.0 1.0 1.0 1.0 1.0
9 00000 00000 00000 00000 1.0 1.0 1.0 1.0 1.0 1.0 1.0 1.0
10 00000 00000 00000 00000 1.0 1.0 1.0 1.0 1.0 1.0 1.0 1.0
11 00000 00000 00000 00000 1.0 1.0 1.0 1.0 1.0 1.0 1.0 1.0
12 00000 00000 00000 00000 1.0 1.0 1.0 1.0 1.0 1.0 1.0 1.0
13 00000 00000 00000 00000 1.0 1.0 1.0 1.0 1.0 1.0 1.0 1.0
14 00000 00000 00000 00000 1.0 1.0 1.0 1.0 1.0 1.0 1.0 1.0
15 00000 00000 00000 00000 1.0 1.0 1.0 1.0 1.0 1.0 1.0 1.0
16 00000 00000 00000 00000 1.0 1.0 1.0 1.0 1.0 1.0 1.0 1.0
17 00000 00000 00000 00000 1.0 1.0 1.0 1.0 1.0 1.0 1.0 1.0
18 00000 00000 00000 00000 1.0 1.0 1.0 1.0 1.0 1.0 1.0 1.0
19 00000 00000 00000 00000 1.0 1.0 1.0 1.0 1.0 1.0 1.0 1.0
20 00000 00000 00000 00000 1.0 1.0 1.0 1.0 1.0 1.0 1.0 1.0
21 00000 00000 00000 00000 1.0 1.0 1.0 1.0 1.0 1.0 1.0 1.0
22 00000 00000 00000 00000 1.0 1.0 1.0 1.0 1.0 1.0 1.0 1.0
23 00000 00000 00000 00000 1.0 1.0 1.0 1.0 1.0 1.0 1.0 1.0
24 00000 00000 00000 00000 1.0 1.0 1.0 1.0 1.0 1.0 1.0 1.0
25 00000 00000 00000 00000 1.0 1.0 1.0 1.0 1.0 1.0 1.0 1.0
26 00000 00000 00000 00000 1.0 1.0 1.0 1.0 1.0 1.0 1.0 1.0
27 00000 00000 00000 00000 1.0 1.0 1.0 1.0 1.0 1.0 1.0 1.0
28 00000 00000 00000 00000 1.0 1.0 1.0 1.0 1.0 1.0 1.0 1.0
29 00000 00000 00000 00000 1.0 1.0 1.0 1.0 1.0 1.0 1.0 1.0
30 00000 00000 00000 00000 1.0 1.0 1.0 1.0 1.0 1.0 1.0 1.0
31 00000 00000 00000 00000 1.0 1.0 1.0 1.0 1.0 1.0 1.0 1.0
32 00000 00000 00000 00000 1.0 1.0 1.0 1.0 1.0 1.0 1.0 1.0
33 00000 00000 00000 00000 1.0 1.0 1.0 1.0 1.0 1.0 1.0 1.0
34 00000 00000 00000 00000 1.0 1.0 1.0 1.0 1.0 1.0 1.0 1.0
35 00000 00000 00000 00000 1.0 1.0 1.0 1.0 1.0 1.0 1.0 1.0
36 00000 00000 00000 00000 1.0 1.0 1.0 1.0 1.0 1.0 1.0 1.0
37 00000 00000 00000 00000 1.0 1.0 1.0 1.0 1.0 1.0 1.0 1.0
38 00000 00000 00000 00000 1.0 1.0 1.0 1.0 1.0 1.0 1.0 1.0
39 00000 00000 00000 00000 1.0 1.0 1.0 1.0 1.0 1.0 1.0 1.0
40 00000 00000 00000 00000 1.0 1.0 1.0 1.0 1.0 1.0 1.0 1.0
41 00000 00000 00000 00000 1.0 1.0 1.0 1.0 1.0 1.0 1.0 1.0
42 00000 00000 00000 00000 1.0 1.0 1.0 1.0 1.0 1.0 1.0 1.0
43 00000 00000 00000 00000 1.0 1.0 1.0 1.0 1.0 1.0 1.0 1.0
44 00000 00000 00000 00000 1.0 1.0 1.0 1.0 1.0 1.0 1.0 1.0
45 00000 00000 00000 00000 1.0 1.0 1.0 1.0 1.0 1.0 1.0 1.0
46 00000 00000 00000 00000 1.0 1.0 1.0 1.0 1.0 1.0 1.0 1.0
47 00000 00000 00000 00000 1.0 1.0 1.0 1.0 1.0 1.0 1.0 1.0
48 00000 00000 00000 00000 1.0 1.0 1.0 1.0 1.0 1.0 1.0 1.0
49 00000 00000 00000 00000 1.0 1.0 1.0 1.0 1.0 1.0 1.0 1.0
50 00000 00000 00000 00000 1.0 1.0 1.0 1.0 1.0 1.0 1.0 1.0
51 00000 00000 00000 00000 1.0 1.0 1.0 1.0 1.0 1.0 1.0 1.0
52 00000 00000 00000 00000 1.0 1.0 1.0 1.0 1.0 1.0 1.0 1.0
53 00000 00000 00000 00000 1.0 1.0 1.0 1.0 1.0 1.0 1.0 1.0
54 00000 00000 00000 00000 1.0 1.0 1.0 1.0 1.0 1.0 1.0 1.0
55 00000 00000 00000 00000 1.0 1.0 1.0 1.0 1.0 1.0 1.0 1.0
56 00000 00000 00000 00000 1.0 1.0 1.0 1.0 1.0 1.0 1.0 1.0
57 00000 00000 00000 00000 1.0 1.0 1.0 1.0 1.0 1.0 1.0 1.0
58 00000 00000 00000 00000 1.0 1.0 1.0 1.0 1.0 1.0 1.0 1.0
59 00000 00000 00000 00000 1.0 1.0 1.0 1.0 1.0 1.0 1.0 1.0
60 00000 00000 00000 00000 1.0 1.0 1.0 1.0 1.0 1.0 1.0 1.0
61 00000 00000 00000 00000 1.0 1.0 1.0 1.0 1.0 1.0 1.0 1.0
62 00000 00000 00000 00000 1.0 1.0 1.0 1.0 1.0 1.0 1.0 1.0
63 00000 00000 00000 00000 1.0 1.0 1.0 1.0 1.0 1.0 1.0 1.0
64 00000 00000 00000 00000 1.0 1.0 1.0 1.0 1.0 1.0 1.0 1.0
65 00000 00000 00000 00000 1.0 1.0 1.0 1.0 1.0 1.0 1.0 1.0
66 00000 00000 00000 00000 1.0 1.0 1.0 1.0 1.0 1.0 1.0 1.0
67 00000 00000 00000 00000 1.0 1.0 1.0 1.0 1.0 1.0 1.0 1.0
68 00000 00000 00000 00000 1.0 1.0 1.0 1.0 1.0 1.0 1.0 1.0
69 00000 00000 00000 00000 1.0 1.0 1.0 1.0 1.0 1.0 1.0 1.0
70 00000 00000 00000 00000 1.0 1.0 1.0 1.0 1.0 1.0 1.0 1.0
71 00000 00000 00000 00000 1.0 1.0 1.0 1.0 1.0 1.0 1.0 1.0
72 00000 00000 00000 00000 1.0 1.0 1.0 1.0 1.0 1.0 1.0 1.0
73 00000 00000 00000 00000 1.0 1.0 1.0 1.0 1.0 1.0 1.0 1.0
74 00000 00000 00000 00000 1.0 1.0 1.0 1.0 1.0 1.0 1.0 1.0
75 00000 00000 00000 00000 1.0 1.0 1.0 1.0 1.0 1.0 1.0 1.0
76 00000 00000 00000 00000 1.0 1.0 1.0 1.0 1.0 1.0 1.0 1.0
77 00000 00000 00000 00000 1.0 1.0 1.0 1.0 1.0 1.0 1.0 1.0
78 00000 00000 00000 00000 1.0 1.0 1.0 1.0 1.0 1.0 1.0 1.0
79 00000 00000 00000 00000 1.0 1.0 1.0 1.0 1.0 1.0 1.0 1.0
80 03000 00000 00000 00000 1.0 1.0 1.0 1.0 1.0 1.0 1.0 1.0
81 03000 00000 00000 00000 1.0 1.0 1.0 1.0 1.0 1.0 1.0 1.0
82 03000 00000 00000 00000 1.0 1.0 1.0 1.0 1.0 1.0 1.0 1.0
83 03000 00000 00000 00000 1.0 1.0 1.0 1.0 1.0 1.0 1.0 1.0
84 03000 00000 00000 00000 1.0 1.0 1.0 1.0 1.0 1.0 1.0 1.0
85 03000 00000 00000 00000 1.0 1.0 1.0 1.0 1.0 1.0 1.0 1.0
86 03000 00000 00000 00000 1.0 1.0 1.0 1.0 1.0 1.0 1.0 1.0
87 03000 00000 00000 00000 1.0 1.0 1.0 1.0 1.0 1.0 1.0 1.0
88 03000 00000 00000 00000 1.0 1.0 1.0 1.0 1.0 1.0 1.0 1.0
89 03000 00000 00000 00000 1.0 1.0 1.0 1.0 1.0 1.0 1.0 1.0
90 30000 30000 00000 30000 .46 .46 .46 .46 .63 .63 .63 .63
91 30000 30000 00000 30000 .46 .46 .46 .46 .63 .63 .63 .63
92 30000 30000 00000 30000 .46 .46 .46 .46 .63 .63 .63 .63
93 30000 30000 00000 30000 .46 .46 .46 .46 .63 .63 .63 .63
94 30000 30000 00000 30000 .46 .46 .46 .46 .63 .63 .63 .63
95 30000 30000 00000 30000 .46 .46 .46 .46 .63 .63 .63 .63
96 30000 30000 00000 30000 .46 .46 .46 .46 .63 .63 .63 .63
97 30000 30000 00000 30000 .46 .46 .46 .46 .63 .63 .63 .63
98 30000 30000 00000 30000 .46 .46 .46 .46 .63 .63 .63 .63
99 30000 30000 00000 30000 .46 .46 .46 .46 .63 .63 .63 .63
100 30000 30000 00000 30000 .46 .46 .46 .46 .63 .63 .63 .63
101 30000 30000 00000 30000 .46 .46 .46 .46 .63 .63 .63 .63
102 30000 30000 00000 30000 .46 .46 .46 .46 .63 .63 .63 .63
103 30000 30000 00000 30000 .46 .46 .46 .46 .63 .63 .63 .63
104 30000 30000 00000 30000 .46 .46 .46 .46 .63 .63 .63 .63
105 30000 30000 00000 30000 .46 .46 .46 .46 .63 .63 .63 .63
106 30000 30000 00000 30000 .46 .46 .46 .46 .63 .63 .63 .63
107 30000 30000 00000 30000 .46 .46 .46 .46 .63 .63 .63 .63
108 30000 30000 00000 30000 .46 .46 .46 .46 .63 .63 .63 .63
109 30000 30000 00000 30000 .46 .46 .46 .46 .63 .63 .63 .63
110 30000 30000 00000 30000 .46 .46 .46 .46 .63 .63 .63 .63
111 30000 30000 00000 30000 .46 .46 .46 .46 .63 .63 .63 .63
112 30000 30000 00000 30000 .46 .46 .46 .46 .63 .63 .63 .63
113 30000 30000 00000 30000 .46 .46 .46 .46 .63 .63 .63 .63
114 30000 30000 00000 30000 .46 .46 .46 .46 .63 .63 .63 .63
115 30000 30000 00000 30000 .46 .46 .46 .46 .63 .63 .63 .63
116 30000 30000 00000 30000 .46 .46 .46 .46 .63 .63 .63 .63
117 30000 30000 00000 30000 .46 .46 .46 .46 .63 .63 .63 .63
118 30000 30000 00000 30000 .46 .46 .46 .46 .63 .63 .63 .63
119 30000 30000 00000 30000 .46 .46 .46 .46 .63 .63 .63 .63
120 30000 30000 00000 30000 .46 .46 .46 .46 .63 .63 .63 .63
121 30000 30000 00000 30000 .46 .46 .46 .46 .63 .63 .63 .63
122 30000 30000 00000 30000 .46 .46 .46 .46 .63 .63 .63 .63
123 30000 30000 00000 30000 .46 .46 .46 .46 .63 .63 .63 .63
124 30000 30000 00000 30000 .46 .46 .46 .46 .63 .63 .63 .63
125 30000 30000 00000 30000 .46 .46 .46 .46 .63 .63 .63 .63
126 30000 30000 00000 30000 .46 .46 .46 .46 .63 .63 .63 .63
127 30000 30000 00000 30000 .46 .46 .46 .46 .63 .63 .63 .63
128 30000 30000 00000 30000 .46 .46 .46 .46 .63 .63 .63 .63
129 30000 30000 00000 30000 .46 .46 .46 .46 .63 .63 .63 .63
130 30000 30000 00000 30000 .46 .46 .46 .46 .63 .63 .63 .63
131 30000 30000 00000 30000 .46 .46 .46 .46 .63 .63 .63 .63
132 30000 30000 00000 30000 .46 .46 .46 .46 .63 .63 .63 .63
133 30000 30000 00000 30000 .46 .46 .46 .46 .63 .63 .63 .63
134 30000 30000 00000 30000 .46 .46 .46 .46 .63 .63 .63 .63
135 30000 30000 00000 30000 .46 .46 .46 .46 .63 .63 .63 .63
136 30000 30000 00000 30000 .46 .46 .46 .46 .63 .63 .63 .63
137 30000 30000 00000 30000 .46 .46 .46 .46 .63 .63 .63 .63
138 30000 30000 00000 30000 .46 .46 .46 .46 .63 .63 .63 .63
139 30000 30000 00000 30000 .46 .46 .46 .46 .63 .63 .63 .63
140 30000 30000 00000 30000 .46 .46 .46 .46 .63 .63 .63 .63
141 30000 30000 00000 30000 .46 .46 .46 .46 .63 .63 .63 .63
142 30000 30000 00000 30000 .46 .46 .46 .46 .63 .63 .63 .63
143 30000 30000 00000 30000 .46 .46 .46 .46 .63 .63 .63 .63
144 30000 30000 00000 30000 .46 .46 .46 .46 .63 .63 .63 .63
145 30000 30000 00000 30000 .46 .46 .46 .46 .63 .63 .63 .63
146 30000 30000 00000 30000 .46 .46 .46 .46 .63 .63 .63 .63
147 30000 30000 00000 30000 .46 .46 .46 .46 .63 .63 .63 .63
148 30000 30000 00000 30000 .46 .46 .46 .46 .63 .63 .63 .63
149 30000 30000 00000 30000 .46 .46 .46 .46 .63 .63 .63 .63
150 30000 30000 00000 30000 .46 .46 .46 .46 .63 .63 .63 .63
151 30000 30000 00000 30000 .46 .46 .46 .46 .63 .63 .63 .63
152 30000 30000 00000 30000 .46 .46 .46 .46 .63 .63 .63 .63
153 30000 30000 00000 30000 .46 .46 .46 .46 .63 .63 .63 .63
154 30000 30000 00000 30000 .46 .46 .46 .46 .63 .63 .63 .63
155 30000 30000 00000 30000 .46 .46 .46 .46 .63 .63 .63 .63
156 30000 30000 00000 30000 .46 .46 .46 .46 .63 .63 .63 .63
157 30000 30000 00000 30000 .46 .46 .46 .46 .63 .63 .63 .63
158 30000 30000 00000 30000 .46 .46 .46 .46 .63 .63 .63 .63
159 30000 30000 00000 30000 .46 .46 .46 .46 .63 .63 .63 .63
160 30000 30000 00000 30000 .46 .46 .46 .46 .63 .63 .63 .63
161 30000 30000 00000 30000 .46 .46 .46 .46 .63 .63 .63 .63
162 30000 30000 00000 30000 .46 .46 .46 .46 .63 .63 .63 .63
163 30000 30000 00000 30000 .46 .46 .46 .46 .63 .63 .63 .63
164 30000 30000 00000 30000 .46 .46 .46 .46 .63 .63 .63 .63
165 30000 30000 00000 30000 .46 .46 .46 .46 .63 .63 .63 .63
166 30000 30000 00000 30000 .46 .46 .46 .46 .63 .63 .63 .63
167 30000 30000 00000 30000 .46 .46 .46 .46 .63 .63 .63 .63
168 30000 30000 00000 30000 .46 .46 .46 .46 .63 .63 .63 .63
169 30000 30000 00000 30000 .46 .46 .46 .46 .63 .63 .63 .63
170 30000 30000 00000 30000 .46 .46 .46 .46 .63 .63 .63 .63
171 30000 30000 00000 30000 .46 .46 .46 .46 .63 .63 .63 .63
172 30000 30000 00000 30000 .46 .46 .46 .46 .63 .63 .63 .63
173 30000 30000 00000 30000 .46 .46 .46 .46 .63 .63 .63 .63
174 30000 30000 00000 30000 .46 .46 .46 .46 .63 .63 .63 .63
175 30000 30000 00000 30000 .46 .46 .46 .46 .63 .63 .63 .63
176 30000 30000 00000 30000 .46 .46 .46 .46 .63 .63 .63 .63
177 30000 30000 00000 30000 .46 .46 .46 .46 .63 .63 .63 .63
178 30000 30000 00000 30000 .46 .46 .46 .46 .63 .63 .63 .63
179 30000 30000 00000 30000 .46 .46 .46 .46 .63 .63 .63 .63
180 30300 30300 00000 30300 .36 .36 .36 .36 .55 .55 .55 .55
181 30300 30300 00000 30300 .36 .36 .36 .36 .55 .55 .55 .55
182 30300 30300 00300 30300 .72 .72 .72 .72 .79 .79 .79 .79
183 30300 30300 00300 30300 .72 .72 .72 .72 .79 .79 .79 .79
184 30300 30300 00300 30300 .72 .72 .72 .72 .79 .79 .79 .79
185 30300 30300 00300 30300 .72 .72 .72 .72 .79 .79 .79 .79
186 30300 30300 00300 30300 .72 .72 .72 .72 .79 .79 .79 .79
187 30300 30300 00300 30300 .72 .72 .72 .72 .79 .79 .79 .79
188 30300 30300 00300 30300 .72 .72 .72 .72 .79 .79 .79 .79
189 30300 30300 00300 30300 .72 .72 .72 .72 .79 .79 .79 .79
190 30300 30300 00300 30300 .72 .72 .72 .72 .79 .79 .79 .79
191 30300 30300 00300 30300 .72 .72 .72 .72 .79 .79 .79 .79
192 30300 30300 00300 30300 .72 .72 .72 .72 .79 .79 .79 .79
193 30300 30300 00300 30300 .72 .72 .72 .72 .79 .79 .79 .79
194 30300 30300 00300 30300 .72 .72 .72 .72 .79 .79 .79 .79
195 30300 30300 00300 30300 .72 .72 .72 .72 .79 .79 .79 .79
196 30300 30300 00300 30300 .72 .72 .72 .72 .79 .79 .79 .79
197 30300 30300 00300 30300 .72 .72 .72 .72 .79 .79 .79 .79
198 30300 30300 00300 30300 .72 .72 .72 .72 .79 .79 .79 .79
199 30300 30300 00300 30300 .72 .72 .72 .72 .79 .79 .79 .79
200 30300 30300 00300 30300 .72 .72 .72 .72 .79 .79 .79 .79
201 30300 30300 00300 30300 .72 .72 .72 .72 .79 .79 .79 .79
202 30300 30300 00300 30300 .72 .72 .72 .72 .79 .79 .79 .79
203 30300 30300 00300 30300 .72 .72 .72 .72 .79 .79 .79 .79
204 30300 30300 00300 30300 .72 .72 .72 .72 .79 .79 .79 .79
205 30300 30300 00300 30300 .72 .72 .72 .72 .79 .79 .79 .79
206 30300 30300 00300 30300 .72 .72 .72 .72 .79 .79 .79 .79
207 30300 30300 00300 30300 .72 .72 .72 .72 .79 .79 .79 .79
208 30300 30300 00300 30300 .72 .72 .72 .72 .79 .79 .79 .79
209 30300 30300 00300 30300 .72 .72 .72 .72 .79 .79 .79 .79
210 30300 30300 00300 30300 .72 .72 .72 .72 .79 .79 .79 .79
211 30300 30300 00300 30300 .72 .72 .72 .72 .79 .79 .79 .79
212 30300 30300 00300 30300 .72 .72 .72 .72 .79 .79 .79 .79
213 30300 30300 00300 30300 .72 .72 .72 .72 .79 .79 .79 .79
214 30300 30300 00300 30300 .72 .72 .72 .72 .79 .79 .79 .79
215 30300 30300 00300 30300 .72 .72 .72 .72 .79 .79 .79 .79
216 30300 30300 00300 30300 .72 .72 .72 .72 .79 .79 .79 .79
217 30300 30300 00300 30300 .72 .72 .72 .72 .79 .79 .79 .79
218 30300 30300 00300 30300 .72 .72 .72 .72 .79 .79 .79 .79
219 30300 30300 00300 30300 .72 .72 .72 .72 .79 .79 .79 .79
220 30300 30300 00300 30300 .72 .72 .72 .72 .79 .79 .79 .79
221 30300 30300 00300 30300 .72 .72 .72 .72 .79 .79 .79 .79
222 30300 30300 00300 30300 .72 .72 .72 .72 .79 .79 .79 .79
223 30300 30300 00300 30300 .72 .72 .72 .72 .79 .79 .79 .79
224 30300 30300 00300 30300 .72 .72 .72 .72 .79 .79 .79 .79
225 30300 30300 00300 30300 .72 .72 .72 .72 .79 .79 .79 .79
226 30300 30300 00300 30300 .72 .72 .72 .72 .79 .79 .79 .79
227 30300 30300 00030 30300 .16 .16 .16 .16 .37 .37 .37 .37
228 30300 30300 00030 30300 .16 .16 .16 .16 .37 .37 .37 .37
229 30300 30300 00030 30300 .16 .16 .16 .16 .37 .37 .37 .37
230 00300 00300 00030 00300 .22 .22 .22 .22 .41 .41 .41 .41
231 00300 00300 00030 00300 .22 .22 .22 .22 .41 .41 .41 .41
232 00300 00300 00030 00300 .22 .22 .22 .22 .41 .41 .41 .41
233 00300 00300 00030 00300 .22 .22 .22 .22 .41 .41 .41 .41
234 00300 00300 00030 00300 .22 .22 .22 .22 .41 .41 .41 .41
235 00300 00300 00030 00300 .22 .22 .22 .22 .41 .41 .41 .41
236 00300 00300 00030 00300 .22 .22 .22 .22 .41 .41 .41 .41
237 00300 00300 00030 00300 .22 .22 .22 .22 .41 .41 .41 .41
