0 00000 00000 00000 00000 1.0 1.0 1.0 1.0 1.0 1.0 1.0 1.0
1 00000 00000 00000 00000 1.0 1.0 1.0 1.0 1.0 1.0 1.0 1.0
2 00000 00000 00000 00000 1.0 1.0 1.0 1.0 1.0 1.0 1.0 1.0
3 00000 00000 00000 00000 1.0 1.0 1.0 1.0 1.0 1.0 1.0 1.0
4 00000 00000 00000 00000 1.0 1.0 1.0 1.0 1.0 1.0 1.0 1.0
5 00000 00000 00000 00000 1.0 1.0 1.0 1.0 1.0 1.0 1.0 1.0
6 00000 00000 00000 00000 1.0 1.0 1.0 1.0 1.0 1.0 1.0 1.0
7 00000 00000 00000 00000 1.0 1.0 1.0 1.0 1.0 1.0 1.0 1.0
8 00000 00000 00000 00000 1.0 1.0 1.0 1.0 1.0 1.0 1.0 1.0
9 00000 00000 00000 00000 1.0 1.0 1.0 1.0 1.0 1.0 1.0 1.0
10 00000 00000 00000 00000 1.0 1.0 1.0 1.0 1.0 1.0 1.0 1.0
11 00000 00000 00000 00000 1.0 1.0 1.0 1.0 1.0 1.0 1.0 1.0
12 00000 00000 00000 00000 1.0 1.0 1.0 1.0 1.0 1.0 1.0 1.0
13 00000 00000 00000 00000 1.0 1.0 1.0 1.0 1.0 1.0 1.0 1.0
14 00000 00000 00000 00000 1.0 1.0 1.0 1.0 1.0 1.0 1.0 1.0
15 00000 00000 00000 00000 1.0 1.0 1.0 1.0 1.0 1.0 1.0 1.0
16 00000 00000 00000 00000 1.0 1.0 1.0 1.0 1.0 1.0 1.0 1.0
17 00000 00000 00000 00000 1.0 1.0 1.0 1.0 1.0 1.0 1.0 1.0
18 00000 00000 00000 00000 1.0 1.0 1.0 1.0 1.0 1.0 1.0 1.0
19 00000 00000 00000 00000 1.0 1.0 1.0 1.0 1.0 1.0 1.0 1.0
20 00000 00000 00000 00000 1.0 1.0 1.0 1.0 1.0 1.0 1.0 1.0
21 00000 00000 00000 00000 1.0 1.0 1.0 1.0 1.0 1.0 1.0 1.0
22 00000 00000 00000 00000 1.0 1.0 1.0 1.0 1.0 1.0 1.0 1.0
23 00000 00000 00000 00000 1.0 1.0 1.0 1.0 1.0 1.0 1.0 1.0
24 00000 00000 00000 00000 1.0 1.0 1.0 1.0 1.0 1.0 1.0 1.0
25 00000 00000 00000 00000 1.0 1.0 1.0 1.0 1.0 1.0 1.0 1.0
26 00000 00000 00000 00000 1.0 1.0 1.0 1.0 1.0 1.0 1.0 1.0
27 00000 00000 00000 00000 1.0 1.0 1.0 1.0 1.0 1.0 1.0 1.0
28 00000 00000 00000 00000 1.0 1.0 1.0 1.0 1.0 1.0 1.0 1.0
29 00000 00000 00000 00000 1.0 1.0 1.0 1.0 1.0 1.0 1.0 1.0
30 00000 00000 00000 00000 1.0 1.0 1.0 1.0 1.0 1.0 1.0 1.0
31 00000 00000 00000 00000 1.0 1.0 1.0 1.0 1.0 1.0 1.0 1.0
32 00000 00000 00000 00000 1.0 1.0 1.0 1.0 1.0 1.0 1.0 1.0
33 00000 00000 00000 00000 1.0 1.0 1.0 1.0 1.0 1.0 1.0 1.0
34 00000 00000 00000 00000 1.0 1.0 1.0 1.0 1.0 1.0 1.0 1.0
35 00000 00000 00000 00000 1.0 1.0 1.0 1.0 1.0 1.0 1.0 1.0
36 00000 00000 00000 00000 1.0 1.0 1.0 1.0 1.0 1.0 1.0 1.0
37 00000 00000 00000 00000 1.0 1.0 1.0 1.0 1.0 1.0 1.0 1.0
38 00000 00000 00000 00000 1.0 1.0 1.0 1.0 1.0 1.0 1.0 1.0
39 00000 00000 00000 00000 1.0 1.0 1.0 1.0 1.0 1.0 1.0 1.0
40 00000 00000 00000 00000 1.0 1.0 1.0 1.0 1.0 1.0 1.0 1.0
41 00000 00000 00000 00000 1.0 1.0 1.0 1.0 1.0 1.0 1.0 1.0
42 00000 00000 00000 00000 1.0 1.0 1.0 1.0 1.0 1.0 1.0 1.0
43 00000 00000 00000 00000 1.0 1.0 1.0 1.0 1.0 1.0 1.0 1.0
44 00000 00000 00000 00000 1.0 1.0 1.0 1.0 1.0 1.0 1.0 1.0
45 00000 00000 00000 00000 1.0 1.0 1.0 1.0 1.0 1.0 1.0 1.0
46 00000 00000 00000 00000 1.0 1.0 1.0 1.0 1.0 1.0 1.0 1.0
47 00000 00000 00000 00000 1.0 1.0 1.0 1.0 1.0 1.0 1.0 1.0
48 00000 00000 00000 00000 1.0 1.0 1.0 1.0 1.0 1.0 1.0 1.0
49 00000 00000 00000 00000 1.0 1.0 1.0 1.0 1.0 1.0 1.0 1.0
50 00000 00000 00000 00000 1.0 1.0 1.0 1.0 1.0 1.0 1.0 1.0
51 00000 00000 00000 00000 1.0 1.0 1.0 1.0 1.0 1.0 1.0 1.0
52 00000 00000 03000 00000 1.0 1.0 1.0 1.0 1.0 1.0 1.0 1.0
53 00000 00000 03000 00000 1.0 1.0 1.0 1.0 1.0 1.0 1.0 1.0
54 00000 00000 03000 00000 1.0 1.0 1.0 1.0 1.0 1.0 1.0 1.0
55 00000 00000 03000 00000 1.0 1.0 1.0 1.0 1.0 1.0 1.0 1.0
56 00000 00000 03000 00000 1.0 1.0 1.0 1.0 1.0 1.0 1.0 1.0
57 00000 00000 03000 00000 1.0 1.0 1.0 1.0 1.0 1.0 1.0 1.0
58 00000 00000 03000 00000 1.0 1.0 1.0 1.0 1.0 1.0 1.0 1.0
59 00000 00000 03000 00000 1.0 1.0 1.0 1.0 1.0 1.0 1.0 1.0
60 00000 00000 03000 00000 1.0 1.0 1.0 1.0 1.0 1.0 1.0 1.0
61 00000 00000 03000 00000 1.0 1.0 1.0 1.0 1.0 1.0 1.0 1.0
62 00000 00000 03000 00000 1.0 1.0 1.0 1.0 1.0 1.0 1.0 1.0
63 00000 00000 03000 00000 1.0 1.0 1.0 1.0 1.0 1.0 1.0 1.0
64 00000 00000 03000 00000 1.0 1.0 1.0 1.0 1.0 1.0 1.0 1.0
65 00000 00000 03000 00000 1.0 1.0 1.0 1.0 1.0 1.0 1.0 1.0
66 00000 00000 03000 00000 1.0 1.0 1.0 1.0 1.0 1.0 1.0 1.0
67 00000 00000 00000 00000 1.0 1.0 1.0 1.0 1.0 1.0 1.0 1.0
68 00000 00000 00000 00000 1.0 1.0 1.0 1.0 1.0 1.0 1.0 1.0
69 00000 00000 00000 00000 1.0 1.0 1.0 1.0 1.0 1.0 1.0 1.0
70 03000 03000 00000 03000 .46 .46 .46 .46 .63 .63 .63 .63
71 03000 03000 00000 03000 .46 .46 .46 .46 .63 .63 .63 .63
72 03000 03000 00000 03000 .46 .46 .46 .46 .63 .63 .63 .63
73 03000 03000 00000 03000 .46 .46 .46 .46 .63 .63 .63 .63
74 03000 03000 00000 03000 .46 .46 .46 .46 .63 .63 .63 .63
75 03000 03000 00000 03000 .46 .46 .46 .46 .63 .63 .63 .63
76 03000 03000 00000 03000 .46 .46 .46 .46 .63 .63 .63 .63
77 03000 03000 00000 03000 .46 .46 .46 .46 .63 .63 .63 .63
78 03000 03000 00000 03000 .46 .46 .46 .46 .63 .63 .63 .63
79 03000 03000 00000 03000 .46 .46 .46 .46 .63 .63 .63 .63
80 03000 03000 00000 03000 .46 .46 .46 .46 .63 .63 .63 .63
81 03000 03000 00000 03000 .46 .46 .46 .46 .63 .63 .63 .63
82 03000 03000 00000 03000 .46 .46 .46 .46 .63 .63 .63 .63
83 03000 03000 00000 03000 .46 .46 .46 .46 .63 .63 .63 .63
84 03000 03000 00000 03000 .46 .46 .46 .46 .63 .63 .63 .63
85 03000 03000 00000 03000 .46 .46 .46 .46 .63 .63 .63 .63
86 03000 03000 00000 03000 .46 .46 .46 .46 .63 .63 .63 .63
87 03000 03000 00000 03000 .46 .46 .46 .46 .63 .63 .63 .63
88 03000 03000 00000 03000 .46 .46 .46 .46 .63 .63 .63 .63
89 03000 03000 00000 03000 .46 .46 .46 .46 .63 .63 .63 .63
90 30000 03000 00000 00000 -0.08 -0.08 -0.08 -0.08 -0.06 -0.06 -0.06 -0.06
91 30000 03000 00000 00000 -0.08 -0.08 -0.08 -0.08 -0.06 -0.06 -0.06 -0.06
92 30000 03000 00000 00000 -0.08 -0.08 -0.08 -0.08 -0.06 -0.06 -0.06 -0.06
93 30000 03000 00000 00000 -0.08 -0.08 -0.08 -0.08 -0.06 -0.06 -0.06 -0.06
94 30000 03000 00000 00000 -0.08 -0.08 -0.08 -0.08 -0.06 -0.06 -0.06 -0.06
95 30000 03000 00000 00000 -0.08 -0.08 -0.08 -0.08 -0.06 -0.06 -0.06 -0.06
96 30000 03000 00000 00000 -0.08 -0.08 -0.08 -0.08 -0.06 -0.06 -0.06 -0.06
97 30000 03000 00000 00000 -0.08 -0.08 -0.08 -0.08 -0.06 -0.06 -0.06 -0.06
98 30000 03000 00000 00000 -0.08 -0.08 -0.08 -0.08 -0.06 -0.06 -0.06 -0.06
99 30000 03000 00000 00000 -0.08 -0.08 -0.08 -0.08 -0.06 -0.06 -0.06 -0.06
100 30000 30000 00000 30000 .46 .46 .46 .46 .63 .63 .63 .63
101 30000 30000 00000 30000 .46 .46 .46 .46 .63 .63 .63 .63
102 30000 30000 00000 30000 .46 .46 .46 .46 .63 .63 .63 .63
103 30000 30000 00000 30000 .46 .46 .46 .46 .63 .63 .63 .63
104 30000 30000 00000 30000 .46 .46 .46 .46 .63 .63 .63 .63
105 30000 30000 00000 30000 .46 .46 .46 .46 .63 .63 .63 .63
106 30000 30000 00000 30000 .46 .46 .46 .46 .63 .63 .63 .63
107 30000 30000 00000 30000 .46 .46 .46 .46 .63 .63 .63 .63
108 30000 30000 00000 30000 .46 .46 .46 .46 .63 .63 .63 .63
109 30000 30000 00000 30000 .46 .46 .46 .46 .63 .63 .63 .63
110 30000 30000 00000 30000 .46 .46 .46 .46 .63 .63 .63 .63
111 30000 30000 00000 30000 .46 .46 .46 .46 .63 .63 .63 .63
112 30000 30000 03000 30000 .22 .22 .22 .22 .41 .41 .41 .41
113 30000 30000 03000 30000 .22 .22 .22 .22 .41 .41 .41 .41
114 30000 30000 03000 30000 .22 .22 .22 .22 .41 .41 .41 .41
115 30000 30000 03000 30000 .22 .22 .22 .22 .41 .41 .41 .41
116 30000 30000 03000 30000 .22 .22 .22 .22 .41 .41 .41 .41
117 30000 30000 03000 30000 .22 .22 .22 .22 .41 .41 .41 .41
118 30000 30000 03000 30000 .22 .22 .22 .22 .41 .41 .41 .41
119 30000 30000 03000 30000 .22 .22 .22 .22 .41 .41 .41 .41
120 30000 30000 03000 30000 .22 .22 .22 .22 .41 .41 .41 .41
121 30000 30000 03000 30000 .22 .22 .22 .22 .41 .41 .41 .41
122 30000 30000 03000 30000 .22 .22 .22 .22 .41 .41 .41 .41
123 30000 30000 03000 30000 .22 .22 .22 .22 .41 .41 .41 .41
124 30000 30000 03000 30000 .22 .22 .22 .22 .41 .41 .41 .41
125 30000 30000 03000 30000 .22 .22 .22 .22 .41 .41 .41 .41
126 30000 30000 03000 30000 .22 .22 .22 .22 .41 .41 .41 .41
127 30000 30000 30300 30000 .68 .68 .68 .68 .75 .75 .75 .75
128 30000 30000 30300 30000 .68 .68 .68 .68 .75 .75 .75 .75
129 30000 30000 30300 30000 .68 .68 .68 .68 .75 .75 .75 .75
130 30000 30000 30300 30000 .68 .68 .68 .68 .75 .75 .75 .75
131 30000 30000 30300 30000 .68 .68 .68 .68 .75 .75 .75 .75
132 30000 30000 30300 30000 .68 .68 .68 .68 .75 .75 .75 .75
133 30000 30000 30300 30000 .68 .68 .68 .68 .75 .75 .75 .75
134 30000 30000 30300 30000 .68 .68 .68 .68 .75 .75 .75 .75
135 30000 30000 30300 30000 .68 .68 .68 .68 .75 .75 .75 .75
136 30000 30000 30300 30000 .68 .68 .68 .68 .75 .75 .75 .75
137 30000 30000 30300 30000 .68 .68 .68 .68 .75 .75 .75 .75
138 30000 30000 30300 30000 .68 .68 .68 .68 .75 .75 .75 .75
139 30000 30000 30300 30000 .68 .68 .68 .68 .75 .75 .75 .75
140 30000 30000 30300 30000 .68 .68 .68 .68 .75 .75 .75 .75
141 30000 30000 30300 30000 .68 .68 .68 .68 .75 .75 .75 .75
142 30000 30000 30000 30000 1.00 1.00 1.00 1.00 1.00 1.00 1.00 1.00
143 30000 30000 30000 30000 1.00 1.00 1.00 1.00 1.00 1.00 1.00 1.00
144 30000 30000 30000 30000 1.00 1.00 1.00 1.00 1.00 1.00 1.00 1.00
145 30000 30000 30000 30000 1.00 1.00 1.00 1.00 1.00 1.00 1.00 1.00
146 30000 30000 30000 30000 1.00 1.00 1.00 1.00 1.00 1.00 1.00 1.00
147 30000 30000 30000 30000 1.00 1.00 1.00 1.00 1.00 1.00 1.00 1.00
148 30000 30000 30000 30000 1.00 1.00 1.00 1.00 1.00 1.00 1.00 1.00
