26 0 0 0 0 4
41 0 0 0 0 4
56 0 0 0 2 4
65 0 0 0 2 4
68 0 0 0 2 4
83 0 0 2 0 4
98 0 0 2 0 4
113 0 0 2 0 4
128 0 0 2 0 4
143 0 0 2 0 4
158 0 2 2 0 4
173 0 2 2 0 4
189 0 2 2 0 4
192 0 2 2 0 4
207 2 0 0 2 4
222 2 0 0 0 4
237 2 0 0 2 4
252 0 0 0 0 4
267 2 0 0 2 4
282 2 0 0 2 4
297 0 2 2 0 4
303 0 2 2 0 4
306 0 2 2 0 4
321 0 0 2 0 4
336 0 0 2 0 4
351 0 0 2 0 4
366 0 0 2 0 4
381 0 0 2 0 4
396 0 0 2 0 4
411 0 0 2 0 4
414 0 0 2 0 4
429 0 0 2 0 4
444 0 0 2 0 4
459 0 0 2 0 4
474 0 0 2 0 4
489 0 0 2 0 4
504 0 0 2 0 4
519 0 0 2 0 4
534 0 0 2 0 4
549 0 0 2 0 4
564 0 0 2 0 4
579 0 0 2 0 4
594 0 0 2 0 4
609 0 0 2 0 4
624 0 0 2 0 4
639 0 0 2 0 4
654 0 0 2 0 4
669 0 0 2 0 4
684 0 0 2 0 4
699 0 0 2 0 4
714 0 0 2 0 4
729 0 0 2 0 4
744 0 2 2 0 4
759 0 2 2 0 4
774 0 2 0 2 4
779 2 0 0 2 4
782 2 0 0 2 4
797 0 0 0 0 4
812 0 0 0 0 4
827 0 0 0 0 4
842 0 0 0 0 4
852 0 0 0 0 4
855 0 0 0 0 4
870 0 0 0 0 4
885 0 0 0 0 4
900 0 0 0 0 4
915 2 0 0 0 4
930 2 0 0 0 4
945 2 0 0 0 4
960 2 0 0 0 4
975 2 0 0 0 4
990 2 0 0 2 4
1005 2 0 0 2 4
1020 2 0 0 2 4
1037 0 2 2 0 4
1040 0 2 2 0 4
1055 0 0 2 0 4
1070 0 0 2 0 4
1085 0 0 2 0 4
1100 0 2 0 2 4
1115 2 0 0 2 4
1130 0 0 0 0 4
1145 2 0 0 2 4
1160 2 0 0 2 4
1175 2 0 0 2 4
1189 0 2 2 0 4
1192 0 2 2 0 4
1207 0 0 2 0 4
1222 0 0 2 0 4
1237 0 0 2 0 4
1252 0 0 2 0 4
1267 0 0 2 0 4
1282 0 0 2 0 4
1297 0 0 2 0 4
1312 0 0 2 0 4
1327 0 0 2 0 4
1342 0 0 2 0 4
1352 0 0 2 0 4
1355 0 0 0 0 4
1370 0 0 0 0 4
1385 0 0 2 0 4
1400 0 0 2 0 4
1415 0 0 2 0 4
1430 0 0 2 0 4
1445 0 0 2 0 4
1460 0 0 2 0 4
1475 0 0 2 0 4
1490 0 0 2 0 4
1505 0 0 2 0 4
1520 0 0 2 0 4
1535 0 0 2 0 4
1550 0 2 2 0 4
1565 0 2 2 0 4
1579 0 2 0 2 4
1582 0 2 0 2 4
1597 0 0 0 0 4
1612 0 0 0 0 4
1627 0 0 0 0 4
1642 0 0 0 0 4
1657 0 0 0 0 4
1672 0 0 0 0 4
1687 2 0 0 0 4
1702 0 0 0 0 4
1717 0 0 0 0 4
1732 0 0 0 0 4
1747 0 0 0 0 4
1762 0 0 0 0 4
1777 0 0 0 0 4
1791 0 0 0 0 4
1794 0 0 0 0 4
1809 0 0 0 0 4
1824 0 0 0 0 4
1839 0 0 0 0 4
1854 2 0 0 2 4
1869 2 0 0 2 4
1884 2 0 0 0 4
1899 2 0 0 2 4
1913 0 2 2 0 4
1916 0 2 2 0 4
1931 0 0 2 0 4
1946 0 0 2 0 4
1961 0 0 2 0 4
1976 0 0 2 0 4
1991 0 0 2 0 4
2006 0 0 2 0 4
2014 0 0 2 0 4
2017 0 0 0 0 4
2032 0 0 0 0 4
2047 0 0 0 0 4
2062 0 0 0 0 4
2077 0 0 0 0 4
2092 0 0 2 0 4
2107 0 0 2 0 4
2122 0 0 2 0 4
2137 0 0 2 0 4
2152 0 0 2 0 4
2167 0 0 2 0 4
2182 0 0 2 0 4
2197 0 2 2 0 4
2212 0 2 2 0 4
2227 0 2 2 0 4
2242 0 2 2 0 4
2251 0 2 0 2 4
2254 2 0 0 2 4
2269 2 0 0 2 4
2284 0 0 0 0 4
2299 0 0 0 0 4
2314 0 0 0 0 4
2329 2 0 0 0 4
2344 2 0 0 0 4
2359 0 0 0 0 4
2374 0 0 0 0 4
2389 0 0 0 0 4
2408 0 0 0 0 4
2411 0 0 0 0 4
2426 0 0 0 0 4
2441 2 0 0 0 4
2456 2 0 0 0 4
2471 2 0 0 2 4
2486 2 0 0 2 4
2501 2 0 0 2 4
2516 2 0 0 2 4
2527 0 2 2 0 4
2530 0 2 2 0 4
2545 0 0 2 0 4
2560 0 0 2 0 4
2575 0 0 2 0 4
2590 0 0 2 0 4
2605 0 0 2 0 4
2621 0 0 2 0 4
2624 0 0 2 0 4
2639 0 0 2 0 4
2654 0 0 2 0 4
2669 0 0 2 0 4
2684 0 0 2 0 4
2699 0 0 2 0 4
2714 0 0 2 0 4
2729 0 0 2 0 4
2744 0 0 2 0 4
2759 0 2 2 0 4
2774 0 2 2 0 4
2780 0 2 2 0 4
2783 0 2 0 2 4
2798 2 0 0 2 4
2813 0 0 0 0 4
2828 2 0 0 0 4
2843 2 0 0 0 4
2858 2 0 0 0 4
2873 2 0 0 0 4
2888 0 0 0 0 4
2903 0 0 0 0 4
2918 2 0 0 0 4
2933 2 0 0 0 4
2948 2 0 0 0 4
2963 2 0 0 2 4
2978 0 2 2 0 4
2985 0 2 2 0 4
2988 0 2 2 0 4
3003 0 0 2 0 4
3018 0 0 2 0 4
3033 0 0 2 0 4
3048 0 0 2 0 4
3063 0 0 2 0 4
3078 0 0 2 0 4
3093 0 0 2 0 4
3108 0 0 0 2 4
3123 0 0 0 0 4
3138 0 0 0 0 4
3153 0 0 0 0 4
3168 0 0 0 0 4
3178 0 0 0 0 4
