1 0 0 0 2 4
16 0 0 0 2 4
31 0 0 0 2 4
47 0 0 2 0 4
50 0 0 2 0 4
65 0 0 2 0 4
80 0 0 2 0 4
89 0 0 2 0 4
92 0 0 2 0 4
107 0 0 2 0 4
122 0 0 2 0 4
139 0 0 2 0 4
142 0 0 2 0 4
157 0 0 2 0 4
172 0 0 2 0 4
187 0 0 0 0 4
202 0 0 0 0 4
217 0 0 2 0 4
232 0 0 2 0 4
247 0 0 2 0 4
262 0 0 2 0 4
277 0 0 2 0 4
292 0 0 2 0 4
307 0 2 2 0 4
322 0 0 2 0 4
337 0 2 2 0 4
352 0 0 2 0 4
361 0 0 2 0 4
364 0 0 2 0 4
379 0 0 0 2 4
394 0 0 0 2 4
409 0 0 0 0 4
424 0 0 0 0 4
439 0 0 0 0 4
454 2 0 0 0 4
469 2 0 0 0 4
484 0 0 0 0 4
499 0 0 0 0 4
505 0 0 0 0 4
508 0 0 0 0 4
523 0 0 0 0 4
538 0 0 0 0 4
553 2 0 0 0 4
568 0 0 0 0 4
583 0 0 0 2 4
598 0 0 0 2 4
613 0 0 0 2 4
628 0 0 0 2 4
642 0 0 2 0 4
645 0 0 2 0 4
660 0 0 2 0 4
675 0 0 2 0 4
690 0 0 2 0 4
705 0 0 2 0 4
720 0 0 2 0 4
737 0 0 2 0 4
740 0 0 2 0 4
755 0 0 2 0 4
770 0 0 2 0 4
785 0 0 2 0 4
800 0 0 2 0 4
815 0 0 2 0 4
830 0 0 2 0 4
845 0 0 2 0 4
860 0 0 2 0 4
875 0 2 2 0 4
890 0 2 2 0 4
895 2 0 0 2 4
898 2 0 0 2 4
913 2 0 0 0 4
928 2 0 0 0 4
943 2 0 0 0 4
958 0 0 0 0 4
973 2 0 0 0 4
988 2 0 0 0 4
1003 2 0 0 0 4
1018 0 0 0 0 4
1033 0 0 0 0 4
1052 0 0 0 0 4
1055 0 0 0 0 4
1070 2 0 0 0 4
1085 2 0 0 0 4
1100 2 0 0 0 4
1115 2 0 0 0 4
1130 2 0 0 2 4
1145 2 0 0 2 4
1160 2 0 0 2 4
1168 0 2 2 0 4
1171 0 2 2 0 4
1186 0 0 2 0 4
1201 0 0 2 0 4
1214 0 0 2 0 4
1217 0 0 2 0 4
1232 0 0 2 0 4
1247 0 0 2 0 4
1262 0 0 2 0 4
1277 0 0 2 0 4
1292 0 0 2 0 4
1307 0 0 2 0 4
1322 0 0 2 0 4
1337 0 0 2 0 4
1352 0 0 2 0 4
1367 0 0 2 0 4
1382 0 0 2 0 4
1397 0 0 2 0 4
1415 0 2 0 2 4
1418 0 2 0 2 4
1433 0 2 0 0 4
1448 2 0 0 0 4
1463 0 0 0 0 4
1478 0 0 0 0 4
1493 0 0 0 0 4
1508 0 0 0 0 4
1523 2 0 0 0 4
1538 2 0 0 0 4
1550 2 0 0 0 4
1553 2 0 0 0 4
1568 2 0 0 0 4
1583 2 0 0 0 4
1598 2 0 0 2 4
1613 2 0 0 2 4
1628 2 0 0 2 4
1638 0 2 2 0 4
1641 0 2 2 0 4
1656 0 0 2 0 4
1671 0 0 2 0 4
1686 0 0 2 0 4
1695 0 0 2 0 4
1698 0 0 2 0 4
1713 0 0 2 0 4
1728 0 0 2 0 4
1743 0 0 2 0 4
1758 0 0 0 0 4
1773 0 0 2 0 4
1788 0 0 2 0 4
1803 0 0 2 0 4
1818 0 0 2 0 4
1833 0 2 2 0 4
1848 0 2 2 0 4
1863 0 2 2 0 4
1875 0 2 0 2 4
1878 0 2 0 2 4
1893 0 2 0 2 4
1908 2 0 0 2 4
1923 0 0 0 0 4
1938 0 0 0 0 4
1953 0 0 0 0 4
1968 2 0 0 0 4
1983 2 0 0 0 4
1998 2 0 0 0 4
2004 0 0 0 0 4
2007 0 0 0 0 4
2022 2 0 0 0 4
2037 2 0 0 0 4
2052 2 0 0 0 4
2067 2 0 0 0 4
2082 0 0 0 0 4
2097 0 0 0 2 4
2112 0 0 0 0 4
2127 2 0 0 2 4
2142 0 0 2 0 4
2157 0 0 2 0 4
2172 0 0 2 0 4
2187 0 0 2 0 4
2202 0 0 0 0 4
2217 0 2 0 0 4
2232 0 2 2 0 4
2247 2 0 0 2 4
2262 0 0 0 0 4
2277 2 0 0 0 4
2292 2 0 0 0 4
2307 2 0 0 0 4
2322 2 0 0 0 4
2337 2 0 0 0 4
2352 2 0 0 0 4
2367 0 0 0 0 4
2382 0 2 0 0 4
2397 0 0 0 0 4
2412 0 0 0 0 4
2427 0 0 0 0 4
2442 0 0 0 0 4
2457 0 0 0 0 4
2472 0 0 0 0 4
2481 0 0 0 0 4
