1 0 2 0 0 4
16 2 0 0 0 4
31 2 0 0 0 4
46 2 0 0 0 4
61 2 0 0 0 4
76 2 0 0 2 4
91 2 0 0 2 4
106 2 0 0 2 4
121 0 2 0 2 4
136 0 2 0 2 4
151 0 2 0 2 4
166 0 2 0 2 4
181 0 0 0 2 4
196 0 0 0 2 4
211 0 0 0 2 4
226 0 2 2 0 4
241 0 0 2 0 4
256 0 0 2 0 4
271 0 2 2 0 4
286 0 2 0 0 4
301 0 2 0 0 4
316 0 2 0 0 4
331 0 0 0 0 4
346 0 2 0 2 4
361 0 0 0 2 4
376 0 0 0 2 4
391 0 2 0 2 4
404 0 2 0 2 4
407 0 0 0 2 4
422 0 0 0 0 4
437 0 0 0 2 4
452 0 0 2 0 4
467 0 0 2 0 4
481 0 0 2 0 4
484 0 0 2 0 4
499 0 0 2 0 4
514 0 0 2 0 4
529 0 0 2 0 4
544 0 0 2 0 4
559 0 0 2 0 4
574 0 0 2 0 4
589 0 0 0 2 4
604 0 0 0 2 4
619 0 0 2 0 4
634 0 0 2 0 4
649 0 0 2 0 4
664 0 0 2 0 4
679 0 0 2 0 4
687 0 0 2 0 4
690 0 0 0 0 4
705 0 0 0 2 4
720 0 2 0 0 4
735 0 2 0 0 4
750 0 0 2 0 4
765 0 0 0 0 4
780 0 0 0 0 4
795 0 0 2 0 4
810 0 0 0 0 4
825 0 0 0 2 4
840 0 0 0 0 4
855 0 2 0 0 4
870 0 2 0 0 4
885 0 0 0 0 4
900 0 0 0 0 4
915 0 0 0 0 4
930 0 0 0 0 4
935 0 0 0 0 4
938 0 0 0 0 4
953 0 0 0 0 4
968 2 0 0 0 4
983 2 0 0 2 4
998 2 0 0 2 4
1013 2 0 0 0 4
1028 2 0 0 0 4
1043 0 0 0 2 4
1058 2 0 0 2 4
1070 0 2 0 2 4
1073 0 2 0 2 4
1085 0 0 0 2 4
1097 0 0 0 2 4
1107 0 0 2 0 4
1110 0 0 0 2 4
1125 0 0 2 0 4
1140 0 0 2 0 4
1155 0 0 2 0 4
1170 0 0 0 2 4
1185 0 0 0 2 4
1200 0 0 2 0 4
1215 0 0 2 0 4
1227 0 0 2 0 4
1230 0 0 0 0 4
1245 0 0 2 0 4
1260 0 0 2 0 4
1275 0 0 2 0 4
1290 0 0 2 0 4
1305 0 2 2 0 4
1320 0 2 2 0 4
1335 0 0 2 0 4
1350 0 2 2 0 4
1365 0 0 0 2 4
1380 0 2 0 2 4
1395 0 2 0 0 4
1410 0 2 0 0 4
1425 0 2 0 0 4
1440 0 2 0 0 4
1455 0 0 0 0 4
1470 0 0 0 0 4
1485 0 0 0 0 4
1500 0 0 0 0 4
1506 0 0 0 0 4
1509 0 0 0 0 4
1524 0 0 0 0 4
1539 0 0 0 0 4
1554 0 2 0 0 4
1569 0 2 0 0 4
1584 0 2 0 0 4
1599 0 2 0 2 4
1614 0 2 0 2 4
1629 0 2 0 2 4
1638 0 0 0 2 4
1641 0 0 0 2 4
1656 0 2 0 2 4
1671 0 0 2 0 4
1686 0 0 2 0 4
1701 0 0 2 0 4
1716 0 0 2 0 4
1723 0 0 0 0 4
1726 0 0 2 0 4
1741 0 0 2 0 4
1756 0 0 0 0 4
1771 0 0 2 0 4
1786 0 0 2 0 4
1801 0 0 2 0 4
1816 0 0 0 2 4
1831 0 0 0 2 4
1846 0 0 2 0 4
1861 0 0 2 0 4
1876 0 0 2 0 4
1891 0 2 2 0 4
1906 0 0 2 0 4
1921 0 0 2 0 4
1936 0 0 0 2 4
1951 0 0 2 0 4
1966 0 2 2 0 4
1981 0 2 2 0 4
1990 0 2 2 0 4
1993 0 2 2 0 4
2008 0 2 0 2 4
2023 0 2 0 2 4
2038 0 2 0 2 4
2053 0 2 0 2 4
2068 0 2 0 2 4
2083 0 2 0 2 4
2098 0 2 0 2 4
2113 0 2 0 2 4
2128 0 2 0 2 4
2143 0 2 0 2 4
2158 0 2 0 2 4
2172 0 2 0 2 4
2175 0 2 0 2 4
2190 0 0 0 2 4
2205 0 0 2 0 4
2220 0 0 2 0 4
2227 0 0 2 0 4
2230 0 0 0 0 4
2245 0 0 0 0 4
2260 0 0 0 0 4
2275 0 0 2 0 4
2290 0 0 2 0 4
2305 0 0 0 2 4
2320 0 0 0 2 4
2335 0 0 0 2 4
2350 0 0 0 2 4
2365 0 0 0 2 4
2380 0 0 0 2 4
2395 0 0 0 2 4
2410 0 0 0 2 4
2425 0 0 0 2 4
2440 0 0 0 2 4
2455 0 0 0 2 4
2470 0 0 0 2 4
2485 0 0 0 2 4
2500 0 0 0 2 4
2515 0 0 0 2 4
2530 0 0 0 2 4
2545 0 0 0 2 4
2560 0 0 0 2 4
2575 0 0 2 0 4
2590 0 0 0 2 4
2605 0 0 0 2 4
2620 0 0 0 2 4
2635 0 0 0 2 4
2650 0 0 0 2 4
2665 0 0 0 2 4
2680 0 0 2 0 4
2695 0 0 2 0 4
2703 0 0 2 0 4
2706 0 2 2 0 4
2721 0 0 0 2 4
2736 0 0 0 0 4
2751 0 0 0 0 4
2766 0 0 0 0 4
2781 0 0 0 0 4
2796 0 0 0 0 4
2811 0 0 0 0 4
2828 0 0 0 0 4
2831 0 0 0 0 4
2846 0 2 0 0 4
2861 0 2 0 0 4
2876 0 0 0 0 4
2891 0 2 0 0 4
2906 0 0 0 2 4
2921 0 0 0 0 4
2936 0 2 0 2 4
2951 0 0 0 2 4
2966 0 0 0 2 4
2981 0 0 0 2 4
2996 0 0 0 0 4
3011 0 0 0 2 4
3026 0 2 0 2 4
3041 0 0 0 2 4
3051 0 2 0 2 4
3054 0 0 0 0 4
3069 0 0 0 0 4
3084 0 0 0 0 4
3099 0 0 0 0 4
3114 0 0 0 0 4
3129 0 0 0 0 4
3144 0 0 0 0 4
3159 0 0 0 0 4
3174 0 0 0 0 4
3189 0 0 0 0 4
3204 0 2 0 0 4
3219 0 2 0 0 4
3234 0 0 0 0 4
3249 0 0 0 0 4
3264 0 0 0 0 4
3279 0 0 0 0 4
3294 0 0 0 0 4
3309 0 0 0 0 4
3324 0 0 0 0 4
3339 0 0 0 0 4
3354 0 0 0 0 4
3369 0 0 0 0 4
3384 0 0 0 0 4
3399 0 0 0 0 4
3414 0 0 0 0 4
3429 0 2 0 0 4
3444 0 0 0 0 4
3459 0 0 0 0 4
3474 0 0 0 0 4
3489 0 0 0 0 4
3504 0 0 0 0 4
3519 0 0 0 0 4
3534 0 0 0 0 4
3549 0 0 0 0 4
3564 0 0 0 0 4
3579 0 0 0 0 4
3594 0 0 0 0 4
3609 0 0 0 0 4
3624 0 0 0 0 4
3639 0 0 0 0 4
3654 0 0 0 0 4
3669 0 0 0 0 4
3684 0 0 0 0 4
3699 0 0 0 0 4
3714 0 0 0 0 4
3729 0 0 0 0 4
3744 0 0 0 0 4
3759 0 0 0 0 4
3774 0 0 0 2 4
3788 0 0 0 2 4
3791 0 0 0 2 4
3806 0 0 0 2 4
3821 0 0 2 0 4
3835 0 0 2 0 4
3838 0 0 0 0 4
3853 0 0 0 2 4
3868 0 2 0 2 4
3883 0 0 0 2 4
3898 0 2 0 2 4
3913 0 2 0 2 4
3928 0 2 0 2 4
3943 0 2 0 0 4
3958 0 2 0 0 4
3973 0 2 0 2 4
3988 0 2 0 2 4
4003 0 2 0 2 4
4018 0 2 0 2 4
4033 0 2 0 2 4
4048 0 2 0 0 4
4063 0 2 0 0 4
4078 0 2 0 2 4
4093 0 2 0 2 4
4108 0 0 0 0 4
4123 0 2 0 0 4
4138 0 0 0 2 4
4153 0 0 0 2 4
4168 0 0 0 2 4
4183 0 2 0 2 4
4198 0 0 0 2 4
4213 0 2 0 2 4
4228 0 2 0 2 4
4243 0 2 0 2 4
4258 0 2 0 0 4
4273 0 2 0 2 4
4288 0 2 0 2 4
4303 0 2 0 2 4
4318 0 2 0 2 4
4333 0 2 0 2 4
4348 0 2 0 0 4
4363 0 2 0 2 4
4378 0 2 0 2 4
4393 0 2 0 2 4
4408 0 2 0 2 4
4419 0 2 0 2 4
4422 0 2 0 2 4
4437 0 0 0 2 4
4452 0 0 0 2 4
4467 0 0 0 2 4
4482 0 0 0 2 4
4497 0 0 0 2 4
4512 0 0 0 2 4
4527 0 0 0 2 4
4532 0 0 0 2 4
4535 0 0 0 2 4
4550 0 0 0 2 4
4565 0 0 0 2 4
4580 0 0 0 2 4
4595 0 0 0 2 4
4610 0 0 0 2 4
4625 0 0 0 2 4
4640 0 0 0 2 4
4655 0 0 0 2 4
4670 0 0 0 2 4
4685 0 0 0 2 4
4700 0 0 0 2 4
4715 0 0 0 2 4
4730 0 0 0 2 4
4745 0 0 0 2 4
4760 0 0 0 2 4
4775 0 0 0 2 4
4790 0 0 0 2 4
4805 0 2 0 2 4
4818 0 2 0 2 4
4821 0 2 0 2 4
4836 0 2 0 2 4
4851 0 2 0 2 4
4866 2 0 0 0 4
4881 0 0 0 0 4
4896 0 0 0 0 4
4911 0 0 0 2 4
4926 0 2 0 0 4
4941 0 0 0 0 4
4956 0 0 0 0 4
4972 0 0 0 0 4
4975 0 0 0 0 4
4990 0 0 0 0 4
5005 0 0 0 0 4
5020 0 2 0 0 4
5035 0 2 0 0 4
5050 0 2 0 0 4
5065 0 0 0 0 4
5080 0 0 0 0 4
5095 0 0 0 0 4
5110 0 0 0 0 4
5125 0 0 0 0 4
5140 0 0 0 0 4
5158 0 0 0 0 4
