1 0 0 0 2 4
13 0 0 0 2 4
28 0 0 0 2 4
31 0 0 0 2 4
46 0 0 0 2 4
61 0 0 0 2 4
76 0 0 2 0 4
91 0 0 2 0 4
106 0 0 2 0 4
121 0 0 2 0 4
136 0 2 2 0 4
151 0 2 2 0 4
162 0 2 2 0 4
165 0 2 0 0 4
180 0 2 0 0 4
195 0 2 0 0 4
210 0 0 0 0 4
225 2 0 0 0 4
240 2 0 0 0 4
255 2 0 0 0 4
270 2 0 0 0 4
285 2 0 0 2 4
300 2 0 0 0 4
315 2 0 0 0 4
330 2 0 0 2 4
345 2 0 0 2 4
356 0 2 2 0 4
359 0 0 2 0 4
374 0 2 2 0 4
389 0 0 2 0 4
404 0 0 2 0 4
419 0 0 2 0 4
434 0 0 2 0 4
449 0 0 2 0 4
464 0 0 2 0 4
479 0 0 2 0 4
494 0 0 2 0 4
506 0 0 2 0 4
509 0 0 2 0 4
524 0 0 2 0 4
539 0 0 2 0 4
554 0 0 2 0 4
569 0 0 2 0 4
584 0 0 2 0 4
599 0 0 2 0 4
614 0 0 2 0 4
629 0 0 2 0 4
644 0 0 2 0 4
659 0 0 2 0 4
674 0 0 2 0 4
689 0 0 2 0 4
704 0 0 2 0 4
719 0 0 2 0 4
734 0 0 2 0 4
749 0 0 2 0 4
764 0 0 2 0 4
779 0 0 2 0 4
794 0 2 2 0 4
809 0 2 2 0 4
824 0 0 2 0 4
839 0 2 2 0 4
854 0 2 2 0 4
869 0 2 2 0 4
874 0 2 2 0 4
877 0 2 2 0 4
892 0 0 0 2 4
907 0 0 0 2 4
922 0 2 0 0 4
937 0 0 0 0 4
952 0 0 0 0 4
967 0 0 0 0 4
982 2 0 0 0 4
997 2 0 0 0 4
1012 0 0 0 0 4
1027 0 0 0 0 4
1044 0 0 0 0 4
1047 0 0 0 0 4
1062 0 0 0 0 4
1077 2 0 0 0 4
1092 2 0 0 0 4
1107 2 0 0 2 4
1122 2 0 0 0 4
1137 2 0 0 2 4
1152 2 0 0 2 4
1167 2 0 0 2 4
1182 2 0 0 2 4
1192 0 2 2 0 4
1195 0 0 0 0 4
1210 0 0 0 0 4
1225 0 0 0 0 4
1240 0 0 2 0 4
1255 0 0 2 0 4
1270 0 0 2 0 4
1285 0 0 2 0 4
1300 0 0 2 0 4
1315 0 0 2 0 4
1330 0 0 2 0 4
1349 0 0 2 0 4
1352 0 0 2 0 4
1367 0 0 2 0 4
1382 0 0 2 0 4
1397 0 0 2 0 4
1412 0 0 2 0 4
1427 0 0 2 0 4
1442 0 0 2 0 4
1457 0 0 0 0 4
1472 0 0 2 0 4
1487 0 0 2 0 4
1502 0 0 2 0 4
1517 0 0 2 0 4
1532 0 0 2 0 4
1547 0 0 2 0 4
1562 0 2 2 0 4
1577 0 2 2 0 4
1592 0 2 2 0 4
1607 0 2 2 0 4
1619 0 2 2 0 4
1622 0 0 2 0 4
1637 0 0 2 0 4
1652 0 0 0 2 4
1667 0 0 0 0 4
1682 0 0 0 0 4
1697 0 0 0 0 4
1712 0 0 0 0 4
1727 2 0 0 0 4
1742 2 0 0 0 4
1757 0 0 0 0 4
1772 0 0 0 0 4
1787 0 0 0 0 4
1806 0 0 0 0 4
1809 0 0 0 0 4
1824 0 0 0 0 4
1839 2 0 0 0 4
1854 2 0 0 0 4
1869 2 0 0 0 4
1884 2 0 0 0 4
1899 2 0 0 2 4
1914 2 0 0 2 4
1929 2 0 0 0 4
1944 2 0 0 2 4
1959 2 0 0 2 4
1974 2 0 0 2 4
1989 0 0 0 2 4
2004 2 0 0 2 4
2015 0 2 2 0 4
2018 0 0 2 0 4
2033 0 0 2 0 4
2048 0 0 2 0 4
2063 0 0 2 0 4
2078 0 0 2 0 4
2093 0 0 2 0 4
2108 0 0 2 0 4
2127 0 0 2 0 4
2130 0 0 0 0 4
2145 0 0 0 0 4
2160 0 0 2 0 4
2175 0 0 0 0 4
2190 0 0 2 0 4
2205 0 0 2 0 4
2220 0 0 2 0 4
2235 0 0 2 0 4
2250 0 0 2 0 4
2265 0 0 2 0 4
2280 0 0 0 0 4
2295 0 0 2 0 4
2310 0 0 2 0 4
2325 0 0 2 0 4
2340 0 0 2 0 4
2355 0 0 2 0 4
2370 0 0 2 0 4
2385 0 0 2 0 4
2400 0 0 2 0 4
2415 0 2 2 0 4
2430 0 2 2 0 4
2445 0 2 2 0 4
2460 0 0 2 0 4
2475 0 2 2 0 4
2490 0 2 2 0 4
2505 0 2 0 2 4
2508 0 2 0 2 4
2523 2 0 0 2 4
2538 2 0 0 0 4
2553 2 0 0 0 4
2568 2 0 0 0 4
2583 0 0 0 0 4
2598 2 0 0 0 4
2613 2 0 0 0 4
2628 0 0 0 0 4
2640 2 0 0 0 4
2643 0 0 0 0 4
2658 0 0 0 0 4
2673 2 0 0 0 4
2688 2 0 0 0 4
2703 0 0 0 0 4
2718 2 0 0 2 4
2733 0 0 0 2 4
2748 0 0 0 2 4
2763 2 0 0 2 4
2778 2 0 0 2 4
2793 0 0 0 2 4
2808 2 0 0 0 4
2823 2 0 0 0 4
2838 2 0 0 2 4
2853 2 0 0 2 4
2868 2 0 0 2 4
2883 2 0 0 2 4
2898 0 2 0 2 4
2903 0 2 2 0 4
2906 0 0 2 0 4
2921 0 2 2 0 4
2936 0 0 2 0 4
2951 0 0 2 0 4
2966 0 2 2 0 4
2981 0 2 2 0 4
2996 0 0 2 0 4
3011 0 0 2 0 4
3026 0 0 2 0 4
3041 0 0 2 0 4
3056 0 0 2 0 4
3071 0 0 2 0 4
3086 0 0 2 0 4
3101 0 0 2 0 4
3116 0 0 2 0 4
3131 0 0 2 0 4
3146 0 0 2 0 4
3161 0 0 2 0 4
3176 0 0 2 0 4
3191 0 0 2 0 4
3206 0 0 2 0 4
3221 0 0 2 0 4
3236 0 0 2 0 4
3251 0 0 2 0 4
3266 0 0 2 0 4
3281 0 0 2 0 4
3296 0 0 2 0 4
3311 0 0 2 0 4
3326 0 0 2 0 4
3341 0 0 2 0 4
3356 0 0 2 0 4
3368 0 0 2 0 4
3371 0 0 2 0 4
3386 0 0 2 0 4
3401 0 0 2 0 4
3416 0 0 2 0 4
3431 0 0 2 0 4
3446 0 0 2 0 4
3461 0 0 2 0 4
3476 0 0 2 0 4
3491 0 0 2 0 4
3506 0 0 2 0 4
3509 0 0 2 0 4
3524 0 0 2 0 4
3539 0 0 2 0 4
3554 0 0 2 0 4
3569 0 0 2 0 4
3584 0 0 2 0 4
3599 0 0 2 0 4
3614 0 0 2 0 4
3629 0 0 2 0 4
3644 0 0 2 0 4
3659 0 0 2 0 4
3674 0 0 2 0 4
3689 0 0 2 0 4
3704 0 0 2 0 4
3719 0 0 2 0 4
3734 0 0 2 0 4
3749 0 0 2 0 4
3764 0 2 2 0 4
3779 0 2 2 0 4
3794 0 0 2 0 4
3811 0 2 2 0 4
3814 0 2 0 0 4
3829 0 2 0 2 4
3844 0 2 0 0 4
3859 0 2 0 0 4
3874 0 0 0 0 4
3889 0 0 0 0 4
3904 0 0 0 0 4
3919 0 0 0 0 4
3934 0 0 0 0 4
3949 2 0 0 0 4
3964 2 0 0 0 4
3979 2 0 0 0 4
3994 2 0 0 0 4
4009 0 0 0 0 4
4024 0 0 0 0 4
4027 0 0 0 0 4
4042 0 0 0 0 4
4057 0 0 0 0 4
4072 0 0 0 0 4
4087 0 0 0 0 4
4102 0 0 0 0 4
4117 0 0 0 2 4
4132 0 0 0 2 4
4147 0 0 0 2 4
4162 0 0 0 2 4
4177 0 0 0 2 4
4192 0 0 0 2 4
4207 0 0 0 0 4
4222 0 0 0 0 4
4237 0 0 0 0 4
4252 0 0 0 0 4
4267 0 0 0 0 4
4282 0 0 0 0 4
4297 0 0 0 0 4
4308 0 0 0 0 4
