24 0 0 0 0 4
36 0 0 0 0 4
48 0 0 0 2 4
54 0 0 0 2 4
57 0 0 0 2 4
72 0 0 2 0 4
87 0 0 2 0 4
102 0 0 2 0 4
117 0 0 2 0 4
132 0 2 2 0 4
137 0 2 0 2 4
140 2 0 0 2 4
155 2 0 0 0 4
170 2 0 0 0 4
185 2 0 0 2 4
200 0 0 0 2 4
212 0 0 2 0 4
215 0 2 2 0 4
230 0 0 2 0 4
245 0 0 2 0 4
260 0 0 2 0 4
275 0 0 2 0 4
290 0 0 2 0 4
297 0 0 2 0 4
300 0 0 2 0 4
315 0 0 2 0 4
330 0 0 2 0 4
345 0 0 2 0 4
360 0 2 2 0 4
375 0 2 2 0 4
389 2 0 0 2 4
392 2 0 0 2 4
407 2 0 0 0 4
422 0 0 0 0 4
437 0 0 0 0 4
452 0 0 0 0 4
467 0 0 0 0 4
482 0 0 0 0 4
490 0 0 0 0 4
493 0 0 0 0 4
508 0 0 0 0 4
523 0 0 0 0 4
538 2 0 0 0 4
553 2 0 0 2 4
568 0 2 2 0 4
571 0 2 2 0 4
586 0 0 2 0 4
601 0 0 2 0 4
616 0 0 2 0 4
631 0 0 2 0 4
646 0 0 2 0 4
661 0 0 2 0 4
674 0 0 2 0 4
677 0 0 2 0 4
692 0 0 2 0 4
707 0 0 2 0 4
722 0 0 2 0 4
737 0 0 2 0 4
752 0 0 2 0 4
767 0 0 2 0 4
782 0 0 2 0 4
797 0 0 2 0 4
812 0 0 2 0 4
827 0 0 2 0 4
842 0 2 2 0 4
856 0 2 0 2 4
859 0 2 0 2 4
874 0 0 0 0 4
889 0 0 0 0 4
904 2 0 0 0 4
919 0 0 0 0 4
934 0 0 0 0 4
949 0 0 0 0 4
964 0 0 0 0 4
979 0 0 0 0 4
994 0 0 0 0 4
1009 0 0 0 0 4
1024 0 0 0 0 4
1039 0 0 0 0 4
1054 0 0 0 0 4
1057 0 0 0 0 4
1072 0 0 0 0 4
1087 0 0 0 0 4
1102 2 0 0 0 4
1117 2 0 0 0 4
1132 2 0 0 2 4
1147 2 0 0 2 4
1158 0 2 0 2 4
1161 0 2 2 0 4
1176 0 0 2 0 4
1191 0 0 2 0 4
1206 0 2 2 0 4
1221 2 0 0 2 4
1236 2 0 0 0 4
1251 2 0 0 2 4
1266 2 0 0 2 4
1280 0 2 2 0 4
1283 0 2 2 0 4
1298 0 0 2 0 4
1313 0 0 2 0 4
1328 0 0 2 0 4
1343 0 0 2 0 4
1358 0 0 0 0 4
1361 0 0 2 0 4
1376 0 0 2 0 4
1391 0 0 2 0 4
1406 0 0 2 0 4
1421 0 0 2 0 4
1436 0 0 2 0 4
1451 0 0 2 0 4
1466 0 2 2 0 4
1481 0 0 2 0 4
1489 0 2 0 2 4
1492 2 0 0 2 4
1507 2 0 0 2 4
1522 2 0 0 0 4
1537 0 0 0 0 4
1552 0 0 0 0 4
1567 0 0 0 0 4
1586 0 0 0 0 4
1589 0 0 0 0 4
1604 0 0 0 0 4
1619 2 0 0 0 4
1634 2 0 0 0 4
1649 2 0 0 0 4
1664 2 0 0 2 4
1679 0 2 2 0 4
1682 0 2 0 0 4
1697 0 0 0 0 4
1712 0 0 2 0 4
1727 0 0 2 0 4
1742 0 0 2 0 4
1748 0 0 2 0 4
1751 0 0 2 0 4
1766 0 0 2 0 4
1781 0 0 2 0 4
1796 0 0 2 0 4
1811 0 0 2 0 4
1826 0 0 0 2 4
1841 0 0 2 0 4
1856 0 0 2 0 4
1871 0 0 2 0 4
1886 0 0 2 0 4
1901 0 0 2 0 4
1916 0 0 2 0 4
1931 0 0 2 0 4
1946 0 0 2 0 4
1961 0 0 2 0 4
1976 0 0 2 0 4
1991 0 0 2 0 4
2006 0 0 2 0 4
2021 0 0 2 0 4
2036 0 0 2 0 4
2051 0 0 2 0 4
2066 0 0 2 0 4
2081 0 0 2 0 4
2096 0 0 2 0 4
2111 0 0 2 0 4
2126 0 0 2 0 4
2141 0 0 2 0 4
2156 0 2 2 0 4
2171 0 2 2 0 4
2186 2 0 0 2 4
2189 2 0 0 2 4
2204 0 2 0 0 4
2219 0 0 0 0 4
2234 0 0 0 0 4
2249 0 0 0 0 4
2264 0 0 0 0 4
2269 0 0 0 0 4
2272 0 0 0 0 4
2287 0 0 0 0 4
2302 2 0 0 0 4
2317 2 0 0 2 4
2332 0 2 0 2 4
2347 0 0 2 0 4
2362 0 0 2 0 4
2377 0 0 2 0 4
2392 0 0 2 0 4
2407 0 0 2 0 4
2422 0 0 2 0 4
2437 0 0 0 2 4
2452 0 0 0 0 4
2467 0 0 0 0 4
2482 0 0 0 0 4
2497 0 0 0 0 4
2512 0 0 0 0 4
2527 0 0 0 0 4
2542 0 0 0 0 4
2548 0 0 0 0 4
