1 0 0 2 0 4
16 0 0 2 0 4
31 0 0 2 0 4
46 0 0 0 0 4
61 0 2 0 0 4
76 0 2 2 0 4
91 0 2 2 0 4
106 0 2 2 0 4
121 0 2 2 0 4
129 0 2 0 0 4
132 0 2 0 0 4
147 0 0 0 0 4
162 0 0 0 0 4
177 2 0 0 0 4
192 2 0 0 0 4
207 2 0 0 0 4
222 2 0 0 2 4
237 2 0 0 2 4
252 2 0 0 2 4
267 2 0 0 2 4
282 2 0 0 2 4
297 2 0 0 2 4
312 0 2 2 0 4
318 0 2 2 0 4
321 0 0 2 0 4
336 0 0 2 0 4
351 0 0 2 0 4
366 0 0 2 0 4
381 0 0 2 0 4
396 0 0 2 0 4
411 0 0 2 0 4
414 0 0 2 0 4
429 0 0 2 0 4
444 0 0 2 0 4
459 0 0 2 0 4
474 0 0 2 0 4
489 0 0 2 0 4
504 0 0 2 0 4
519 0 0 2 0 4
534 0 0 2 0 4
549 0 0 2 0 4
564 0 0 2 0 4
579 0 2 2 0 4
594 0 2 2 0 4
609 0 2 2 0 4
617 0 2 0 2 4
620 0 2 0 2 4
635 0 2 0 0 4
650 0 0 0 0 4
665 2 0 0 0 4
680 2 0 0 0 4
695 0 0 0 0 4
710 0 0 0 0 4
725 0 0 0 0 4
740 0 0 0 0 4
755 0 0 0 0 4
765 0 0 0 0 4
768 0 0 0 0 4
783 0 0 0 0 4
798 0 0 0 0 4
813 0 0 0 0 4
828 2 0 0 0 4
843 2 0 0 0 4
858 2 0 0 0 4
873 2 0 0 0 4
888 2 0 0 0 4
903 2 0 0 0 4
918 2 0 0 2 4
933 2 0 0 2 4
948 2 0 0 2 4
959 0 2 0 2 4
962 0 2 0 2 4
977 0 0 2 0 4
992 0 0 2 0 4
1007 0 0 2 0 4
1022 0 0 2 0 4
1037 0 0 2 0 4
1052 0 0 2 0 4
1067 0 0 0 0 4
1082 0 0 2 0 4
1097 0 0 2 0 4
1112 0 0 0 0 4
1126 0 0 2 0 4
1129 0 0 2 0 4
1144 0 0 2 0 4
1159 0 0 2 0 4
1174 0 0 2 0 4
1189 0 0 2 0 4
1204 0 0 2 0 4
1219 0 0 2 0 4
1234 0 0 2 0 4
1249 0 0 2 0 4
1264 0 0 2 0 4
1279 0 0 2 0 4
1294 0 0 2 0 4
1309 0 0 2 0 4
1324 0 0 2 0 4
1339 0 0 2 0 4
1354 0 0 2 0 4
1369 0 0 2 0 4
1384 0 0 2 0 4
1399 0 2 2 0 4
1414 0 0 2 0 4
1427 0 0 2 0 4
1430 0 2 2 0 4
1445 0 2 0 2 4
1460 0 2 0 0 4
1475 0 0 0 0 4
1490 0 0 0 0 4
1505 0 0 0 0 4
1520 0 0 0 0 4
1535 0 0 0 0 4
1550 0 0 0 0 4
1565 0 0 0 0 4
1580 0 0 0 0 4
1595 0 0 0 0 4
1610 0 0 0 0 4
1625 0 0 0 0 4
1640 0 0 0 0 4
1655 0 0 0 0 4
1665 0 0 0 0 4
1668 0 0 0 0 4
1683 0 0 0 0 4
1698 2 0 0 0 4
1713 2 0 0 0 4
1728 2 0 0 0 4
1743 2 0 0 0 4
1758 2 0 0 0 4
1773 2 0 0 2 4
1788 2 0 0 2 4
1803 2 0 0 2 4
1818 0 2 0 2 4
1826 0 2 0 2 4
1829 0 2 2 0 4
1844 0 0 2 0 4
1859 0 0 2 0 4
1874 0 0 2 0 4
1889 0 0 2 0 4
1904 0 0 2 0 4
1919 0 0 2 0 4
1931 0 0 2 0 4
1934 0 0 2 0 4
1949 0 0 2 0 4
1964 0 0 2 0 4
1979 0 0 2 0 4
1994 0 0 2 0 4
2009 0 0 2 0 4
2024 0 0 2 0 4
2039 0 0 2 0 4
2054 0 0 2 0 4
2069 0 0 2 0 4
2084 0 0 2 0 4
2099 0 0 2 0 4
2114 0 0 2 0 4
2129 0 0 2 0 4
2144 0 0 2 0 4
2159 0 0 2 0 4
2174 0 0 2 0 4
2189 0 0 2 0 4
2204 0 0 0 0 4
2219 0 0 2 0 4
2234 0 2 2 0 4
2249 0 2 2 0 4
2264 0 2 2 0 4
2279 0 0 2 0 4
2286 0 0 0 2 4
2289 0 2 0 2 4
2304 2 0 0 0 4
2319 2 0 0 0 4
2334 2 0 0 0 4
2349 2 0 0 0 4
2364 2 0 0 0 4
2379 2 0 0 0 4
2394 2 0 0 0 4
2409 0 0 0 0 4
2424 0 0 0 0 4
2439 0 0 0 0 4
2451 0 0 0 0 4
2454 0 0 0 0 4
2469 0 0 0 0 4
2484 2 0 0 0 4
2499 2 0 0 0 4
2514 0 0 0 0 4
2529 0 0 0 0 4
2544 2 0 0 0 4
2559 0 0 0 0 4
2574 2 0 0 2 4
2589 2 0 0 2 4
2604 2 0 0 2 4
2622 0 2 0 2 4
2625 0 0 2 0 4
2640 0 0 2 0 4
2655 0 0 2 0 4
2670 0 0 2 0 4
2685 0 0 2 0 4
2700 0 0 0 0 4
2715 0 0 2 0 4
2730 0 0 2 0 4
2736 0 0 2 0 4
2739 0 0 2 0 4
2754 0 0 2 0 4
2769 0 0 2 0 4
2784 0 0 2 0 4
2799 0 0 2 0 4
2814 0 0 2 0 4
2829 0 0 2 0 4
2844 0 0 2 0 4
2859 0 0 2 0 4
2874 0 0 2 0 4
2889 0 0 2 0 4
2904 0 0 2 0 4
2919 0 0 2 0 4
2934 0 0 2 0 4
2949 0 0 2 0 4
2964 0 2 2 0 4
2979 0 2 2 0 4
2996 0 2 2 0 4
2999 0 2 2 0 4
3014 2 0 0 2 4
3029 2 0 0 0 4
3044 2 0 0 0 4
3059 0 0 0 0 4
3074 2 0 0 0 4
3089 0 0 0 0 4
3104 2 0 0 0 4
3119 0 2 0 0 4
3125 0 2 0 0 4
3128 0 0 0 0 4
3143 0 0 0 0 4
3158 0 0 0 0 4
3173 0 0 0 0 4
3188 0 0 0 0 4
3203 0 0 0 0 4
3218 0 0 0 0 4
3233 0 0 0 0 4
3248 0 0 0 0 4
3263 0 0 0 0 4
3277 0 0 0 0 4
