1 0 0 0 2 4
16 0 0 0 2 4
31 0 0 0 2 4
44 0 0 0 2 4
47 0 0 0 2 4
62 0 0 0 2 4
77 0 0 0 2 4
92 0 0 0 2 4
101 0 0 2 0 4
104 0 0 2 0 4
116 0 0 2 0 4
126 0 0 0 2 4
129 0 0 2 0 4
144 0 0 0 2 4
159 0 0 2 0 4
174 0 0 2 0 4
189 0 0 0 0 4
204 0 0 0 0 4
219 0 0 2 0 4
234 0 0 0 0 4
249 0 0 2 0 4
264 0 0 2 0 4
279 0 0 2 0 4
294 0 0 0 0 4
309 0 0 0 0 4
324 0 0 0 0 4
339 0 0 2 0 4
354 0 0 0 0 4
369 0 0 2 0 4
384 0 0 2 0 4
399 0 0 0 0 4
414 0 0 0 2 4
429 0 0 0 0 4
444 0 0 0 0 4
459 0 0 0 0 4
474 0 0 0 2 4
489 0 0 0 0 4
504 0 0 0 0 4
519 0 0 0 2 4
534 0 0 0 2 4
549 0 0 0 2 4
564 0 2 0 2 4
579 0 2 0 2 4
594 0 2 0 2 4
609 0 2 0 2 4
624 0 0 0 2 4
639 0 0 0 2 4
654 0 2 0 2 4
669 0 2 0 2 4
684 0 0 0 2 4
694 0 2 0 2 4
697 0 2 0 0 4
712 0 2 0 0 4
727 2 0 0 0 4
742 2 0 0 0 4
757 2 0 0 0 4
772 2 0 0 0 4
787 0 0 0 0 4
802 0 0 0 0 4
817 0 0 0 0 4
832 0 0 0 0 4
847 0 0 0 0 4
862 0 0 0 0 4
874 0 0 0 0 4
877 0 0 0 0 4
892 0 0 0 0 4
907 0 0 0 0 4
922 0 0 0 0 4
937 0 0 0 0 4
952 2 0 0 0 4
967 2 0 0 2 4
982 2 0 0 2 4
997 0 2 0 2 4
1013 0 2 0 2 4
1016 0 2 0 2 4
1031 0 2 0 0 4
1046 0 0 0 2 4
1061 0 0 0 0 4
1076 0 0 0 0 4
1091 0 0 0 0 4
1106 0 0 0 0 4
1121 0 0 0 0 4
1136 0 0 0 0 4
1151 0 0 0 0 4
1166 0 0 0 0 4
1181 0 0 0 0 4
1196 0 0 0 2 4
1211 0 0 0 2 4
1226 0 0 0 0 4
1241 0 0 0 0 4
1256 0 0 0 2 4
1271 0 0 0 2 4
1286 0 0 0 2 4
1301 0 0 0 2 4
1316 0 0 0 2 4
1331 0 0 0 2 4
1346 0 2 0 2 4
1361 0 2 0 2 4
1376 0 2 0 2 4
1391 0 2 0 2 4
1406 0 2 0 2 4
1415 0 2 0 0 4
1418 0 2 0 2 4
1433 2 0 0 0 4
1448 2 0 0 0 4
1463 2 0 0 0 4
1478 2 0 0 0 4
1493 0 0 0 0 4
1508 2 0 0 0 4
1523 0 0 0 0 4
1538 0 0 0 0 4
1553 0 0 0 0 4
1568 0 0 0 0 4
1583 0 0 0 0 4
1601 0 0 0 0 4
1604 0 0 0 0 4
1619 0 0 0 0 4
1634 0 0 0 0 4
1649 0 0 0 0 4
1664 2 0 0 0 4
1679 2 0 0 0 4
1694 2 0 0 2 4
1709 0 2 0 2 4
1720 0 2 0 2 4
1723 0 2 2 0 4
1738 0 0 2 0 4
1753 0 0 2 0 4
1768 0 0 0 0 4
1783 0 0 0 0 4
1797 0 0 0 0 4
1800 0 0 0 0 4
1815 0 0 0 0 4
1830 0 0 0 0 4
1845 0 0 0 0 4
1860 0 0 2 0 4
1875 0 0 0 2 4
1890 0 0 0 2 4
1905 0 0 0 2 4
1920 0 0 0 2 4
1935 0 0 0 2 4
1950 0 0 0 2 4
1965 0 2 2 0 4
1980 0 2 2 0 4
1995 2 0 0 2 4
2010 0 2 2 0 4
2025 0 2 2 0 4
2040 0 0 2 0 4
2055 0 0 2 0 4
2070 0 2 2 0 4
2085 0 2 2 0 4
2100 0 2 2 0 4
2115 0 2 2 0 4
2130 0 2 2 0 4
2145 2 0 0 2 4
2160 0 2 0 0 4
2175 0 0 0 2 4
2184 0 2 0 2 4
2187 0 0 0 2 4
2202 0 2 0 2 4
2217 2 0 0 2 4
2232 2 0 0 0 4
2247 2 0 0 0 4
2262 0 0 0 0 4
2277 0 0 0 0 4
2292 0 0 0 0 4
2307 0 0 0 0 4
2324 0 0 0 0 4
2327 0 0 0 0 4
2342 0 0 0 0 4
2357 0 0 0 0 4
2372 2 0 0 0 4
2387 2 0 0 0 4
2402 0 2 0 2 4
2417 0 2 0 2 4
2427 0 2 0 2 4
2430 0 2 0 2 4
2445 0 0 0 0 4
2460 0 0 0 0 4
2475 0 0 0 0 4
2490 0 0 0 0 4
2505 0 0 0 0 4
2520 0 0 0 2 4
2535 0 0 0 2 4
2550 0 2 0 2 4
2562 0 2 2 0 4
2565 0 0 0 2 4
2580 0 0 0 2 4
2595 0 0 0 2 4
2610 0 0 0 0 4
2625 0 0 0 2 4
2640 0 0 0 2 4
2655 0 0 2 0 4
2670 0 0 0 2 4
2685 0 0 0 2 4
2700 0 0 2 0 4
2715 0 0 0 2 4
2730 0 0 0 2 4
2745 0 0 0 2 4
2760 0 0 0 2 4
2775 0 0 0 2 4
2790 0 0 0 2 4
2805 0 0 0 2 4
2820 0 0 0 2 4
2835 0 0 0 2 4
2850 0 2 0 2 4
2858 2 0 0 2 4
2861 2 0 2 0 4
2876 0 2 2 0 4
2891 0 2 2 0 4
2906 0 2 2 0 4
2921 0 2 2 0 4
2936 0 0 0 2 4
2951 0 2 0 0 4
2966 2 0 0 0 4
2981 2 0 0 0 4
2996 0 0 0 0 4
3011 0 0 0 0 4
3026 0 0 0 0 4
3041 0 0 0 0 4
3056 0 0 0 0 4
3067 0 0 0 0 4
3070 0 0 0 0 4
3085 0 0 0 0 4
3100 0 0 0 0 4
3115 2 0 0 0 4
3130 2 0 0 0 4
3145 2 0 0 0 4
3160 0 2 0 0 4
3175 0 0 0 0 4
3190 0 0 0 0 4
3205 0 0 0 0 4
3220 0 0 0 0 4
3235 0 0 0 0 4
3250 0 0 0 0 4
3255 0 0 0 0 4
