1 0 0 2 0 4
16 0 0 2 0 4
31 0 0 2 0 4
46 0 0 2 0 4
61 0 0 2 0 4
76 0 0 2 0 4
91 0 0 2 0 4
99 0 0 2 0 4
102 0 2 2 0 4
117 0 2 2 0 4
132 0 2 2 0 4
147 0 2 0 2 4
162 2 0 0 0 4
177 2 0 0 0 4
192 2 0 0 0 4
207 2 0 0 0 4
222 2 0 0 2 4
237 2 0 0 2 4
252 2 0 0 2 4
267 2 0 0 2 4
282 2 0 0 2 4
297 2 0 0 2 4
312 2 0 0 2 4
326 0 2 2 0 4
329 0 2 2 0 4
344 0 0 2 0 4
359 0 0 2 0 4
374 0 0 2 0 4
389 0 0 2 0 4
404 0 0 2 0 4
419 0 0 2 0 4
434 0 0 2 0 4
449 0 0 2 0 4
459 0 0 2 0 4
462 0 0 2 0 4
477 0 0 2 0 4
492 0 0 2 0 4
507 0 0 2 0 4
522 0 0 2 0 4
537 0 0 2 0 4
552 0 0 0 0 4
567 0 0 2 0 4
582 0 0 2 0 4
597 0 0 2 0 4
612 0 0 2 0 4
627 0 0 2 0 4
642 0 0 2 0 4
657 0 0 2 0 4
672 0 0 2 0 4
687 0 0 2 0 4
702 0 0 2 0 4
717 0 0 2 0 4
732 0 0 2 0 4
747 0 2 2 0 4
762 0 2 2 0 4
777 0 2 2 0 4
783 0 2 0 2 4
786 2 0 0 2 4
801 2 0 0 2 4
816 2 0 0 0 4
831 2 0 0 0 4
846 0 0 0 0 4
861 0 0 0 0 4
876 0 0 0 0 4
891 0 0 0 0 4
899 0 0 0 0 4
902 0 0 0 0 4
917 0 0 0 0 4
932 2 0 0 0 4
947 2 0 0 0 4
962 2 0 0 0 4
977 2 0 0 2 4
992 2 0 0 0 4
1007 2 0 0 2 4
1022 0 2 2 0 4
1027 0 2 2 0 4
1030 0 2 2 0 4
1045 0 0 2 0 4
1060 0 2 2 0 4
1075 0 2 2 0 4
1090 0 2 2 0 4
1105 0 2 2 0 4
1120 2 0 0 2 4
1135 2 0 0 0 4
1150 2 0 0 0 4
1165 2 0 0 0 4
1180 2 0 0 2 4
1195 2 0 0 2 4
1205 0 2 2 0 4
1208 0 2 2 0 4
1223 0 0 2 0 4
1238 0 0 2 0 4
1253 0 0 2 0 4
1268 0 0 2 0 4
1283 0 0 2 0 4
1298 0 0 2 0 4
1313 0 0 2 0 4
1319 0 0 2 0 4
1322 0 0 2 0 4
1337 0 0 2 0 4
1352 0 0 2 0 4
1367 0 0 2 0 4
1382 0 0 2 0 4
1397 0 0 2 0 4
1412 0 0 2 0 4
1427 0 0 2 0 4
1442 0 0 2 0 4
1457 0 0 2 0 4
1472 0 2 2 0 4
1487 0 2 2 0 4
1503 2 0 0 2 4
1506 2 0 0 2 4
1521 2 0 0 0 4
1536 2 0 0 0 4
1551 0 0 0 0 4
1566 0 0 0 0 4
1581 0 0 0 0 4
1596 0 0 0 0 4
1611 2 0 0 0 4
1626 2 0 0 0 4
1641 2 0 0 2 4
1656 2 0 0 2 4
1671 2 0 0 2 4
1683 0 2 2 0 4
1686 0 2 2 0 4
1701 0 0 2 0 4
1716 0 0 2 0 4
1731 0 0 2 0 4
1746 0 0 2 0 4
1761 0 0 2 0 4
1776 0 0 2 0 4
1791 0 0 2 0 4
1806 0 0 2 0 4
1821 0 0 2 0 4
1836 0 0 2 0 4
1851 0 0 2 0 4
1857 0 0 2 0 4
1860 0 0 2 0 4
1875 0 0 2 0 4
1890 0 0 2 0 4
1905 0 0 2 0 4
1920 0 0 2 0 4
1935 0 0 2 0 4
1950 0 0 2 0 4
1965 0 0 2 0 4
1980 0 0 2 0 4
1995 0 0 2 0 4
2010 0 0 2 0 4
2025 0 0 2 0 4
2040 0 0 2 0 4
2055 0 0 2 0 4
2070 0 2 2 0 4
2084 0 2 2 0 4
2087 0 2 0 2 4
2102 0 2 0 2 4
2117 0 0 0 0 4
2132 0 0 0 0 4
2147 0 0 0 0 4
2161 0 0 0 0 4
2164 0 0 0 0 4
2179 0 0 0 0 4
2194 0 0 0 0 4
2209 2 0 0 0 4
2224 2 0 0 0 4
2239 2 0 0 2 4
2254 2 0 0 2 4
2269 2 0 0 2 4
2284 2 0 0 2 4
2299 2 0 0 2 4
2314 2 0 0 2 4
2332 0 2 2 0 4
2335 0 2 2 0 4
2350 0 0 2 0 4
2365 0 0 2 0 4
2380 0 0 2 0 4
2395 0 0 2 0 4
2410 0 0 2 0 4
2413 0 0 0 0 4
2428 0 0 0 0 4
2443 0 0 0 0 4
2458 0 0 0 0 4
2473 0 0 0 0 4
2488 0 0 2 0 4
2503 0 0 2 0 4
2518 0 0 0 0 4
2533 0 0 2 0 4
2548 0 0 2 0 4
2563 0 0 2 0 4
2578 0 0 2 0 4
2593 0 0 2 0 4
2608 0 0 2 0 4
2623 0 0 2 0 4
2638 0 0 2 0 4
2653 0 0 2 0 4
2668 0 0 2 0 4
2683 0 0 2 0 4
2698 0 0 2 0 4
2713 0 0 2 0 4
2728 0 0 2 0 4
2743 0 0 2 0 4
2758 0 0 2 0 4
2773 0 2 2 0 4
2788 0 2 2 0 4
2803 0 0 2 0 4
2818 0 2 2 0 4
2831 0 2 0 2 4
2834 2 0 0 2 4
2849 2 0 0 0 4
2864 0 0 0 0 4
2879 2 0 0 0 4
2894 2 0 0 0 4
2909 2 0 0 0 4
2924 0 0 0 0 4
2939 0 0 0 0 4
2954 2 0 0 0 4
2969 2 0 0 0 4
2984 0 2 2 0 4
3003 2 0 0 2 4
3006 2 0 0 2 4
3021 2 0 0 2 4
3036 0 2 2 0 4
3051 0 0 0 0 4
3066 0 0 2 0 4
3081 0 0 2 0 4
3096 0 0 2 0 4
3111 0 0 2 0 4
3126 0 0 0 0 4
3141 0 0 2 0 4
3156 0 0 0 2 4
3171 0 0 0 2 4
3186 0 0 0 0 4
3201 0 0 0 0 4
3216 0 0 0 0 4
3231 0 0 0 0 4
3246 0 0 0 0 4
3265 0 0 0 0 4
