23 0 0 0 0 4
38 0 0 0 2 4
53 0 0 0 2 4
68 0 0 0 2 4
75 0 0 0 2 4
78 0 0 0 2 4
93 0 0 2 0 4
108 0 0 2 0 4
123 0 0 2 0 4
138 0 0 2 0 4
156 0 0 2 0 4
159 0 0 2 0 4
174 0 0 2 0 4
189 0 0 2 0 4
204 0 0 2 0 4
219 0 0 2 0 4
234 0 0 2 0 4
237 0 0 2 0 4
252 0 0 2 0 4
267 0 0 2 0 4
282 0 0 2 0 4
297 0 0 2 0 4
312 0 0 2 0 4
327 0 0 2 0 4
342 0 0 2 0 4
357 0 0 2 0 4
372 0 0 2 0 4
387 0 0 2 0 4
402 0 0 2 0 4
417 0 0 2 0 4
432 0 0 2 0 4
447 0 0 2 0 4
462 0 0 2 0 4
477 0 0 2 0 4
492 0 0 2 0 4
507 0 0 2 0 4
522 0 2 2 0 4
537 0 2 2 0 4
552 2 0 2 0 4
567 0 2 2 0 4
582 0 2 2 0 4
597 0 2 2 0 4
612 0 0 2 0 4
629 0 2 2 0 4
632 0 2 0 2 4
647 2 0 0 2 4
662 2 0 0 0 4
677 0 0 0 0 4
692 0 0 0 0 4
707 0 0 0 0 4
722 0 0 0 0 4
737 0 0 0 0 4
752 0 0 0 0 4
767 0 0 0 0 4
782 0 0 0 0 4
797 0 0 0 0 4
805 0 0 0 0 4
808 0 0 0 0 4
823 0 0 0 0 4
838 2 0 0 0 4
853 0 0 0 0 4
868 2 0 0 0 4
883 2 0 0 0 4
898 2 0 0 0 4
913 0 0 0 0 4
928 0 0 0 0 4
943 2 0 0 0 4
958 2 0 0 2 4
973 2 0 2 0 4
982 0 0 2 0 4
985 0 0 2 0 4
1000 0 0 2 0 4
1015 0 0 2 0 4
1030 0 0 2 0 4
1049 0 0 2 0 4
1052 0 0 2 0 4
1067 0 0 2 0 4
1082 0 0 0 0 4
1097 0 0 2 0 4
1112 0 0 0 0 4
1127 0 0 2 0 4
1142 0 0 2 0 4
1157 0 0 2 0 4
1172 0 0 2 0 4
1187 0 0 2 0 4
1202 0 0 2 0 4
1217 0 0 2 0 4
1232 0 2 2 0 4
1247 0 2 2 0 4
1255 0 2 2 0 4
1258 0 2 2 0 4
1273 2 0 0 2 4
1288 2 0 0 0 4
1303 0 0 0 0 4
1318 0 0 0 0 4
1333 0 0 0 0 4
1348 0 0 0 0 4
1363 0 0 0 0 4
1378 0 0 0 0 4
1393 0 0 0 0 4
1405 0 0 0 0 4
1408 0 0 0 0 4
1423 2 0 0 0 4
1438 2 0 0 0 4
1453 0 0 0 0 4
1468 0 0 0 2 4
1483 0 0 0 2 4
1498 0 0 0 2 4
1511 0 2 2 0 4
1514 0 0 2 0 4
1529 0 0 2 0 4
1544 0 0 2 0 4
1559 0 0 2 0 4
1567 0 0 2 0 4
1570 0 0 2 0 4
1585 0 0 2 0 4
1600 0 0 2 0 4
1615 0 0 2 0 4
1630 0 0 2 0 4
1645 0 0 2 0 4
1660 0 0 2 0 4
1675 0 0 2 0 4
1690 0 0 2 0 4
1705 0 0 2 0 4
1720 0 0 2 0 4
1735 0 0 2 0 4
1750 0 2 2 0 4
1768 0 2 2 0 4
1771 0 2 2 0 4
1786 2 0 0 2 4
1801 2 0 0 0 4
1816 0 0 0 0 4
1831 0 0 0 0 4
1846 2 0 0 0 4
1861 2 0 0 0 4
1876 2 0 0 0 4
1891 0 0 0 0 4
1909 0 0 0 0 4
1912 2 0 0 0 4
1927 2 0 0 0 4
1942 2 0 0 0 4
1957 2 0 0 0 4
1972 2 0 0 2 4
1987 2 0 0 2 4
2002 2 0 0 2 4
2017 2 0 0 2 4
2032 0 2 2 0 4
2035 0 2 2 0 4
2050 0 0 2 0 4
2065 0 0 2 0 4
2080 0 0 2 0 4
2091 0 0 2 0 4
2094 0 0 2 0 4
2109 0 0 2 0 4
2124 0 0 2 0 4
2139 0 0 2 0 4
2154 0 0 0 0 4
2169 0 0 2 0 4
2184 0 0 2 0 4
2199 0 0 2 0 4
2214 0 0 2 0 4
2229 0 0 2 0 4
2244 0 0 2 0 4
2259 0 0 2 0 4
2274 0 0 2 0 4
2289 0 0 2 0 4
2304 0 2 2 0 4
2319 0 2 2 0 4
2334 0 2 2 0 4
2349 0 2 2 0 4
2360 2 0 2 0 4
2363 2 0 0 2 4
2378 2 0 0 2 4
2393 2 0 0 0 4
2408 0 0 0 0 4
2423 0 0 0 0 4
2438 2 0 0 0 4
2453 2 0 0 0 4
2469 0 0 0 0 4
2472 0 0 0 0 4
2487 2 0 0 0 4
2502 2 0 0 0 4
2517 2 0 0 2 4
2532 2 0 0 0 4
2547 2 0 0 2 4
2562 0 2 2 0 4
2577 0 2 2 0 4
2592 0 0 2 0 4
2607 0 2 2 0 4
2622 0 2 2 0 4
2637 0 0 2 0 4
2652 0 0 0 2 4
2667 2 0 0 0 4
2682 2 0 0 0 4
2697 0 0 0 0 4
2712 2 0 0 0 4
2727 2 0 0 0 4
2742 2 0 0 0 4
2757 2 0 0 0 4
2772 2 0 0 0 4
2787 2 0 0 0 4
2802 2 0 0 0 4
2817 0 0 0 0 4
2832 0 0 0 0 4
2847 0 0 0 0 4
2862 0 0 0 0 4
2877 0 0 0 0 4
2892 0 0 0 0 4
2907 0 0 0 0 4
2922 0 0 0 0 4
2937 0 0 0 0 4
2946 0 0 0 0 4
