1 0 0 2 0 4
16 0 0 0 2 4
31 0 0 0 2 4
46 0 0 2 0 4
61 0 0 2 0 4
76 0 0 2 0 4
92 0 2 0 2 4
95 0 2 0 2 4
110 0 2 0 2 4
125 0 2 0 2 4
140 0 2 0 2 4
155 0 2 0 2 4
170 0 2 0 2 4
186 0 2 0 2 4
189 0 2 0 2 4
204 0 0 0 0 4
219 0 0 2 0 4
237 0 0 2 0 4
240 0 0 0 0 4
255 0 0 2 0 4
270 0 0 2 0 4
285 0 0 2 0 4
300 0 0 2 0 4
315 0 0 2 0 4
330 0 0 2 0 4
345 0 0 0 2 4
360 0 0 0 0 4
375 0 0 0 2 4
390 0 0 0 2 4
405 0 0 0 2 4
420 0 0 0 2 4
435 0 0 2 0 4
450 0 0 0 0 4
465 0 0 0 0 4
477 0 0 2 0 4
480 0 0 2 0 4
495 0 0 2 0 4
510 0 0 2 0 4
525 0 0 2 0 4
540 0 2 2 0 4
555 0 0 0 2 4
570 0 0 0 0 4
585 0 2 0 0 4
600 0 2 0 0 4
615 0 0 0 0 4
630 0 0 0 0 4
645 0 0 0 0 4
660 0 0 0 0 4
675 0 0 0 0 4
690 0 0 0 0 4
695 0 0 0 0 4
698 0 0 0 0 4
713 0 0 0 0 4
728 0 0 0 0 4
743 0 0 0 0 4
758 0 0 0 0 4
773 0 2 0 0 4
788 0 0 0 2 4
803 0 2 0 2 4
814 0 0 0 2 4
817 0 0 0 2 4
832 0 0 0 2 4
847 0 0 2 0 4
862 0 0 2 0 4
877 0 0 2 0 4
892 0 0 2 0 4
903 0 0 2 0 4
906 0 0 2 0 4
921 0 0 2 0 4
936 0 0 2 0 4
951 0 0 0 2 4
966 0 0 0 2 4
981 0 0 2 0 4
996 0 0 2 0 4
1011 0 0 2 0 4
1026 0 0 2 0 4
1041 0 0 2 0 4
1056 0 0 2 0 4
1071 0 0 2 0 4
1086 0 0 2 0 4
1101 0 0 2 0 4
1116 0 0 2 0 4
1131 0 0 2 0 4
1146 0 0 2 0 4
1161 0 0 2 0 4
1176 0 0 2 0 4
1191 0 2 2 0 4
1206 0 0 2 0 4
1221 0 0 2 0 4
1236 0 0 2 0 4
1251 0 0 2 0 4
1266 0 2 2 0 4
1285 0 0 2 0 4
1288 0 2 2 0 4
1303 0 2 0 2 4
1318 0 2 0 2 4
1333 0 2 0 0 4
1348 0 0 0 2 4
1363 0 0 0 0 4
1378 0 0 0 0 4
1393 0 0 0 0 4
1408 0 0 0 0 4
1423 0 0 0 0 4
1438 0 0 0 0 4
1453 0 0 0 0 4
1462 0 0 0 0 4
1465 0 0 0 0 4
1480 0 0 0 0 4
1495 0 2 0 0 4
1510 0 2 0 0 4
1525 0 2 0 0 4
1540 0 2 0 0 4
1555 0 2 0 2 4
1570 0 2 0 2 4
1580 0 2 0 2 4
1583 0 0 0 2 4
1598 0 0 0 2 4
1613 0 0 2 0 4
1625 0 0 2 0 4
1628 0 0 2 0 4
1643 0 0 2 0 4
1658 0 0 0 0 4
1673 0 0 2 0 4
1688 0 0 2 0 4
1703 0 0 2 0 4
1718 0 0 0 2 4
1733 0 0 0 2 4
1748 0 0 0 2 4
1763 0 0 2 0 4
1778 0 0 2 0 4
1793 0 0 2 0 4
1808 0 0 2 0 4
1823 0 0 2 0 4
1838 0 0 2 0 4
1853 0 0 2 0 4
1868 0 2 2 0 4
1887 0 0 2 0 4
1890 0 2 0 0 4
1905 0 0 0 0 4
1920 0 0 0 0 4
1935 0 0 0 0 4
1950 0 0 0 0 4
1965 0 0 0 0 4
1980 0 0 0 0 4
1995 0 0 0 0 4
2010 0 0 0 0 4
2027 0 0 0 0 4
2030 0 0 0 0 4
2045 0 0 0 0 4
2060 0 0 0 0 4
2075 0 2 0 0 4
2090 0 2 0 2 4
2105 0 0 0 2 4
2120 0 2 0 0 4
2135 0 0 0 2 4
2150 0 0 0 0 4
2165 0 2 0 2 4
2183 0 0 0 2 4
2186 0 0 0 2 4
2201 0 0 0 2 4
2216 0 0 2 0 4
2230 0 0 2 0 4
2233 0 0 2 0 4
2248 0 0 2 0 4
2263 0 0 2 0 4
2278 0 0 0 0 4
2293 0 0 2 0 4
2308 0 0 2 0 4
2323 0 0 2 0 4
2338 0 0 2 0 4
2353 0 0 2 0 4
2368 0 0 2 0 4
2383 0 0 2 0 4
2398 0 0 2 0 4
2413 0 0 0 0 4
2428 0 0 2 0 4
2443 0 0 2 0 4
2460 0 0 2 0 4
2463 0 0 2 0 4
2478 0 0 2 0 4
2493 0 0 2 0 4
2508 0 2 2 0 4
2523 0 2 0 2 4
2538 0 2 0 0 4
2553 0 2 0 0 4
2568 0 2 0 0 4
2583 0 2 0 2 4
2598 0 2 0 2 4
2613 0 0 0 0 4
2628 0 0 0 2 4
2643 0 0 0 2 4
2658 0 0 2 0 4
2668 0 0 2 0 4
2671 0 0 2 0 4
2686 0 0 0 0 4
2701 0 0 2 0 4
2716 0 0 2 0 4
2731 0 0 2 0 4
2746 0 0 0 2 4
2761 0 0 0 2 4
2776 0 0 2 0 4
2791 0 0 2 0 4
2806 0 0 2 0 4
2821 0 0 2 0 4
2836 0 0 2 0 4
2851 0 0 0 0 4
2866 0 0 2 0 4
2881 0 0 0 0 4
2896 0 0 0 0 4
2911 0 0 0 0 4
2926 0 0 0 0 4
2941 0 0 0 0 4
2956 0 0 0 0 4
2971 0 0 0 0 4
2986 0 2 0 0 4
3001 0 0 0 0 4
3008 0 0 0 0 4
3011 0 0 0 0 4
3026 0 0 0 0 4
3041 0 0 0 0 4
3056 0 0 0 0 4
3071 0 0 0 0 4
3086 0 0 0 0 4
3101 0 0 0 0 4
3116 0 0 0 0 4
3131 0 0 0 0 4
3146 0 0 0 0 4
3157 0 0 0 0 4
3160 0 0 0 0 4
3175 0 0 0 0 4
3190 0 2 0 0 4
3205 0 0 0 0 4
3220 0 0 0 0 4
3235 0 0 0 0 4
3250 0 0 0 0 4
3265 0 0 0 0 4
3280 0 0 0 0 4
3295 0 0 0 0 4
3310 0 0 0 0 4
3325 0 0 0 0 4
3340 0 0 0 0 4
3355 0 0 0 0 4
3370 0 0 0 0 4
3377 0 0 0 0 4
