14 0 0 0 0 4
29 0 0 0 2 4
44 0 0 0 2 4
59 0 0 0 2 4
74 0 0 0 2 4
89 0 0 0 2 4
92 0 0 0 0 4
107 0 0 2 0 4
122 0 0 2 0 4
137 0 0 2 0 4
149 0 2 2 0 4
152 0 0 0 0 4
167 0 0 0 0 4
182 2 0 0 2 4
197 2 0 0 2 4
215 0 2 2 0 4
218 0 0 2 0 4
230 0 0 2 0 4
242 0 0 2 0 4
252 0 0 2 0 4
255 0 0 2 0 4
270 0 0 2 0 4
285 0 0 2 0 4
300 0 0 2 0 4
315 0 0 2 0 4
330 0 0 2 0 4
345 0 0 2 0 4
360 0 0 2 0 4
375 0 2 2 0 4
390 0 0 2 0 4
405 0 2 2 0 4
415 0 2 2 0 4
418 2 0 0 2 4
433 2 0 0 2 4
448 0 0 0 0 4
463 0 0 0 0 4
482 0 0 0 0 4
485 0 0 0 0 4
500 0 0 0 0 4
515 0 0 0 0 4
530 0 0 0 0 4
545 0 0 0 0 4
560 0 0 0 0 4
575 0 0 0 0 4
587 0 0 0 0 4
590 0 0 0 0 4
605 0 0 0 0 4
620 0 0 0 0 4
635 0 0 0 2 4
650 0 0 0 2 4
665 0 0 2 0 4
680 0 0 0 2 4
695 0 0 0 2 4
710 0 0 0 2 4
725 0 0 0 2 4
740 0 0 2 0 4
743 0 0 2 0 4
758 0 0 2 0 4
773 0 0 2 0 4
788 0 0 2 0 4
795 0 0 2 0 4
798 0 0 2 0 4
813 0 0 2 0 4
828 0 0 2 0 4
843 0 0 2 0 4
858 0 0 2 0 4
873 0 0 2 0 4
888 0 0 2 0 4
903 0 0 2 0 4
918 0 0 2 0 4
933 0 2 2 0 4
948 0 0 2 0 4
964 2 0 0 2 4
967 2 0 0 2 4
982 0 0 0 0 4
997 0 0 0 0 4
1010 0 0 0 0 4
1013 0 0 0 0 4
1028 0 0 0 0 4
1043 0 0 0 0 4
1058 0 0 0 0 4
1073 0 0 0 0 4
1088 0 0 0 0 4
1103 0 0 0 0 4
1118 0 0 0 0 4
1133 0 0 0 0 4
1148 0 0 0 0 4
1163 0 0 0 0 4
1178 0 0 0 0 4
1193 0 0 0 0 4
1208 0 0 0 0 4
1223 0 0 0 0 4
1238 0 0 0 0 4
1241 0 0 0 0 4
1253 0 0 0 0 4
1263 0 0 0 0 4
1266 0 0 0 0 4
1281 2 0 0 2 4
1296 0 0 0 2 4
1311 0 0 0 2 4
1326 0 0 0 2 4
1337 0 0 2 0 4
1340 0 0 2 0 4
1355 0 0 2 0 4
1370 0 0 2 0 4
1385 0 0 2 0 4
1400 0 0 2 0 4
1418 0 0 2 0 4
1421 0 0 2 0 4
1436 0 0 2 0 4
1451 0 0 2 0 4
1466 0 0 0 0 4
1481 0 0 2 0 4
1496 0 0 2 0 4
1511 0 0 2 0 4
1526 0 0 2 0 4
1541 0 0 2 0 4
1556 0 2 2 0 4
1571 0 2 2 0 4
1584 0 0 0 0 4
1587 0 0 0 2 4
1602 0 0 0 0 4
1617 0 0 0 0 4
1633 0 0 0 0 4
1636 0 0 0 0 4
1651 0 0 0 0 4
1666 0 0 0 0 4
1681 0 0 0 0 4
1687 0 0 0 0 4
1690 0 0 0 0 4
1705 0 0 0 0 4
1720 0 0 0 2 4
1735 0 0 0 2 4
1750 0 0 2 0 4
1757 0 0 2 0 4
1760 0 0 2 0 4
1775 0 0 2 0 4
1790 0 0 0 0 4
1803 0 0 2 0 4
1806 0 0 2 0 4
1821 0 0 2 0 4
1836 0 0 2 0 4
1851 0 0 0 0 4
1866 0 0 2 0 4
1881 0 0 2 0 4
1896 0 0 2 0 4
1911 0 0 2 0 4
1926 0 0 2 0 4
1941 0 0 2 0 4
1956 0 0 2 0 4
1971 0 0 2 0 4
1986 0 0 2 0 4
2001 0 0 2 0 4
2016 0 0 2 0 4
2031 0 0 2 0 4
2046 0 0 2 0 4
2061 0 0 2 0 4
2076 0 0 2 0 4
2091 0 2 0 0 4
2106 0 0 2 0 4
2121 0 2 2 0 4
2133 0 2 2 0 4
2136 0 2 2 0 4
2151 2 0 0 2 4
2166 0 0 0 0 4
2182 0 0 0 0 4
2185 0 0 0 0 4
2200 0 0 0 0 4
2215 0 0 0 0 4
2224 0 0 0 0 4
2227 2 0 0 0 4
2242 0 0 0 0 4
2257 0 0 0 0 4
2272 0 0 0 0 4
2287 0 0 0 0 4
2302 0 0 0 0 4
2315 0 0 0 0 4
