1 0 0 0 0 4
16 0 0 0 0 4
31 0 0 0 2 4
46 0 0 0 2 4
61 0 0 0 2 4
73 0 0 0 2 4
76 0 0 0 2 4
91 0 0 0 2 4
106 0 0 0 2 4
121 0 0 0 2 4
136 0 0 0 2 4
151 0 0 2 0 4
166 0 2 0 2 4
181 0 2 0 2 4
191 0 2 0 2 4
194 0 2 0 2 4
209 0 0 0 2 4
224 0 0 0 0 4
239 0 0 0 0 4
254 0 0 0 2 4
269 0 0 0 0 4
284 0 0 0 2 4
299 2 0 0 2 4
314 2 0 0 2 4
329 2 0 0 2 4
344 2 0 0 2 4
359 2 0 0 2 4
374 0 2 0 2 4
379 0 2 0 2 4
382 0 0 0 2 4
397 0 0 2 0 4
412 0 0 2 0 4
427 0 0 2 0 4
442 0 0 2 0 4
457 0 0 2 0 4
473 0 0 2 0 4
476 0 0 2 0 4
491 0 0 2 0 4
506 0 0 2 0 4
521 0 0 0 2 4
536 0 0 2 0 4
551 0 0 2 0 4
566 0 0 2 0 4
581 0 0 0 2 4
596 0 0 2 0 4
611 0 0 2 0 4
626 0 0 2 0 4
641 0 2 0 2 4
658 0 0 0 2 4
661 0 0 0 2 4
676 0 2 0 0 4
691 0 0 0 0 4
706 0 0 0 0 4
721 0 0 0 0 4
736 0 0 0 0 4
751 0 0 0 0 4
766 0 0 0 0 4
781 0 0 0 0 4
796 0 0 0 0 4
814 0 0 0 0 4
817 0 0 0 0 4
832 0 0 0 0 4
847 0 0 0 0 4
862 0 0 0 0 4
877 0 0 0 0 4
892 0 0 0 0 4
907 0 0 0 0 4
922 0 0 0 0 4
937 0 0 0 0 4
952 0 0 0 0 4
967 0 0 0 0 4
982 0 0 0 0 4
988 0 0 0 0 4
991 0 0 0 0 4
1003 0 0 0 0 4
1015 0 0 0 0 4
1020 0 0 0 0 4
1023 0 0 0 0 4
1038 0 0 0 0 4
1053 0 0 0 0 4
1068 2 0 0 0 4
1083 2 0 0 0 4
1098 2 0 0 2 4
1113 2 0 0 2 4
1128 2 0 0 2 4
1143 2 0 0 2 4
1158 2 0 0 2 4
1171 0 2 0 2 4
1174 0 0 0 2 4
1189 0 0 2 0 4
1204 0 0 2 0 4
1219 0 0 2 0 4
1234 0 0 2 0 4
1249 0 0 2 0 4
1264 0 0 2 0 4
1279 0 0 2 0 4
1293 0 0 2 0 4
1296 0 0 2 0 4
1311 0 0 2 0 4
1326 0 0 2 0 4
1341 0 0 2 0 4
1356 0 0 2 0 4
1371 0 0 2 0 4
1386 0 0 2 0 4
1401 0 0 2 0 4
1416 0 0 2 0 4
1431 0 0 2 0 4
1446 0 0 2 0 4
1461 0 0 2 0 4
1476 0 0 2 0 4
1491 0 0 2 0 4
1506 0 2 2 0 4
1521 0 2 2 0 4
1531 0 2 2 0 4
1534 0 0 0 2 4
1549 0 2 0 2 4
1564 0 0 0 0 4
1579 0 0 0 0 4
1594 0 0 0 0 4
1609 0 0 0 0 4
1624 0 0 0 2 4
1639 0 0 0 2 4
1654 0 0 0 2 4
1669 0 0 0 2 4
1684 0 2 0 2 4
1699 0 0 0 0 4
1714 0 0 0 0 4
1729 0 0 0 0 4
1744 0 0 0 0 4
1759 0 0 0 0 4
1774 0 0 0 0 4
1789 0 0 0 0 4
1804 0 0 0 0 4
1819 0 2 0 0 4
1834 0 2 0 0 4
1849 0 0 0 0 4
1864 0 0 0 0 4
1879 0 0 0 0 4
1894 0 0 0 0 4
1909 0 0 0 0 4
1924 0 0 0 0 4
1939 0 0 0 0 4
1954 0 0 0 0 4
1969 0 0 0 0 4
1984 0 0 0 0 4
1999 0 0 0 0 4
2012 0 0 0 0 4
2015 0 0 0 0 4
2030 0 0 0 0 4
2045 0 0 0 0 4
2057 0 0 0 0 4
2060 0 0 0 0 4
2075 0 0 0 0 4
2090 0 0 0 0 4
2105 2 0 0 0 4
2120 2 0 0 0 4
2135 2 0 0 0 4
2150 2 0 0 0 4
2165 2 0 0 0 4
2180 2 0 0 0 4
2195 2 0 0 0 4
2210 2 0 0 2 4
2225 2 0 0 2 4
2240 2 0 0 2 4
2255 2 0 0 2 4
2269 0 2 0 2 4
2272 0 2 0 2 4
2287 0 0 2 0 4
2302 0 0 2 0 4
2317 0 0 2 0 4
2332 0 0 2 0 4
2347 0 0 2 0 4
2362 0 0 2 0 4
2377 0 0 2 0 4
2392 0 0 2 0 4
2399 0 0 2 0 4
2402 0 0 2 0 4
2417 0 0 2 0 4
2432 0 0 2 0 4
2447 0 0 2 0 4
2462 0 0 2 0 4
2477 0 0 2 0 4
2492 0 0 2 0 4
2507 0 0 2 0 4
2522 0 0 2 0 4
2537 0 0 0 0 4
2552 0 0 2 0 4
2567 0 0 2 0 4
2582 0 0 2 0 4
2597 0 2 2 0 4
2612 0 2 2 0 4
2629 0 2 0 2 4
2632 0 2 0 2 4
2647 0 2 0 2 4
2662 0 2 0 2 4
2677 0 2 0 0 4
2692 0 0 0 0 4
2707 0 0 0 0 4
2722 0 0 0 0 4
2737 0 0 0 0 4
2752 0 0 0 0 4
2767 0 0 0 0 4
2782 0 0 0 0 4
2797 0 0 0 0 4
2812 0 0 0 0 4
2827 0 0 0 0 4
2842 0 0 0 0 4
2858 0 0 0 0 4
2861 0 0 0 0 4
2876 0 0 0 0 4
2891 0 0 0 0 4
2906 0 0 0 0 4
2921 0 0 0 0 4
2936 2 0 0 0 4
2951 2 0 0 0 4
2966 0 0 0 0 4
2981 0 0 0 0 4
2996 2 0 0 2 4
3011 0 0 0 2 4
3026 2 0 0 2 4
3044 0 0 0 2 4
3047 0 0 0 2 4
3062 0 0 2 0 4
3077 0 0 2 0 4
3092 0 0 2 0 4
3107 0 0 2 0 4
3122 0 0 2 0 4
3137 0 0 2 0 4
3147 0 0 2 0 4
3150 0 0 2 0 4
3165 0 0 2 0 4
3180 0 0 2 0 4
3195 0 0 2 0 4
3210 0 0 2 0 4
3225 0 0 2 0 4
3240 0 0 2 0 4
3255 0 0 2 0 4
3270 0 0 2 0 4
3285 0 0 2 0 4
3300 0 0 2 0 4
3315 0 0 2 0 4
3330 0 0 2 0 4
3345 0 0 2 0 4
3360 0 0 2 0 4
3375 0 0 2 0 4
3390 0 0 2 0 4
3405 0 0 2 0 4
3420 0 0 2 0 4
3435 0 0 2 0 4
3450 0 0 2 0 4
3465 0 0 2 0 4
3480 0 0 0 0 4
3495 0 2 2 0 4
3510 0 2 2 0 4
3525 0 2 2 0 4
3540 0 0 2 0 4
3555 0 2 2 0 4
3564 0 2 2 0 4
3567 0 2 2 0 4
3582 0 2 0 2 4
3597 2 0 0 2 4
3612 2 0 0 0 4
3627 0 0 0 0 4
3642 0 0 0 0 4
3657 0 0 0 0 4
3672 0 0 0 0 4
3687 0 0 0 0 4
3702 0 0 0 0 4
3717 2 0 0 0 4
3732 0 0 0 0 4
3747 0 0 0 0 4
3762 0 0 0 0 4
3778 0 0 0 0 4
3781 0 0 0 0 4
3796 0 0 0 0 4
3811 0 0 0 0 4
3826 0 0 0 0 4
3841 0 0 0 0 4
3856 0 0 0 0 4
3871 0 0 0 0 4
3886 0 0 0 0 4
3901 0 0 0 0 4
3916 0 0 0 0 4
3931 0 0 0 0 4
3946 0 0 0 0 4
3961 0 0 0 0 4
3976 0 0 0 0 4
3991 0 0 0 0 4
4006 0 0 0 0 4
4018 0 0 0 0 4
