1 0 2 0 2 4
16 0 2 0 2 4
31 0 2 0 0 4
46 2 0 0 2 4
61 0 2 0 2 4
76 0 2 0 2 4
86 0 2 0 2 4
89 0 0 0 2 4
104 0 0 2 0 4
119 0 0 2 0 4
134 0 0 0 0 4
145 0 0 2 0 4
148 0 0 2 0 4
163 0 0 2 0 4
178 0 0 2 0 4
193 0 0 2 0 4
208 0 0 0 0 4
223 0 0 0 0 4
238 0 0 2 0 4
253 0 0 2 0 4
268 0 0 2 0 4
283 0 0 2 0 4
298 0 0 2 0 4
313 0 0 2 0 4
328 0 0 2 0 4
343 0 0 2 0 4
358 0 0 2 0 4
373 0 0 2 0 4
388 0 0 2 0 4
403 0 0 2 0 4
418 0 2 2 0 4
425 0 0 2 0 4
428 0 0 2 0 4
443 0 0 0 2 4
458 0 0 0 0 4
473 0 0 0 0 4
488 0 0 0 0 4
503 0 0 0 0 4
518 0 0 0 2 4
533 2 0 0 2 4
548 0 0 0 0 4
563 0 0 0 0 4
578 0 0 0 0 4
593 0 0 0 0 4
606 0 0 0 0 4
609 0 0 0 0 4
624 0 0 0 0 4
639 0 0 0 0 4
654 0 0 0 2 4
669 0 0 0 2 4
684 0 0 0 2 4
687 0 0 0 2 4
702 0 0 2 0 4
717 0 0 2 0 4
732 0 0 2 0 4
747 0 0 2 0 4
765 0 0 2 0 4
768 0 0 2 0 4
783 0 0 2 0 4
798 0 0 2 0 4
813 0 0 2 0 4
828 0 0 2 0 4
843 0 0 2 0 4
858 0 0 2 0 4
873 0 0 2 0 4
888 0 0 2 0 4
903 0 0 2 0 4
918 0 0 2 0 4
933 0 0 2 0 4
948 0 0 2 0 4
963 0 0 2 0 4
978 0 0 2 0 4
993 0 0 2 0 4
1008 0 2 2 0 4
1023 0 2 2 0 4
1038 0 2 0 2 4
1041 0 2 0 2 4
1056 0 2 0 0 4
1071 0 0 0 0 4
1086 0 0 0 0 4
1101 0 0 0 0 4
1116 0 0 0 0 4
1126 0 0 0 0 4
1129 0 0 0 0 4
1144 0 0 0 0 4
1159 0 2 0 0 4
1174 2 0 0 2 4
1189 2 0 0 2 4
1204 2 0 0 2 4
1219 2 0 0 2 4
1234 2 0 0 2 4
1248 0 2 0 2 4
1251 0 2 0 2 4
1266 0 0 0 2 4
1281 0 0 2 0 4
1296 0 0 0 2 4
1311 0 0 2 0 4
1326 0 0 2 0 4
1334 0 0 2 0 4
1337 0 0 0 0 4
1352 0 0 0 0 4
1367 0 0 0 0 4
1382 0 0 2 0 4
1397 0 0 2 0 4
1412 0 0 2 0 4
1427 0 0 2 0 4
1442 0 0 0 2 4
1457 0 0 0 2 4
1472 0 0 0 2 4
1487 0 0 0 2 4
1502 0 2 2 0 4
1520 0 2 0 2 4
1523 0 2 0 2 4
1538 0 2 0 2 4
1553 0 0 0 0 4
1568 2 0 0 0 4
1583 0 0 0 0 4
1596 0 0 0 0 4
1599 0 0 0 0 4
1614 0 0 0 0 4
1629 0 0 0 2 4
1644 0 0 0 2 4
1659 0 0 0 2 4
1674 0 0 0 2 4
1679 0 0 0 2 4
1682 0 0 0 2 4
1697 0 0 0 2 4
1712 0 0 0 0 4
1727 0 0 0 0 4
1742 0 0 0 0 4
1757 0 0 0 0 4
1774 0 0 0 0 4
1777 0 0 2 0 4
1792 0 0 2 0 4
1807 0 0 2 0 4
1822 0 0 2 0 4
1837 0 0 0 2 4
1852 0 0 2 0 4
1867 0 0 2 0 4
1882 0 0 2 0 4
1897 0 0 2 0 4
1912 0 0 0 2 4
1927 0 0 2 0 4
1942 0 0 2 0 4
1957 0 0 2 0 4
1972 0 0 0 2 4
1987 0 2 0 2 4
2002 0 0 2 0 4
2017 0 2 2 0 4
2032 0 0 2 0 4
2045 0 2 2 0 4
2048 0 2 2 0 4
2063 0 0 0 2 4
2078 0 0 0 0 4
2093 0 0 0 0 4
2101 0 0 0 0 4
2104 0 0 0 0 4
2119 0 0 0 0 4
2134 2 0 0 2 4
2149 2 0 0 2 4
2164 0 2 0 2 4
2179 0 0 0 2 4
2194 0 0 0 2 4
2209 0 0 0 2 4
2224 0 0 0 2 4
2239 0 0 0 2 4
2254 0 0 0 2 4
2269 0 0 0 2 4
2284 0 0 0 0 4
2299 0 0 0 0 4
2314 0 0 0 0 4
2329 0 0 0 0 4
2344 0 0 0 0 4
2359 0 0 0 0 4
2373 0 0 0 0 4
