31 0 0 0 0 4
46 0 0 0 0 4
61 0 0 0 0 4
75 0 0 0 2 4
78 0 0 2 0 4
93 0 0 2 0 4
108 0 0 2 0 4
127 0 0 2 0 4
130 0 0 2 0 4
145 0 0 2 0 4
160 0 0 2 0 4
175 0 0 2 0 4
180 0 0 2 0 4
183 0 0 2 0 4
198 0 0 2 0 4
213 0 0 2 0 4
228 0 0 0 0 4
243 0 0 2 0 4
258 0 0 2 0 4
273 0 0 2 0 4
288 0 0 0 0 4
303 0 2 2 0 4
318 0 0 0 0 4
333 0 0 2 0 4
340 0 2 2 0 4
343 0 2 2 0 4
358 0 0 0 0 4
373 0 0 0 0 4
388 0 0 0 0 4
403 0 0 0 0 4
418 0 0 0 0 4
425 0 0 0 0 4
428 0 0 0 0 4
443 0 0 0 0 4
458 0 0 0 0 4
473 0 0 0 0 4
488 0 0 0 0 4
503 0 0 0 0 4
520 0 0 0 0 4
523 0 0 0 0 4
538 0 0 0 0 4
553 0 0 0 0 4
568 0 0 0 2 4
583 0 0 0 2 4
598 0 0 2 0 4
613 0 0 0 2 4
628 0 0 0 2 4
631 0 0 0 2 4
646 0 0 2 0 4
661 0 0 2 0 4
676 0 0 2 0 4
691 0 0 2 0 4
706 0 0 2 0 4
719 0 0 2 0 4
722 0 0 2 0 4
737 0 0 2 0 4
752 0 0 2 0 4
767 0 0 2 0 4
782 0 0 2 0 4
797 0 0 2 0 4
812 0 0 2 0 4
827 0 0 2 0 4
842 0 0 2 0 4
857 0 2 2 0 4
872 0 2 2 0 4
887 0 2 2 0 4
895 2 0 0 2 4
898 2 0 0 0 4
913 2 0 0 0 4
928 2 0 0 0 4
938 2 0 0 0 4
941 0 0 0 0 4
956 0 0 0 0 4
971 0 0 0 0 4
986 0 0 0 0 4
999 0 0 0 0 4
1002 0 0 0 0 4
1017 2 0 0 0 4
1032 2 0 0 2 4
1047 0 0 0 0 4
1062 0 0 0 2 4
1077 0 0 2 0 4
1083 0 0 2 0 4
1086 0 0 2 0 4
1101 0 0 2 0 4
1116 0 0 2 0 4
1131 0 0 2 0 4
1146 0 0 2 0 4
1161 0 0 2 0 4
1170 0 0 2 0 4
1173 0 0 2 0 4
1188 0 0 2 0 4
1203 0 0 2 0 4
1218 0 0 2 0 4
1233 0 0 2 0 4
1248 0 0 2 0 4
1263 0 0 2 0 4
1278 0 0 2 0 4
1293 0 2 2 0 4
1308 0 2 2 0 4
1315 0 2 2 0 4
1318 0 0 2 0 4
1333 0 0 0 2 4
1348 0 0 0 0 4
1363 0 0 0 0 4
1380 0 0 0 0 4
1383 0 0 0 0 4
1398 0 0 0 0 4
1413 0 0 0 0 4
1428 0 0 0 0 4
1443 0 0 0 0 4
1458 0 0 0 0 4
1473 0 0 0 0 4
1487 0 0 0 0 4
1490 0 0 0 0 4
1505 0 0 0 0 4
1520 0 0 0 2 4
1535 0 0 0 0 4
1550 0 0 0 2 4
1561 0 2 2 0 4
1564 0 0 2 0 4
1579 0 0 2 0 4
1594 0 0 2 0 4
1611 0 0 2 0 4
1614 0 0 2 0 4
1629 0 0 2 0 4
1644 0 0 2 0 4
1659 0 0 2 0 4
1674 0 0 2 0 4
1689 0 0 2 0 4
1704 0 0 2 0 4
1719 0 0 2 0 4
1734 0 0 2 0 4
1749 0 0 2 0 4
1764 0 0 2 0 4
1779 0 2 2 0 4
1794 0 2 2 0 4
1809 0 2 2 0 4
1824 0 2 2 0 4
1840 2 0 0 2 4
1843 2 0 0 2 4
1858 0 0 0 0 4
1873 0 0 0 0 4
1891 0 0 0 0 4
1894 0 0 0 0 4
1910 0 0 0 0 4
1913 2 0 0 0 4
1928 2 0 0 0 4
1943 2 0 0 0 4
1958 0 2 0 0 4
1973 0 0 0 0 4
1988 0 0 0 0 4
2003 0 0 0 0 4
2018 0 0 0 0 4
2030 0 0 0 0 4
