80 0 0 0 0 4
95 0 0 0 2 4
110 0 0 0 0 4
125 0 0 0 0 4
140 0 0 0 0 4
155 0 0 0 2 4
170 0 0 0 0 4
185 0 0 0 0 4
200 0 0 0 0 4
217 0 0 0 2 4
220 0 0 0 2 4
235 0 0 2 0 4
250 0 0 2 0 4
265 0 0 2 0 4
280 0 0 2 0 4
295 0 0 2 0 4
310 0 0 2 0 4
325 0 0 2 0 4
340 0 0 2 0 4
355 0 0 2 0 4
368 0 2 2 0 4
371 0 2 2 0 4
386 0 2 2 0 4
401 0 0 2 0 4
416 0 2 2 0 4
431 0 2 2 0 4
446 0 2 2 0 4
461 2 0 2 0 4
476 2 0 0 2 4
491 2 0 0 0 4
506 2 0 0 0 4
521 2 0 0 0 4
536 2 0 0 0 4
551 2 0 0 2 4
566 2 0 0 2 4
581 0 2 2 0 4
588 0 2 2 0 4
591 0 2 0 0 4
606 0 0 2 0 4
621 0 0 0 0 4
636 0 0 0 0 4
651 0 0 0 0 4
658 0 0 0 0 4
661 0 0 0 0 4
676 0 0 0 0 4
691 0 0 0 0 4
706 0 0 0 0 4
721 0 0 2 0 4
736 0 0 2 0 4
751 0 0 2 0 4
766 0 0 2 0 4
781 0 0 2 0 4
796 0 0 2 0 4
811 0 0 2 0 4
826 0 0 2 0 4
841 0 0 2 0 4
856 0 0 2 0 4
871 0 0 0 0 4
886 0 0 2 0 4
901 0 0 2 0 4
916 0 0 2 0 4
931 0 0 2 0 4
946 0 0 2 0 4
952 0 0 2 0 4
955 0 0 2 0 4
970 0 0 2 0 4
985 0 0 2 0 4
1000 0 2 2 0 4
1015 0 2 2 0 4
1030 0 2 2 0 4
1045 2 0 2 0 4
1060 2 0 0 2 4
1075 2 0 0 2 4
1090 0 2 2 0 4
1095 0 2 2 0 4
1098 0 2 2 0 4
1110 0 0 2 0 4
1122 0 0 2 0 4
1125 0 0 2 0 4
1140 0 0 2 0 4
1155 0 0 2 0 4
1170 0 0 2 0 4
1185 0 0 2 0 4
1200 0 0 2 0 4
1215 0 0 2 0 4
1230 0 0 2 0 4
1245 0 0 2 0 4
1260 0 0 2 0 4
1275 0 0 2 0 4
1290 0 0 2 0 4
1305 0 0 2 0 4
1320 0 0 2 0 4
1335 0 0 2 0 4
1350 0 0 2 0 4
1365 0 0 2 0 4
1380 0 0 2 0 4
1399 0 0 2 0 4
1402 0 0 2 0 4
1417 0 0 2 0 4
1432 0 0 2 0 4
1437 0 0 2 0 4
1440 0 0 2 0 4
1455 0 2 2 0 4
1470 0 2 2 0 4
1485 0 2 2 0 4
1500 0 2 2 0 4
1515 0 2 2 0 4
1530 0 2 2 0 4
1545 2 0 0 2 4
1560 2 0 0 2 4
1575 2 0 0 0 4
1590 2 0 0 2 4
1605 2 0 0 0 4
1620 2 0 0 2 4
1635 2 0 0 2 4
1650 2 0 0 2 4
1665 2 0 0 0 4
1680 2 0 0 2 4
1696 0 2 2 0 4
1699 0 0 2 0 4
1714 0 0 0 0 4
1729 0 0 2 0 4
1744 0 0 0 0 4
1759 0 0 0 0 4
1774 0 0 0 0 4
1781 0 0 0 0 4
1784 0 0 0 0 4
1799 0 0 0 0 4
1814 0 0 2 0 4
1829 0 0 2 0 4
1844 0 0 2 0 4
1859 0 0 2 0 4
1874 0 0 2 0 4
1889 0 0 2 0 4
1904 0 0 2 0 4
1919 0 0 2 0 4
1934 0 0 2 0 4
1949 0 0 2 0 4
1964 0 0 2 0 4
1979 0 0 2 0 4
1994 0 0 2 0 4
2009 0 0 2 0 4
2024 0 0 2 0 4
2039 0 0 2 0 4
2054 0 0 2 0 4
2069 0 0 2 0 4
2084 0 0 2 0 4
2099 0 0 2 0 4
2114 0 0 2 0 4
2129 0 0 2 0 4
2144 0 0 2 0 4
2159 0 0 2 0 4
2174 0 2 2 0 4
2189 0 2 2 0 4
2204 0 0 2 0 4
2219 0 0 2 0 4
2234 0 2 2 0 4
2249 2 0 2 0 4
2264 2 0 0 2 4
2283 2 0 0 0 4
2286 2 0 0 0 4
2301 0 0 0 0 4
2316 2 0 0 0 4
2331 0 0 0 0 4
2346 2 0 0 0 4
2361 2 0 0 0 4
2376 0 0 0 0 4
2391 2 0 0 0 4
2406 0 0 0 0 4
2421 0 0 0 0 4
2436 0 0 0 0 4
2451 0 0 0 0 4
2466 0 0 0 0 4
2481 0 0 0 0 4
2493 0 0 0 0 4
2496 0 0 0 0 4
2511 0 0 0 0 4
2526 0 0 0 0 4
2541 0 0 0 0 4
2556 0 0 0 0 4
2571 0 0 0 0 4
2586 0 0 0 0 4
2601 0 0 0 0 4
2616 0 0 0 2 4
2631 0 0 0 2 4
2646 2 0 0 2 4
2661 2 0 0 2 4
2677 0 2 2 0 4
2680 0 0 0 0 4
2695 0 0 2 0 4
2710 0 0 2 0 4
2725 0 0 2 0 4
2740 0 0 2 0 4
2748 0 0 2 0 4
2751 0 0 2 0 4
2766 0 0 2 0 4
2781 0 0 2 0 4
2796 0 0 2 0 4
2811 0 0 2 0 4
2826 0 0 2 0 4
2841 0 0 2 0 4
2856 0 0 2 0 4
2871 0 0 2 0 4
2886 0 0 2 0 4
2901 0 0 2 0 4
2916 0 0 2 0 4
2931 0 0 2 0 4
2946 0 2 2 0 4
2961 0 2 2 0 4
2974 0 2 2 0 4
2977 0 2 0 0 4
2992 2 0 0 2 4
3007 2 0 0 0 4
3022 2 0 0 0 4
3037 2 0 0 0 4
3052 2 0 0 0 4
3067 0 0 0 0 4
3082 0 0 0 0 4
3097 0 0 0 0 4
3112 0 0 0 0 4
3127 0 0 0 0 4
3142 0 0 0 0 4
3153 0 0 0 0 4
3156 0 0 0 0 4
3171 0 0 0 0 4
3186 0 0 0 0 4
3201 2 0 0 0 4
3216 2 0 0 0 4
3231 2 0 0 0 4
3246 2 0 0 0 4
3261 2 0 0 0 4
3276 2 0 0 2 4
3291 2 0 0 2 4
3306 0 2 0 0 4
3309 0 2 0 0 4
3324 0 0 2 0 4
3339 0 0 0 0 4
3354 0 0 2 0 4
3369 0 0 0 0 4
3384 0 0 0 0 4
3399 0 0 0 0 4
3414 0 0 0 0 4
3429 0 0 0 0 4
3444 0 0 0 0 4
3459 0 0 2 0 4
3474 0 0 2 0 4
3489 0 0 0 0 4
3504 0 0 0 0 4
3519 0 0 0 0 4
3534 0 0 0 0 4
3549 0 0 0 0 4
3564 0 0 0 0 4
3579 0 0 0 0 4
3594 0 0 2 0 4
3609 0 0 0 0 4
3624 0 0 0 0 4
3639 0 0 0 0 4
3657 0 0 0 0 4
3660 0 0 0 0 4
3675 0 0 0 0 4
3690 0 0 0 0 4
3705 0 0 0 0 4
3720 0 0 0 0 4
3735 0 0 0 0 4
3750 0 0 2 0 4
3765 0 0 2 0 4
3780 0 0 2 0 4
3795 0 0 2 0 4
3810 0 0 2 0 4
3825 0 0 2 0 4
3840 0 0 2 0 4
3855 0 0 2 0 4
3870 0 0 2 0 4
3885 0 0 2 0 4
3900 0 0 2 0 4
3915 0 0 2 0 4
3930 0 0 2 0 4
3945 0 0 2 0 4
3960 0 0 2 0 4
3975 0 0 2 0 4
3990 0 0 2 0 4
4009 0 0 2 0 4
4012 0 0 2 0 4
4027 0 0 2 0 4
4042 0 0 2 0 4
4057 0 0 2 0 4
4072 0 2 2 0 4
4087 0 0 2 0 4
4102 0 2 2 0 4
4117 0 0 2 0 4
4132 0 2 2 0 4
4147 0 2 2 0 4
4162 0 0 2 0 4
4177 0 0 2 0 4
4192 2 0 2 0 4
4207 2 0 0 2 4
4222 2 0 0 2 4
4237 2 0 0 0 4
4252 2 0 0 2 4
4267 2 0 0 2 4
4282 2 0 0 2 4
4297 0 0 2 0 4
4312 0 2 2 0 4
4319 0 0 2 0 4
4322 0 0 2 0 4
4337 0 0 2 0 4
4352 0 0 0 0 4
4367 0 0 0 0 4
4372 0 0 0 0 4
4375 0 0 0 0 4
4390 0 0 0 0 4
4405 0 0 0 0 4
4420 0 0 0 0 4
4435 0 0 0 0 4
4450 0 0 2 0 4
4465 0 0 2 0 4
4480 0 0 2 0 4
4495 0 0 2 0 4
4510 0 0 2 0 4
4525 0 0 2 0 4
4540 0 0 2 0 4
4555 0 0 2 0 4
4570 0 0 2 0 4
4585 0 0 2 0 4
4600 0 0 2 0 4
4615 0 0 2 0 4
4630 0 0 2 0 4
4645 0 0 2 0 4
4660 0 2 2 0 4
4675 0 2 2 0 4
4690 2 0 2 0 4
4702 2 0 0 2 4
4705 2 0 0 0 4
4720 2 0 0 2 4
4735 0 0 0 0 4
4750 0 0 0 0 4
4765 0 0 0 0 4
4780 0 0 0 0 4
4795 0 0 0 0 4
4810 0 0 0 0 4
4825 0 0 0 0 4
4844 0 0 0 0 4
4847 0 0 0 0 4
4862 2 0 0 0 4
4877 0 0 0 0 4
4892 2 0 0 0 4
4907 2 0 0 0 4
4922 2 0 0 0 4
4937 2 0 0 2 4
4952 0 0 0 0 4
4967 2 0 2 0 4
4981 0 2 2 0 4
4984 0 0 2 0 4
4999 0 0 2 0 4
5014 0 0 2 0 4
5029 0 0 0 0 4
5044 0 0 0 0 4
5057 0 0 0 0 4
5060 0 0 0 0 4
5075 0 0 0 0 4
5090 0 0 0 0 4
5105 0 0 0 0 4
5120 0 0 2 0 4
5135 0 0 2 0 4
5150 0 0 2 0 4
5165 0 0 2 0 4
5180 0 0 2 0 4
5195 0 0 2 0 4
5210 0 0 0 0 4
5225 0 0 2 0 4
5240 0 0 2 0 4
5255 0 0 2 0 4
5270 0 0 2 0 4
5285 0 0 2 0 4
5300 0 0 2 0 4
5315 0 2 2 0 4
5330 2 0 0 2 4
5345 2 0 0 0 4
5352 2 0 0 0 4
5355 2 0 0 0 4
5370 0 0 0 0 4
5385 0 0 0 0 4
5400 0 0 0 0 4
5415 0 0 0 0 4
5430 0 0 0 0 4
5445 0 0 0 0 4
5448 0 0 0 0 4
5463 0 0 0 0 4
5478 0 0 0 0 4
5493 0 2 0 0 4
5508 0 2 0 0 4
5523 0 0 0 0 4
5538 0 0 0 0 4
5553 0 0 0 0 4
5568 0 0 0 0 4
5583 0 0 0 0 4
5598 0 0 0 0 4
5613 0 0 0 0 4
5628 0 0 0 0 4
5633 0 0 0 0 4
