1 0 0 0 2 4
16 0 0 0 2 4
31 0 0 0 2 4
46 0 0 0 2 4
61 0 0 0 2 4
76 0 0 0 2 4
91 0 0 0 2 4
106 0 2 0 2 4
121 0 2 0 2 4
136 0 2 0 2 4
147 0 2 0 2 4
150 0 2 0 2 4
165 0 2 0 2 4
180 0 2 0 2 4
195 0 2 0 0 4
210 0 2 0 0 4
225 0 2 0 0 4
240 0 2 0 2 4
255 0 2 0 2 4
270 0 2 0 0 4
285 2 0 0 0 4
300 0 2 0 2 4
315 0 2 0 2 4
330 0 0 0 2 4
345 0 0 0 2 4
364 0 0 0 2 4
367 0 0 0 2 4
382 0 0 0 2 4
397 0 0 0 2 4
412 0 0 2 0 4
427 0 0 2 0 4
442 0 0 2 0 4
457 0 0 2 0 4
472 0 0 2 0 4
487 0 0 2 0 4
496 0 0 2 0 4
499 0 0 0 0 4
514 0 0 2 0 4
529 0 0 0 0 4
544 0 0 2 0 4
559 0 0 0 2 4
574 0 0 0 0 4
589 0 0 2 0 4
604 0 0 0 2 4
619 0 0 2 0 4
634 0 0 0 2 4
649 0 0 2 0 4
664 0 0 2 0 4
679 0 0 0 2 4
694 0 0 0 2 4
709 0 0 2 0 4
724 0 0 2 0 4
739 0 0 0 2 4
754 0 0 2 0 4
770 0 2 2 0 4
773 0 0 2 0 4
788 0 0 0 0 4
803 0 0 0 0 4
818 0 0 0 0 4
833 0 0 0 0 4
848 0 0 0 0 4
863 0 0 0 0 4
878 0 0 0 0 4
893 0 0 0 0 4
908 0 0 0 0 4
923 0 0 0 0 4
936 0 0 0 0 4
939 0 0 0 0 4
954 0 0 0 0 4
969 0 0 0 0 4
984 0 0 0 0 4
999 0 0 0 0 4
1014 0 0 0 0 4
1029 0 0 0 0 4
1044 0 0 0 0 4
1059 0 0 0 0 4
1074 0 0 0 0 4
1089 0 0 0 0 4
1104 0 0 0 2 4
1119 0 0 0 2 4
1129 0 0 0 2 4
1132 0 0 0 2 4
1147 0 0 2 0 4
1162 0 0 2 0 4
1177 0 0 2 0 4
1192 0 0 0 0 4
1207 0 0 0 0 4
1223 0 0 0 0 4
1226 0 0 0 0 4
1241 0 0 0 0 4
1256 0 0 0 0 4
1271 0 0 2 0 4
1286 0 0 2 0 4
1301 2 0 2 0 4
1316 0 0 2 0 4
1331 0 0 2 0 4
1346 0 0 2 0 4
1351 0 0 2 0 4
1354 0 0 2 0 4
1369 0 0 2 0 4
1384 0 0 2 0 4
1399 0 0 2 0 4
1414 0 0 2 0 4
1429 0 0 2 0 4
1444 0 0 2 0 4
1459 0 0 2 0 4
1475 0 0 2 0 4
1478 0 0 2 0 4
1493 0 0 2 0 4
1508 0 0 2 0 4
1523 0 0 2 0 4
1538 0 0 2 0 4
1553 0 0 0 2 4
1568 0 0 0 2 4
1583 0 0 0 2 4
1598 0 0 0 0 4
1613 0 0 0 0 4
1628 0 0 2 0 4
1643 0 0 2 0 4
1658 0 0 2 0 4
1673 0 0 2 0 4
1688 0 0 2 0 4
1703 0 0 2 0 4
1718 0 0 2 0 4
1733 0 0 2 0 4
1748 0 0 2 0 4
1763 0 0 2 0 4
1778 0 0 2 0 4
1793 0 0 2 0 4
1808 0 0 2 0 4
1823 0 0 0 0 4
1838 0 0 2 0 4
1853 0 0 2 0 4
1868 0 0 0 0 4
1883 0 0 0 0 4
1898 0 0 0 2 4
1913 0 2 0 0 4
1928 0 2 0 0 4
1943 0 2 0 0 4
1958 0 2 0 2 4
1973 0 2 0 0 4
1988 0 0 0 0 4
2003 0 0 0 0 4
2018 0 0 0 0 4
2033 0 0 0 2 4
2048 0 0 0 0 4
2063 0 0 0 2 4
2078 0 0 2 0 4
2093 0 0 2 0 4
2108 0 0 2 0 4
2123 0 0 2 0 4
2138 0 0 2 0 4
2153 0 0 0 2 4
2168 0 0 0 2 4
2183 0 0 0 2 4
2198 0 0 2 0 4
2213 0 0 0 2 4
2228 0 0 2 0 4
2243 0 0 2 0 4
2258 0 0 2 0 4
2273 0 0 2 0 4
2288 0 0 2 0 4
2303 0 0 2 0 4
2318 0 0 2 0 4
2333 0 0 2 0 4
2348 0 0 2 0 4
2363 0 0 2 0 4
2378 0 2 2 0 4
2393 0 2 2 0 4
2408 0 2 2 0 4
2416 0 2 2 0 4
2419 0 2 0 2 4
2434 0 2 0 2 4
2449 0 2 0 0 4
2464 0 2 0 0 4
2479 2 0 0 0 4
2494 2 0 0 0 4
2509 2 0 0 0 4
2524 2 0 0 0 4
2539 2 0 0 2 4
2554 2 0 0 2 4
2569 0 0 0 0 4
2584 0 0 0 2 4
2599 2 0 0 2 4
2618 0 0 0 2 4
2621 0 2 0 2 4
2636 0 0 2 0 4
2651 0 0 2 0 4
2668 0 0 2 0 4
2671 0 0 2 0 4
2686 0 0 2 0 4
2701 0 0 2 0 4
2716 0 0 2 0 4
2731 0 0 2 0 4
2746 0 0 2 0 4
2761 0 0 0 2 4
2776 0 0 0 0 4
2791 0 0 0 2 4
2806 0 0 0 2 4
2821 0 0 0 2 4
2836 0 0 0 2 4
2852 0 0 2 0 4
2855 0 0 2 0 4
2870 0 0 2 0 4
2885 0 2 2 0 4
2900 0 2 0 2 4
2915 0 2 0 2 4
2930 0 2 0 0 4
2945 0 0 0 0 4
2960 0 0 0 2 4
2975 0 2 0 2 4
2988 0 2 0 2 4
2991 0 2 0 2 4
3006 0 0 0 2 4
3021 0 0 0 2 4
3036 0 0 2 0 4
3051 0 0 0 2 4
3066 0 0 0 2 4
3081 0 2 0 2 4
3096 0 2 0 2 4
3109 0 0 0 2 4
3112 0 0 0 2 4
3127 0 2 0 0 4
3142 0 2 0 0 4
3157 0 2 0 0 4
3172 0 2 0 0 4
3187 0 2 0 0 4
3202 0 2 0 0 4
3217 0 2 0 0 4
3232 0 2 0 2 4
3247 0 0 0 2 4
3262 0 0 2 0 4
3277 0 0 2 0 4
3292 0 2 2 0 4
3307 0 2 2 0 4
3322 0 2 0 0 4
3337 0 2 0 2 4
3352 0 2 0 2 4
3367 0 2 0 2 4
3382 0 2 0 2 4
3397 0 2 0 2 4
3412 0 2 0 0 4
3427 0 2 0 2 4
3442 0 2 0 2 4
3457 0 0 0 2 4
3472 2 0 0 2 4
3487 2 0 0 2 4
3502 0 0 0 2 4
3507 0 2 0 2 4
3510 0 2 0 2 4
3525 0 0 0 0 4
3540 0 0 2 0 4
3555 0 0 2 0 4
3562 0 0 2 0 4
3565 0 0 0 0 4
3580 0 0 0 0 4
3595 0 0 0 0 4
3610 0 0 0 0 4
3625 0 0 2 0 4
3644 0 0 0 0 4
3647 0 0 0 2 4
3662 0 0 0 2 4
3677 0 0 0 2 4
3692 0 0 0 2 4
3707 0 0 0 2 4
3722 0 0 0 2 4
3737 0 0 0 2 4
3752 0 0 0 2 4
3767 0 0 0 2 4
3782 0 0 2 0 4
3797 0 0 2 0 4
3812 0 0 2 0 4
3827 0 0 2 0 4
3842 0 0 2 0 4
3857 0 0 2 0 4
3872 0 0 2 0 4
3887 0 0 2 0 4
3902 0 0 2 0 4
3917 0 0 2 0 4
3932 0 0 2 0 4
3947 0 0 2 0 4
3962 0 0 2 0 4
3977 0 0 0 2 4
3992 0 2 0 0 4
4007 0 2 0 2 4
4022 0 2 0 2 4
4037 0 2 0 2 4
4052 0 2 0 2 4
4067 0 2 0 2 4
4082 0 0 0 2 4
4094 0 0 0 2 4
4097 0 0 0 2 4
4112 0 0 0 2 4
4127 0 0 0 2 4
4142 0 0 0 2 4
4157 0 0 2 0 4
4172 0 0 2 0 4
4187 0 0 2 0 4
4202 0 0 2 0 4
4217 0 0 0 2 4
4232 0 0 0 2 4
4247 0 0 2 0 4
4262 0 2 2 0 4
4274 0 2 2 0 4
4277 0 2 2 0 4
4292 0 0 0 2 4
4307 0 0 0 0 4
4322 2 0 0 0 4
4337 2 0 0 0 4
4352 0 0 0 0 4
4367 0 0 0 0 4
4382 0 0 0 0 4
4397 0 0 0 0 4
4412 0 0 0 0 4
4423 0 0 0 0 4
4426 0 0 0 0 4
4441 0 0 0 0 4
4456 2 0 0 0 4
4471 2 0 0 0 4
4486 2 0 0 2 4
4501 2 0 0 2 4
4516 2 0 0 0 4
4531 2 0 0 2 4
4546 0 0 0 2 4
4554 0 0 0 2 4
4557 0 2 0 2 4
4572 0 0 0 2 4
4587 0 0 0 0 4
4602 0 0 0 0 4
4617 0 0 0 0 4
4632 0 0 0 0 4
4647 0 0 0 0 4
4662 0 0 0 0 4
4677 0 0 0 0 4
4692 0 0 0 0 4
4707 0 0 2 0 4
4714 0 0 2 0 4
4717 0 0 2 0 4
4732 0 0 2 0 4
4747 0 0 2 0 4
4762 0 0 2 0 4
4777 0 0 2 0 4
4792 0 0 2 0 4
4807 0 0 2 0 4
4822 0 0 2 0 4
4833 0 0 2 0 4
4836 0 0 2 0 4
4851 0 0 2 0 4
4866 0 0 0 0 4
4881 0 0 2 0 4
4896 0 0 2 0 4
4911 0 0 0 0 4
4926 0 0 2 0 4
4941 0 0 2 0 4
4956 0 0 0 2 4
4971 0 0 0 2 4
4986 0 0 2 0 4
5001 0 0 2 0 4
5004 0 0 2 0 4
5019 0 0 2 0 4
5034 0 0 2 0 4
5049 0 0 2 0 4
5064 0 2 0 2 4
5079 0 2 0 2 4
5094 0 2 0 2 4
5109 0 2 0 2 4
5124 0 2 0 2 4
5139 0 2 0 2 4
5154 0 2 0 2 4
5169 0 2 0 0 4
5184 0 2 0 2 4
5199 0 0 0 0 4
5214 0 2 0 2 4
5229 0 2 0 2 4
5244 0 2 0 2 4
5259 0 2 0 2 4
5274 0 0 0 0 4
5289 0 0 0 2 4
5304 0 0 0 2 4
5319 0 0 2 0 4
5334 0 0 2 0 4
5349 0 0 2 0 4
5364 0 0 2 0 4
5379 0 0 2 0 4
5394 0 0 2 0 4
5409 0 0 2 0 4
5424 0 0 0 2 4
5439 0 0 2 0 4
5454 0 0 2 0 4
5469 0 0 0 2 4
5484 0 0 2 0 4
5499 0 0 0 2 4
5514 0 2 0 2 4
5529 0 2 2 0 4
5544 0 2 2 0 4
5559 0 2 0 2 4
5574 0 2 0 2 4
5589 0 2 0 0 4
5604 0 2 0 2 4
5619 0 2 0 2 4
5630 0 2 0 2 4
5633 0 0 0 2 4
5648 0 0 0 0 4
5663 0 0 0 2 4
5678 0 0 0 2 4
5693 0 0 2 0 4
5708 0 0 2 0 4
5723 0 0 2 0 4
5738 0 0 2 0 4
5753 0 0 2 0 4
5768 0 0 2 0 4
5783 0 0 2 0 4
5798 0 0 0 2 4
5813 0 2 2 0 4
5828 0 2 0 2 4
5844 0 2 0 2 4
5847 0 0 0 2 4
5862 0 0 0 0 4
5877 0 0 0 0 4
5892 0 0 0 0 4
5907 0 0 0 0 4
5922 0 0 0 0 4
5937 0 0 0 0 4
5952 0 0 0 0 4
5967 0 0 0 0 4
5982 0 0 0 0 4
5997 0 0 0 0 4
6012 0 0 0 0 4
6027 0 0 0 0 4
6042 0 0 0 0 4
6057 0 2 0 0 4
6072 0 0 0 0 4
6087 0 0 0 0 4
6102 0 0 0 0 4
6117 0 2 0 0 4
6132 0 2 0 0 4
6147 0 2 0 0 4
6162 0 0 0 0 4
6177 0 0 0 0 4
6192 0 0 0 0 4
6207 0 0 0 0 4
6222 0 0 0 0 4
6237 0 0 0 0 4
6251 0 0 0 0 4
6254 0 0 0 0 4
6269 0 0 0 0 4
6284 0 0 0 0 4
6299 0 0 0 0 4
6314 0 2 0 0 4
6329 0 2 0 0 4
6344 2 0 0 0 4
6359 0 2 0 2 4
6374 0 2 0 2 4
6389 0 2 0 2 4
6404 0 2 0 2 4
6407 0 2 0 2 4
6422 0 0 0 2 4
6437 0 0 2 0 4
6452 0 0 2 0 4
6467 0 0 2 0 4
6482 0 0 2 0 4
6497 0 0 2 0 4
6512 0 0 2 0 4
6518 0 0 2 0 4
6521 0 0 2 0 4
6536 0 0 0 0 4
6551 0 0 0 0 4
6566 0 0 2 0 4
6581 0 0 2 0 4
6596 0 0 0 2 4
6611 0 0 0 2 4
6626 0 0 0 2 4
6641 0 0 0 2 4
6656 0 0 0 2 4
6671 0 0 0 2 4
6686 0 0 0 2 4
6701 0 0 2 0 4
6716 0 0 0 2 4
6731 0 0 0 0 4
6746 0 0 0 2 4
6761 0 0 0 0 4
6776 0 0 0 0 4
6791 0 0 0 0 4
6806 0 0 0 0 4
6821 0 0 0 0 4
6836 0 0 2 0 4
6851 0 0 0 2 4
6866 0 0 0 2 4
6881 0 0 0 0 4
6896 0 0 0 2 4
6911 0 0 0 0 4
6926 0 0 0 0 4
6941 0 0 0 0 4
6956 0 0 0 2 4
6971 0 0 2 0 4
6986 0 0 0 2 4
7001 0 0 0 2 4
7016 0 0 0 2 4
7031 0 0 0 2 4
7046 0 0 0 0 4
7061 0 0 0 0 4
7076 0 0 0 0 4
7091 0 0 0 2 4
7106 0 0 2 0 4
7121 0 0 0 0 4
7136 0 0 0 2 4
7151 0 0 0 2 4
7166 0 0 0 0 4
7181 0 0 0 2 4
7196 0 0 0 2 4
7211 0 0 0 2 4
7226 0 0 0 0 4
7241 0 0 0 0 4
7256 0 0 0 0 4
7271 0 0 0 0 4
7286 0 0 0 0 4
7301 0 0 0 0 4
7316 0 0 2 0 4
7331 0 0 2 0 4
7346 0 0 0 0 4
7361 0 0 0 0 4
7376 0 0 0 0 4
7391 0 0 0 2 4
7406 0 0 0 2 4
7421 0 0 0 2 4
7436 0 0 0 2 4
7451 0 0 0 2 4
7466 0 0 0 2 4
7481 0 0 0 2 4
7496 0 0 0 2 4
7511 0 0 0 2 4
7526 0 0 0 2 4
7541 0 0 0 2 4
7556 0 0 2 0 4
7571 0 0 2 0 4
7586 0 0 2 0 4
7601 0 0 2 0 4
7616 0 0 0 2 4
7625 0 0 2 0 4
7628 0 0 2 0 4
7640 0 0 0 0 4
7653 0 2 2 0 4
7656 0 0 0 0 4
7671 0 2 2 0 4
7686 0 0 0 2 4
7701 0 2 0 2 4
7716 0 2 0 0 4
7731 0 2 0 0 4
7746 0 2 0 0 4
7761 0 2 0 0 4
7776 0 2 0 0 4
7791 0 2 0 0 4
7806 2 0 0 0 4
7821 2 0 0 0 4
7836 2 0 0 0 4
7851 2 0 0 2 4
7866 0 0 0 0 4
7881 2 0 0 2 4
7896 2 0 0 2 4
7911 2 0 0 0 4
7926 2 0 0 2 4
7941 0 0 0 2 4
7956 0 2 0 2 4
7971 0 0 0 0 4
7986 0 0 0 2 4
8001 0 2 0 2 4
8016 0 0 0 2 4
8031 0 0 0 2 4
8046 0 0 0 2 4
8061 0 0 0 2 4
8076 0 2 0 2 4
8091 0 2 0 2 4
8106 0 2 0 2 4
8121 0 2 0 0 4
8136 0 2 0 0 4
8151 0 2 0 0 4
8166 0 2 0 2 4
8179 0 2 0 2 4
8182 0 0 0 2 4
8197 0 0 0 2 4
8212 0 0 0 2 4
8227 0 0 0 2 4
8242 0 0 0 0 4
8257 0 0 0 0 4
8272 0 0 0 0 4
8278 0 0 0 0 4
8281 0 0 0 0 4
8296 0 0 0 0 4
8311 0 0 0 0 4
8326 0 0 0 0 4
8341 0 0 0 0 4
8356 0 0 0 0 4
8371 0 0 0 0 4
8386 0 0 0 0 4
8401 0 0 0 2 4
8416 0 0 0 2 4
8431 0 0 0 2 4
8446 0 0 0 0 4
8461 0 0 0 2 4
8476 0 0 0 2 4
8491 0 0 0 0 4
8506 0 0 2 0 4
8521 0 0 0 2 4
8536 0 0 0 2 4
8551 0 0 0 0 4
8566 0 0 0 2 4
8581 0 0 0 2 4
8596 0 0 0 2 4
8611 0 2 0 2 4
8626 0 2 0 2 4
8641 0 2 0 2 4
8656 0 2 0 2 4
8673 0 2 0 2 4
8676 0 2 0 2 4
8691 0 2 0 2 4
8706 0 2 0 0 4
8721 0 2 0 0 4
8736 0 2 0 0 4
8751 0 2 0 0 4
8766 0 0 0 0 4
8781 0 0 0 0 4
8796 0 0 0 0 4
8811 0 0 0 0 4
8826 0 0 0 0 4
8831 0 0 0 0 4
8834 0 0 0 0 4
8849 0 0 0 0 4
8864 0 0 0 0 4
8879 0 0 0 0 4
8894 0 2 0 0 4
8909 0 2 0 0 4
8924 0 0 0 0 4
8939 0 0 0 0 4
8954 0 0 0 0 4
8969 0 0 0 0 4
8984 0 0 0 0 4
8999 0 0 0 0 4
9010 0 0 0 0 4
