1 0 0 0 0 4
9 0 0 0 2 4
12 0 0 2 0 4
27 0 0 0 2 4
42 0 0 2 0 4
57 0 0 2 0 4
72 0 0 2 0 4
87 0 0 2 0 4
99 0 0 0 2 4
102 0 0 0 2 4
117 0 0 0 2 4
132 0 0 0 2 4
147 0 0 0 0 4
162 0 0 0 2 4
177 0 0 0 0 4
192 0 0 0 0 4
207 0 0 2 0 4
222 0 0 0 2 4
237 0 0 0 2 4
252 0 0 0 0 4
267 0 0 0 0 4
282 0 0 0 2 4
297 0 0 0 0 4
312 0 0 0 2 4
327 0 0 0 2 4
342 0 0 0 2 4
357 0 0 0 0 4
372 0 2 0 2 4
387 0 0 0 0 4
402 0 2 2 0 4
417 0 0 0 0 4
432 0 2 2 0 4
444 0 2 0 2 4
447 0 2 2 0 4
462 0 0 2 0 4
477 0 0 0 0 4
492 0 0 0 0 4
507 0 0 0 0 4
514 0 0 0 0 4
517 0 0 0 0 4
532 0 0 0 0 4
547 0 0 0 0 4
562 0 0 0 0 4
577 0 0 0 0 4
592 0 0 0 0 4
607 0 0 2 0 4
622 0 0 2 0 4
637 0 0 2 0 4
652 0 0 2 0 4
667 0 0 2 0 4
682 0 0 0 0 4
697 0 0 2 0 4
712 0 0 2 0 4
727 0 0 2 0 4
742 0 0 2 0 4
757 0 0 2 0 4
772 0 2 2 0 4
787 0 0 2 0 4
802 0 0 2 0 4
817 0 0 2 0 4
832 0 0 2 0 4
847 0 2 2 0 4
862 0 0 2 0 4
877 2 0 2 0 4
892 0 0 2 0 4
907 0 2 2 0 4
922 0 2 2 0 4
937 0 0 2 0 4
952 0 0 2 0 4
965 0 0 0 2 4
968 2 0 0 2 4
983 2 0 0 0 4
998 2 0 0 0 4
1013 0 0 0 0 4
1028 0 0 0 0 4
1043 0 0 0 0 4
1058 0 0 0 0 4
1073 0 0 0 0 4
1088 0 0 0 0 4
1103 0 0 0 0 4
1113 0 0 0 0 4
1116 0 0 0 0 4
1131 0 0 0 0 4
1146 0 0 0 0 4
1161 2 0 0 0 4
1176 0 0 0 2 4
1184 0 0 0 2 4
1187 0 0 0 2 4
1202 0 0 2 0 4
1217 0 0 2 0 4
1232 0 0 2 0 4
1247 0 0 2 0 4
1259 0 0 2 0 4
1262 0 0 0 0 4
1277 0 0 0 0 4
1292 0 0 0 0 4
1307 0 0 0 0 4
1322 0 0 2 0 4
1337 0 0 2 0 4
1352 0 0 2 0 4
1367 0 0 2 0 4
1382 0 0 2 0 4
1397 0 0 2 0 4
1412 0 0 2 0 4
1427 0 0 2 0 4
1442 0 0 2 0 4
1457 0 0 2 0 4
1472 0 2 2 0 4
1487 0 2 2 0 4
1490 0 2 2 0 4
1505 0 2 0 2 4
1520 2 0 0 0 4
1535 0 0 0 0 4
1550 2 0 0 0 4
1565 2 0 0 0 4
1580 0 0 0 0 4
1595 0 0 0 0 4
1610 0 0 0 0 4
1625 0 0 0 0 4
1640 0 0 0 0 4
1655 0 0 0 0 4
1665 0 0 0 0 4
1668 0 0 0 0 4
1683 0 0 0 0 4
1698 2 0 0 0 4
1713 2 0 0 0 4
1728 2 0 0 0 4
1743 2 0 0 0 4
1758 2 0 0 2 4
1777 0 2 0 2 4
1780 0 2 0 2 4
1795 0 0 0 2 4
1810 0 0 0 2 4
1825 0 0 0 2 4
1843 0 0 0 2 4
1846 0 0 0 0 4
1861 0 0 0 0 4
1876 0 0 0 0 4
1891 0 0 2 0 4
1906 0 0 0 2 4
1921 0 0 0 2 4
1936 0 0 0 2 4
1951 0 0 0 2 4
1966 0 0 0 2 4
1981 0 0 0 2 4
1996 0 0 2 0 4
2011 0 0 2 0 4
2026 0 0 2 0 4
2041 0 0 2 0 4
2056 0 0 2 0 4
2071 0 0 2 0 4
2087 0 0 0 2 4
2090 0 2 0 2 4
2105 2 0 0 2 4
2120 0 0 0 0 4
2135 2 0 0 0 4
2150 2 0 0 0 4
2165 0 0 0 0 4
2180 0 0 0 0 4
2195 0 0 0 0 4
2210 0 0 0 0 4
2225 0 0 0 0 4
2232 0 0 0 0 4
2235 0 0 0 0 4
2250 0 0 0 0 4
2265 0 0 0 0 4
2280 2 0 0 0 4
2295 0 0 0 0 4
2310 0 0 0 2 4
2327 0 0 0 2 4
2330 0 0 0 2 4
2345 0 0 0 2 4
2360 0 0 0 2 4
2370 0 0 0 0 4
2373 0 0 0 0 4
2388 0 0 0 0 4
2403 0 0 2 0 4
2418 0 0 0 2 4
2433 0 0 0 2 4
2448 0 0 0 2 4
2463 0 0 0 2 4
2478 0 0 0 2 4
2493 0 0 0 2 4
2508 0 0 2 0 4
2523 0 0 2 0 4
2538 0 0 2 0 4
2553 0 0 2 0 4
2568 0 2 2 0 4
2586 2 0 0 2 4
2589 2 0 0 2 4
2604 2 0 0 0 4
2619 2 0 0 0 4
2634 2 0 0 0 4
2649 0 0 0 0 4
2664 0 0 0 0 4
2679 0 0 0 0 4
2691 0 0 0 0 4
2694 0 0 0 0 4
2709 0 0 0 0 4
2724 0 2 0 0 4
2739 0 0 0 0 4
2754 0 0 0 0 4
2769 0 0 0 0 4
2784 0 0 0 0 4
2799 0 0 0 0 4
2814 0 0 0 0 4
2829 0 0 0 0 4
2846 0 0 0 0 4
