73 0 0 0 2 4
88 0 0 0 0 4
103 0 0 0 0 4
118 0 0 0 2 4
133 0 0 0 2 4
149 0 0 0 2 4
152 0 0 0 2 4
167 0 0 0 2 4
182 0 0 0 2 4
197 0 0 2 0 4
212 0 0 0 2 4
227 0 0 0 0 4
239 0 0 2 0 4
242 0 0 0 0 4
257 0 2 2 0 4
272 0 0 2 0 4
287 0 2 2 0 4
302 0 2 2 0 4
317 0 2 0 2 4
332 0 2 0 2 4
347 0 2 0 2 4
362 0 2 0 0 4
377 2 0 0 0 4
392 2 0 0 0 4
407 2 0 0 0 4
422 2 0 0 2 4
437 2 0 0 0 4
452 2 0 0 2 4
467 2 0 0 0 4
482 2 0 0 2 4
497 2 0 0 2 4
516 0 2 0 2 4
519 0 2 0 2 4
534 0 2 0 2 4
549 0 0 2 0 4
564 0 0 2 0 4
579 0 0 2 0 4
594 0 0 2 0 4
609 0 0 2 0 4
624 0 0 2 0 4
639 0 0 2 0 4
656 0 0 2 0 4
659 0 0 2 0 4
674 0 0 2 0 4
689 0 0 2 0 4
704 0 0 2 0 4
719 0 0 2 0 4
734 0 0 2 0 4
749 0 0 2 0 4
764 0 0 2 0 4
779 0 0 2 0 4
794 0 0 2 0 4
809 0 0 2 0 4
824 0 0 0 0 4
839 0 0 2 0 4
854 0 0 2 0 4
869 0 0 2 0 4
884 0 0 2 0 4
899 0 0 2 0 4
914 0 0 2 0 4
929 0 0 2 0 4
944 0 0 2 0 4
959 0 0 2 0 4
974 0 0 2 0 4
989 0 0 2 0 4
1004 0 0 2 0 4
1019 0 0 2 0 4
1034 0 0 2 0 4
1049 0 0 2 0 4
1064 0 0 2 0 4
1079 0 0 2 0 4
1094 0 0 2 0 4
1109 0 0 2 0 4
1124 0 0 2 0 4
1139 0 0 2 0 4
1154 0 2 2 0 4
1169 0 2 2 0 4
1184 0 2 2 0 4
1196 0 2 0 2 4
1199 0 2 0 2 4
1214 0 2 0 0 4
1229 0 2 0 0 4
1244 0 0 0 0 4
1259 2 0 0 0 4
1274 2 0 0 0 4
1289 2 0 0 0 4
1304 0 0 0 0 4
1319 0 0 0 0 4
1334 0 0 0 0 4
1349 0 0 0 0 4
1362 0 0 0 0 4
1365 0 0 0 0 4
1380 0 0 0 0 4
1395 2 0 0 0 4
1410 2 0 0 0 4
1425 2 0 0 0 4
1440 2 0 0 0 4
1455 2 0 0 2 4
1470 2 0 0 2 4
1484 0 2 0 2 4
1487 0 0 0 2 4
1502 0 2 2 0 4
1517 0 0 2 0 4
1532 0 0 2 0 4
1547 0 0 2 0 4
1562 0 0 2 0 4
1577 0 0 2 0 4
1592 0 0 2 0 4
1607 0 0 2 0 4
1622 0 0 2 0 4
1637 0 0 2 0 4
1652 0 0 2 0 4
1667 0 0 2 0 4
1682 0 0 2 0 4
1693 0 0 2 0 4
1696 0 0 2 0 4
1711 0 0 2 0 4
1726 0 0 2 0 4
1741 0 0 0 0 4
1756 0 0 0 0 4
1771 0 0 2 0 4
1786 0 0 2 0 4
1801 0 0 2 0 4
1816 0 0 2 0 4
1831 0 0 2 0 4
1846 0 0 2 0 4
1861 0 0 2 0 4
1876 0 0 2 0 4
1891 0 0 2 0 4
1906 0 0 2 0 4
1921 0 0 2 0 4
1936 0 2 2 0 4
1951 0 2 2 0 4
1966 0 2 2 0 4
1977 0 2 0 2 4
1980 0 2 0 2 4
1995 2 0 0 0 4
2010 0 2 0 0 4
2025 2 0 0 0 4
2040 2 0 0 0 4
2055 2 0 0 0 4
2070 0 0 0 0 4
2085 0 0 0 0 4
2100 0 0 0 0 4
2115 0 0 0 0 4
2130 0 0 0 0 4
2145 0 0 0 0 4
2160 0 0 0 0 4
2175 0 0 0 0 4
2186 0 0 0 0 4
2189 0 0 0 0 4
2204 0 0 0 0 4
2219 2 0 0 0 4
2234 2 0 0 0 4
2249 2 0 0 2 4
2264 2 0 0 0 4
2279 2 0 0 2 4
2294 0 2 0 2 4
2310 0 2 0 2 4
2313 0 2 0 2 4
2328 0 2 0 2 4
2343 0 0 2 0 4
2358 0 0 2 0 4
2373 0 0 2 0 4
2388 2 0 2 0 4
2403 0 0 2 0 4
2418 0 0 2 0 4
2433 0 0 2 0 4
2448 0 0 2 0 4
2463 0 0 2 0 4
2478 0 0 2 0 4
2493 0 0 2 0 4
2508 0 0 2 0 4
2521 0 0 2 0 4
2524 0 0 0 0 4
2539 0 0 0 0 4
2554 0 0 0 0 4
2569 0 0 0 0 4
2584 0 0 2 0 4
2599 0 0 2 0 4
2614 0 0 2 0 4
2629 0 0 2 0 4
2644 0 0 2 0 4
2659 0 0 2 0 4
2674 0 0 2 0 4
2689 0 0 2 0 4
2704 0 0 2 0 4
2719 0 0 2 0 4
2734 0 0 2 0 4
2749 0 0 2 0 4
2764 0 0 2 0 4
2779 0 2 2 0 4
2794 0 0 2 0 4
2809 0 2 2 0 4
2824 0 2 2 0 4
2833 0 2 0 2 4
2836 0 2 0 2 4
2851 0 2 0 0 4
2866 2 0 0 0 4
2881 2 0 0 0 4
2896 0 0 0 0 4
2911 0 0 0 0 4
2926 0 0 0 0 4
2941 0 0 0 0 4
2956 0 0 0 0 4
2975 0 0 0 0 4
2978 0 0 0 0 4
2993 0 0 0 0 4
3008 2 0 0 0 4
3023 2 0 0 0 4
3038 2 0 0 0 4
3053 2 0 0 2 4
3068 0 2 0 2 4
3075 0 2 2 0 4
3078 0 2 2 0 4
3093 0 0 2 0 4
3108 0 0 2 0 4
3123 0 0 2 0 4
3138 0 0 2 0 4
3153 0 0 2 0 4
3168 0 0 2 0 4
3183 0 0 2 0 4
3198 0 0 2 0 4
3213 0 0 2 0 4
3232 0 0 2 0 4
3235 0 0 2 0 4
3250 0 0 2 0 4
3265 0 0 0 0 4
3280 0 0 0 0 4
3295 0 0 0 0 4
3310 0 0 0 0 4
3325 0 0 0 0 4
3340 0 0 0 0 4
3355 0 0 2 0 4
3370 0 0 2 0 4
3385 0 0 2 0 4
3400 0 0 2 0 4
3415 0 0 2 0 4
3430 0 0 2 0 4
3445 0 0 2 0 4
3460 0 0 2 0 4
3475 0 0 2 0 4
3490 0 2 2 0 4
3505 0 2 2 0 4
3520 0 0 2 0 4
3535 0 0 2 0 4
3550 0 0 2 0 4
3562 0 0 0 2 4
3565 0 2 0 2 4
3580 0 0 0 0 4
3595 2 0 0 0 4
3610 0 0 0 0 4
3625 0 0 0 0 4
3640 0 0 0 0 4
3656 0 0 0 0 4
3659 0 0 0 0 4
3674 2 0 0 0 4
3689 0 0 0 0 4
3704 0 0 0 0 4
3719 0 0 0 0 4
3734 0 0 0 0 4
3749 0 0 0 0 4
3764 0 0 0 0 4
3771 0 0 0 0 4
