139 0 0 0 0 4
154 0 0 0 0 4
169 0 0 0 0 4
184 0 0 0 0 4
199 0 0 0 2 4
214 0 0 2 0 4
229 0 0 0 2 4
244 0 0 0 2 4
253 0 0 0 2 4
256 0 0 0 2 4
271 0 0 0 2 4
286 0 0 0 2 4
301 0 0 2 0 4
316 0 0 2 0 4
331 0 0 0 0 4
346 0 2 0 0 4
355 0 2 0 0 4
358 0 2 0 0 4
373 0 2 0 0 4
388 0 0 2 0 4
403 0 0 0 0 4
418 0 2 0 0 4
433 0 2 0 0 4
448 0 2 0 0 4
463 0 2 0 0 4
478 0 2 0 0 4
493 0 2 0 0 4
508 2 0 0 0 4
523 2 0 0 0 4
538 2 0 0 0 4
553 2 0 0 0 4
568 2 0 0 2 4
583 2 0 0 2 4
598 2 0 0 2 4
613 2 0 0 2 4
628 2 0 0 2 4
643 2 0 2 0 4
652 0 2 2 0 4
655 0 2 2 0 4
670 0 0 2 0 4
685 0 0 2 0 4
700 0 0 2 0 4
715 0 0 2 0 4
730 0 0 2 0 4
745 0 0 2 0 4
760 0 0 0 0 4
775 0 0 0 0 4
790 0 0 2 0 4
805 0 0 2 0 4
820 0 0 2 0 4
835 0 0 0 0 4
850 0 0 0 0 4
865 0 0 2 0 4
880 0 0 2 0 4
895 0 0 2 0 4
910 0 0 2 0 4
925 0 0 2 0 4
940 0 0 0 0 4
955 0 0 0 0 4
970 0 0 2 0 4
985 0 0 2 0 4
1000 0 0 2 0 4
1015 0 0 0 0 4
1030 0 0 2 0 4
1045 0 0 2 0 4
1060 0 0 2 0 4
1075 0 0 2 0 4
1090 0 0 2 0 4
1105 0 0 2 0 4
1120 0 0 0 0 4
1135 0 0 2 0 4
1150 0 0 2 0 4
1165 0 2 2 0 4
1180 0 2 2 0 4
1195 0 2 2 0 4
1210 0 2 2 0 4
1225 0 2 2 0 4
1240 0 2 2 0 4
1248 0 2 2 0 4
1251 0 2 0 2 4
1266 0 2 0 0 4
1281 0 2 0 0 4
1296 0 2 0 0 4
1311 0 0 0 0 4
1326 2 0 0 0 4
1341 2 0 0 0 4
1356 0 0 0 0 4
1371 0 0 0 0 4
1385 0 0 0 0 4
1388 0 0 0 0 4
1403 0 0 0 0 4
1418 2 0 0 0 4
1433 2 0 0 0 4
1448 2 0 0 0 4
1463 2 0 0 0 4
1478 0 0 0 2 4
1493 2 0 0 0 4
1508 2 0 0 2 4
1523 2 0 0 2 4
1538 2 0 0 0 4
1553 2 0 0 0 4
1568 2 0 0 2 4
1583 2 0 0 2 4
1598 2 0 0 2 4
1613 0 2 2 0 4
1618 0 2 2 0 4
1621 0 2 2 0 4
1636 0 2 2 0 4
1651 0 0 2 0 4
1666 0 0 2 0 4
1681 0 0 2 0 4
1696 0 0 2 0 4
1711 0 0 2 0 4
1726 0 2 2 0 4
1741 0 0 2 0 4
1756 0 0 2 0 4
1771 0 0 2 0 4
1786 0 0 2 0 4
1801 0 0 2 0 4
1816 0 0 2 0 4
1831 0 0 2 0 4
1846 0 0 2 0 4
1861 0 0 2 0 4
1876 0 0 2 0 4
1891 0 0 2 0 4
1906 0 0 2 0 4
1921 0 0 2 0 4
1936 0 0 2 0 4
1951 0 0 2 0 4
1966 0 0 2 0 4
1981 0 0 2 0 4
1996 0 0 2 0 4
2013 0 0 2 0 4
2016 0 0 2 0 4
2031 0 0 2 0 4
2046 0 0 2 0 4
2061 0 0 2 0 4
2076 0 0 2 0 4
2091 0 0 2 0 4
2106 0 0 2 0 4
2121 0 0 2 0 4
2136 0 0 2 0 4
2151 0 0 2 0 4
2166 0 0 2 0 4
2181 0 0 2 0 4
2196 0 2 2 0 4
2211 0 2 2 0 4
2226 0 2 2 0 4
2239 0 2 0 2 4
2242 0 2 0 2 4
2257 0 2 0 0 4
2272 2 0 0 0 4
2287 2 0 0 0 4
2302 2 0 0 0 4
2317 0 0 0 0 4
2332 0 0 0 0 4
2347 2 0 0 0 4
2362 2 0 0 0 4
2377 2 0 0 0 4
2392 2 0 0 0 4
2407 2 0 0 0 4
2422 0 0 0 0 4
2441 0 0 0 0 4
2444 0 0 0 0 4
2459 0 0 0 0 4
2474 0 0 0 0 4
2489 2 0 0 0 4
2504 2 0 0 0 4
2519 2 0 0 0 4
2534 0 0 0 0 4
2549 2 0 0 2 4
2564 2 0 0 2 4
2579 2 0 0 2 4
2594 0 0 0 2 4
2602 0 0 0 2 4
2605 0 2 0 2 4
2620 0 0 2 0 4
2635 0 0 2 0 4
2650 0 0 2 0 4
2665 0 0 2 0 4
2680 0 0 2 0 4
2695 0 0 2 0 4
2710 0 0 2 0 4
2725 0 0 2 0 4
2740 0 0 2 0 4
2755 0 0 2 0 4
2770 0 0 2 0 4
2785 0 0 2 0 4
2800 0 0 2 0 4
2815 0 0 0 0 4
2830 0 0 0 0 4
2845 0 0 0 0 4
2864 0 0 0 0 4
2867 0 0 0 0 4
2882 0 0 0 0 4
2897 0 0 0 0 4
2912 0 0 0 0 4
2927 0 0 0 0 4
2942 0 0 0 0 4
2957 0 0 0 0 4
2972 0 0 0 0 4
2987 0 0 0 0 4
3002 0 0 2 0 4
3017 0 0 2 0 4
3032 0 0 2 0 4
3047 0 0 2 0 4
3062 0 0 2 0 4
3077 0 0 2 0 4
3092 0 0 2 0 4
3107 0 0 2 0 4
3122 0 0 2 0 4
3137 0 0 2 0 4
3152 0 0 2 0 4
3167 0 0 2 0 4
3182 0 0 2 0 4
3197 0 0 2 0 4
3212 0 0 2 0 4
3227 0 0 2 0 4
3242 0 0 2 0 4
3257 0 0 2 0 4
3272 0 2 2 0 4
3287 0 0 2 0 4
3302 0 2 2 0 4
3317 0 2 2 0 4
3332 0 2 2 0 4
3344 0 2 2 0 4
3347 0 2 2 0 4
3362 0 2 0 2 4
3377 0 2 0 0 4
3392 0 2 0 0 4
3407 0 2 0 0 4
3422 2 0 0 0 4
3437 0 0 0 0 4
3452 2 0 0 0 4
3467 2 0 0 0 4
3482 2 0 0 0 4
3497 2 0 0 0 4
3512 2 0 0 0 4
3527 0 0 0 0 4
3542 0 0 0 0 4
3561 0 0 0 0 4
3564 0 0 0 0 4
3579 0 0 0 0 4
3594 2 0 0 0 4
3609 2 0 0 0 4
3624 2 0 0 0 4
3639 2 0 0 0 4
3654 2 0 0 2 4
3673 0 2 0 2 4
3676 0 2 0 2 4
3691 0 0 2 0 4
3706 0 0 2 0 4
3721 0 0 2 0 4
3736 0 0 2 0 4
3751 0 0 2 0 4
3766 0 0 2 0 4
3781 0 0 2 0 4
3791 0 0 2 0 4
3794 0 0 2 0 4
3809 0 0 2 0 4
3824 0 0 2 0 4
3839 0 0 2 0 4
3854 0 0 0 0 4
3869 0 0 2 0 4
3884 0 0 2 0 4
3899 0 0 2 0 4
3914 0 0 2 0 4
3929 0 2 2 0 4
3944 0 0 2 0 4
3959 0 0 2 0 4
3974 0 2 2 0 4
3989 0 2 2 0 4
4004 0 0 2 0 4
4023 0 2 0 2 4
4026 0 2 0 2 4
4041 0 2 0 2 4
4056 2 0 0 0 4
4071 0 0 0 0 4
4086 0 0 0 0 4
4101 0 0 0 0 4
4116 2 0 0 0 4
4131 2 0 0 0 4
4146 0 0 0 0 4
4161 2 0 0 0 4
4167 0 2 0 0 4
4170 0 0 0 0 4
4185 0 0 0 0 4
4200 0 0 0 0 4
4215 0 2 0 0 4
4230 0 0 0 0 4
4245 0 0 0 0 4
4260 0 0 0 0 4
4275 0 0 0 0 4
4282 0 0 0 0 4
