60 0 0 0 0 4
75 0 0 0 0 4
90 0 0 0 2 4
105 0 0 0 2 4
120 0 0 0 2 4
135 0 0 0 2 4
140 0 0 0 2 4
143 0 0 2 0 4
158 0 0 2 0 4
173 0 0 2 0 4
188 0 0 2 0 4
193 0 0 2 0 4
196 0 0 2 0 4
211 0 0 2 0 4
226 0 0 2 0 4
241 0 0 2 0 4
251 0 0 2 0 4
254 0 0 2 0 4
269 0 0 2 0 4
284 0 0 2 0 4
299 0 0 2 0 4
314 0 0 2 0 4
329 0 0 2 0 4
344 0 0 2 0 4
359 0 0 2 0 4
374 0 0 2 0 4
389 0 0 2 0 4
404 0 2 2 0 4
419 0 2 2 0 4
434 0 2 2 0 4
447 0 2 0 2 4
450 2 0 0 2 4
465 2 0 0 2 4
480 0 0 0 0 4
495 0 0 0 0 4
510 0 0 0 0 4
525 0 0 0 0 4
540 0 0 0 0 4
555 0 0 0 0 4
570 0 0 0 0 4
577 0 0 0 0 4
580 0 0 0 0 4
595 2 0 0 0 4
610 2 0 0 0 4
625 2 0 0 0 4
640 2 0 0 0 4
655 2 0 0 2 4
670 2 0 0 2 4
687 0 2 2 0 4
690 0 2 2 0 4
705 0 0 2 0 4
720 0 0 2 0 4
735 0 0 2 0 4
742 0 0 2 0 4
745 0 0 2 0 4
760 0 0 2 0 4
775 0 0 2 0 4
790 0 0 2 0 4
805 0 0 0 0 4
820 0 0 0 0 4
835 0 0 2 0 4
850 0 0 2 0 4
865 0 0 2 0 4
880 0 0 2 0 4
895 0 0 2 0 4
910 0 0 2 0 4
925 0 0 2 0 4
940 0 2 2 0 4
955 0 2 0 0 4
966 2 0 0 0 4
969 2 0 0 2 4
984 2 0 0 0 4
999 0 0 0 0 4
1014 0 0 0 0 4
1029 2 0 0 0 4
1044 0 0 0 0 4
1059 2 0 0 0 4
1074 2 0 0 0 4
1092 2 0 0 0 4
1095 2 0 0 0 4
1110 2 0 0 0 4
1125 2 0 0 0 4
1140 2 0 0 0 4
1155 2 0 0 0 4
1170 2 0 0 2 4
1185 2 0 0 2 4
1200 2 0 0 2 4
1215 2 0 0 2 4
1230 0 0 0 2 4
1245 0 0 0 2 4
1260 0 0 2 0 4
1265 0 0 2 0 4
1268 0 0 0 0 4
1283 0 0 2 0 4
1298 0 0 2 0 4
1313 0 0 2 0 4
1330 0 0 2 0 4
1333 0 0 2 0 4
1348 0 0 2 0 4
1363 0 0 2 0 4
1378 0 0 0 0 4
1393 0 0 2 0 4
1408 0 0 2 0 4
1423 0 0 2 0 4
1438 0 0 2 0 4
1453 0 0 2 0 4
1468 0 2 2 0 4
1483 0 2 2 0 4
1498 0 2 2 0 4
1505 0 2 0 2 4
1508 2 0 0 2 4
1523 2 0 0 2 4
1538 0 0 0 0 4
1553 0 0 0 0 4
1568 0 0 0 0 4
1583 0 0 0 0 4
1598 0 0 0 0 4
1613 2 0 0 0 4
1628 2 0 0 0 4
1643 2 0 0 0 4
1660 2 0 0 0 4
1663 2 0 0 0 4
1678 2 0 0 0 4
1693 2 0 0 0 4
1708 2 0 0 0 4
1723 2 0 0 2 4
1738 2 0 0 2 4
1753 2 0 0 2 4
1768 2 0 0 2 4
1775 0 2 2 0 4
1778 0 2 2 0 4
1793 0 0 2 0 4
1808 0 0 2 0 4
1823 0 0 2 0 4
1838 0 0 2 0 4
1848 0 0 2 0 4
1851 0 0 2 0 4
1866 0 0 2 0 4
1881 0 0 2 0 4
1896 0 0 2 0 4
1911 0 0 2 0 4
1926 0 0 2 0 4
1941 0 0 2 0 4
1956 0 0 2 0 4
1971 0 0 2 0 4
1986 0 0 2 0 4
2001 0 0 2 0 4
2016 0 2 2 0 4
2031 0 2 2 0 4
2046 0 2 2 0 4
2053 2 0 0 2 4
2056 2 0 0 0 4
2071 2 0 0 0 4
2086 0 0 0 0 4
2101 0 0 0 0 4
2116 0 0 0 0 4
2128 2 0 0 0 4
2131 2 0 0 0 4
2146 2 0 0 0 4
2161 2 0 0 2 4
2176 0 0 0 0 4
2191 2 0 0 2 4
2206 0 0 2 0 4
2221 0 0 2 0 4
2236 0 2 2 0 4
2251 0 2 2 0 4
2266 0 0 2 0 4
2281 0 0 0 2 4
2296 2 0 0 0 4
2311 2 0 0 0 4
2326 2 0 0 0 4
2341 2 0 0 0 4
2356 2 0 0 0 4
2371 2 0 0 0 4
2386 2 0 0 0 4
2401 2 0 0 0 4
2416 0 2 0 0 4
2431 0 2 0 0 4
2446 0 0 0 0 4
2461 0 0 0 0 4
2476 0 0 0 0 4
2491 0 0 0 0 4
2506 0 2 0 0 4
2521 0 0 0 0 4
2536 0 0 0 0 4
2551 0 0 0 0 4
2566 0 0 0 0 4
2573 0 0 0 0 4
